9.80205100 0.94995004 0.53700000
9.80205100 0.94995004 0.53700000
9.94605100 0.47295000 0.60900000
9.94605100 0.47295000 0.60900000
10.17795100 0.60795003 0.74295000
10.17795100 0.60795003 0.74295000
9.95100000 0.81600004 0.44400004
9.95100000 0.81600004 0.44400004
9.75705050 0.89295006 0.51600003
9.89100100 0.92400000 0.16800001
9.96705100 0.89505005 0.55605000
9.96705100 0.89505005 0.55605000
9.89805000 0.90705000 0.56805000
9.90495000 0.86400000 0.25395000
9.65400000 0.80205005 0.31005000
9.65400000 0.80205005 0.31005000
9.65400000 0.80205005 0.31005000
10.04595100 1.03605010 0.32205000
10.04595100 1.03605010 0.32205000
10.22805000 1.12305010 0.40500003
10.05405000 0.59805006 0.33600003
9.95805100 0.66495000 0.20205002
9.95805100 0.66495000 0.20205002
9.76395000 0.77505004 0.33600003
9.76395000 0.77505004 0.33600003
9.82605100 0.84000003 0.35505003
10.08705000 1.01700010 0.39105000
9.61095000 0.75105006 0.01305000
9.61095000 0.75105006 0.01305000
9.64200000 0.67500000 -0.03705000
9.93195100 0.77505004 0.09405001
10.00095100 0.71100000 0.29505002
9.80895000 0.88995004 0.19695000
9.80895000 0.88995004 0.19695000
10.17795100 1.02405000 0.45300000
10.17795100 1.02405000 0.45300000
9.90300100 1.17000010 0.48195000
9.90300100 1.17000010 0.48195000
9.90300100 1.17000010 0.48195000
9.82905000 1.02405000 0.28995000
9.88605000 1.06500000 0.23805001
9.88605000 1.06500000 0.23805001
9.94800100 1.02195000 0.23295002
9.92700000 0.87300000 0.37395000
9.92700000 0.87300000 0.37395000
10.04895000 0.95505005 0.46500003
10.06605100 0.77805007 0.48195000
10.06605100 0.77805007 0.48195000
9.97005100 0.73500000 0.45795003
9.93900000 0.70800000 0.09600000
9.88395000 0.74205005 0.42495003
9.88395000 0.74205005 0.42495003
9.88395000 0.74205005 0.42495003
9.95100000 1.31895000 0.55395000
9.95100000 1.31895000 0.55395000
10.29795100 1.54395010 1.00200010
10.29795100 1.54395010 1.00200010
10.15905100 1.17300010 0.46500003
10.15905100 1.17300010 0.46500003
9.06900000 -1.17795000 1.48605010
9.06495000 -0.34500003 0.57300000
9.06495000 -0.34500003 0.57300000
10.26195050 0.28200000 2.21400000
10.26195050 0.28200000 2.21400000
10.26195050 1.13895010 2.60895010
9.32805100 1.50300000 2.28105020
7.67100050 3.30405020 -0.31005000
7.67100050 3.30405020 -0.31005000
7.67100050 3.30405020 -0.31005000
9.35400000 0.87795000 -1.31295000
9.35400000 0.87795000 -1.31295000
10.87800000 1.56795010 0.70005006
10.87800000 1.56795010 0.70005006
9.99900100 0.97395000 1.87800010
8.52300100 2.10405020 3.30600020
8.52300100 2.10405020 3.30600020
9.11505000 1.89600010 3.24300030
9.88095100 0.36600003 1.66005000
9.98205100 -1.00095010 2.08395000
9.98205100 -1.00095010 2.08395000
9.98205100 -1.00095010 2.08395000
9.04095100 -1.84605010 1.36095010
9.29205000 -2.42400000 0.34800002
10.17105000 -3.26205020 -0.24300002
10.69800100 -1.81005010 1.38300000
10.69800100 -1.81005010 1.38300000
7.82595000 -3.10395030 5.12100030
7.82595000 -3.10395030 5.12100030
9.09795000 0.07305000 4.03395030
9.09795000 0.07305000 4.03395030
9.19905100 0.32700002 2.16600010
7.42605000 0.05205000 4.13400030
8.88000000 -1.53300010 0.51300000
8.88000000 -1.53300010 0.51300000
8.37195000 -0.40695003 4.41000030
9.45495000 -3.00600000 3.81600020
9.45495000 -3.00600000 3.81600020
9.45495000 -3.00600000 3.81600020
9.21105000 -5.14395050 4.77600000
8.95395100 -2.18400000 3.92805030
8.95395100 -2.18400000 3.92805030
8.50200100 -1.74795010 4.23000000
9.18405100 -2.32500000 3.98805020
9.59595000 -1.63995000 4.31895000
9.32100000 -0.12195001 3.58395030
9.32100000 -0.12195001 3.58395030
9.42600100 0.71805006 2.70000000
11.56005100 1.05300010 3.32295010
10.20495000 -0.70395005 -1.31595000
10.20495000 -0.70395005 -1.31595000
10.20495000 -0.70395005 -1.31595000
8.71695000 0.60000000 -1.34400010
8.71695000 0.60000000 -1.34400010
8.69100000 -1.40805010 -0.44100000
8.69100000 -1.40805010 -0.44100000
10.62795100 0.79395000 2.52300000
10.62795100 0.79395000 2.52300000
11.46195000 1.96800000 3.00195000
9.71400100 -3.63300010 4.93395040
7.39005040 1.63005010 5.42295030
7.39005040 1.63005010 5.42295030
7.15995030 1.22505010 4.92705000
9.06900000 -1.49400010 2.66895000
10.12800000 -1.75500010 1.98795010
9.85695100 -1.65705010 1.46400010
9.85695100 -1.65705010 1.46400010
9.85695100 -1.65705010 1.46400010
10.82505000 -0.79005000 2.85795020
11.99595100 -1.45095000 2.21400000
11.99595100 -1.45095000 2.21400000
10.55895000 -2.47095010 1.96500020
8.49000100 -0.30600002 4.19205000
8.49000100 -0.30600002 4.19205000
8.82705000 0.03795000 3.88500020
11.88600100 1.70895000 4.02405000
11.88600100 1.70895000 4.02405000
6.63600000 3.80700020 5.52405000
6.93495040 2.32200000 4.69995000
8.94195100 0.85200006 2.81505010
8.94195100 0.85200006 2.81505010
10.59000000 -1.02000010 0.32205000
10.59000000 -1.02000010 0.32205000
9.73995000 0.37005000 0.53700000
10.42005100 1.43400000 -1.96500020
10.42005100 1.43400000 -1.96500020
10.49895100 0.80400000 -2.26395000
10.06305000 1.58205010 -1.31100010
8.67195000 -0.16995001 -4.11300040
8.67195000 -0.16995001 -4.11300040
8.86800000 -0.51900005 -3.23400020
9.51705100 2.46600000 0.55095005
9.51705100 2.46600000 0.55095005
9.49095100 -3.06795020 -0.27900000
9.49095100 -3.06795020 -0.27900000
9.75195000 -1.34295010 0.09195001
9.75195000 -1.34295010 0.09195001
6.23595050 -3.55605000 2.73300000
9.42405000 -1.39395010 1.56195010
11.32800000 -2.72505020 1.07595000
11.32800000 -2.72505020 1.07595000
11.32800000 -2.72505020 1.07595000
8.19495000 -1.66005000 1.57695010
8.19495000 -1.66005000 1.57695010
9.43095000 -2.60100000 1.54995010
9.43095000 -2.60100000 1.54995010
9.43095000 -2.60100000 1.54995010
9.87195000 -1.57305000 4.04805040
9.87195000 -1.57305000 4.04805040
9.37095100 -1.66005000 5.60700040
9.37095100 -1.66005000 5.60700040
9.06705000 -1.64505000 6.87195000
9.57495000 -1.74600000 5.71995000
10.44195100 -0.32505003 1.43805000
10.44195100 -0.32505003 1.43805000
10.44195100 -0.32505003 1.43805000
8.83500000 -0.57900006 0.63795000
10.50600050 0.76995003 0.43905002
10.50600050 0.76995003 0.43905002
10.34295100 1.36005010 0.97800004
9.68700000 0.59805006 -1.05195010
9.68700000 0.59805006 -1.05195010
9.33300000 0.86100006 -0.73395000
8.74395100 0.26295000 -1.58595000
8.74395100 0.26295000 -1.58595000
9.05700000 0.71505004 -0.81705004
8.75295100 1.80300010 2.49600000
8.75295100 1.80300010 2.49600000
9.69900000 2.33400000 -2.30700020
11.19105100 -0.28200000 -0.74295000
8.96400100 -0.57495004 -0.98805004
8.96400100 -0.57495004 -0.98805004
7.93395040 -1.31505000 -1.34205010
11.10705100 -0.36600003 -2.05305000
11.10705100 -0.36600003 -2.05305000
8.86605100 1.20600010 0.31905000
8.86605100 1.20600010 0.31905000
11.51700000 -1.79100010 -1.90995010
9.66795100 -1.03395010 0.32595003
9.52395100 -2.25600000 -0.33795002
9.52395100 -2.25600000 -0.33795002
12.15195100 -2.22195000 -0.55905000
12.15195100 -2.22195000 -0.55905000
11.60100100 -2.00700020 0.61905000
9.26100100 -0.46695003 -0.17295001
9.26100100 -0.46695003 -0.17295001
11.79495050 -2.43495000 1.59300000
11.79495050 -2.43495000 1.59300000
11.79495050 -2.43495000 1.59300000
8.15700100 -0.05205000 0.58500004
9.35895100 1.00800000 0.52800000
9.35895100 1.00800000 0.52800000
8.82495000 -0.37800002 0.63495004
10.85805000 -2.01600000 3.78705020
10.89705100 -2.52900000 2.46495000
10.89705100 -2.52900000 2.46495000
10.89705100 -2.52900000 2.46495000
9.50295100 3.17295030 2.13195010
9.50295100 3.17295030 2.13195010
9.26100100 3.19905020 1.93605000
9.26100100 3.19905020 1.93605000
9.18900000 1.59900010 0.72195005
9.18900000 1.59900010 0.72195005
8.52795000 2.64795020 0.54195005
8.49405000 2.00100020 1.50900010
8.49405000 2.00100020 1.50900010
11.50695000 1.33800000 3.65805000
11.50695000 1.33800000 3.65805000
10.84200100 2.26695010 0.09195001
9.42900100 -0.59400004 -0.50400000
9.03600000 -2.68695020 -1.20105000
9.03600000 -2.68695020 -1.20105000
9.03600000 -2.68695020 -1.20105000
7.05705000 -3.14205030 -0.13005000
7.05705000 -3.14205030 -0.13005000
10.36005000 -2.04495000 -0.68295000
10.36005000 -2.04495000 -0.68295000
10.42695000 -6.58395050 -0.38205000
8.35995000 -7.63695050 -0.71700000
8.35995000 -7.63695050 -0.71700000
11.83305100 -6.95205000 0.29295000
14.48205100 -4.68405000 -3.72705000
6.60195000 0.03000000 -0.84405005
8.57100000 3.96495000 2.29995010
8.57100000 3.96495000 2.29995010
10.91595100 -0.40695003 2.56995000
10.43400100 -0.30900002 2.48205020
6.98295000 1.69005010 0.09900001
6.98295000 1.69005010 0.09900001
19.65000200 -3.24495000 3.37305020
19.65000200 -3.24495000 3.37305020
9.67800000 3.41505030 5.44005000
9.67800000 3.41505030 5.44005000
10.08705000 3.54600020 4.59405040
8.68395000 2.02800000 2.09100000
9.47595000 3.66600010 0.55605000
9.47595000 3.66600010 0.55605000
8.95395100 3.97500010 0.83205000
9.46005100 1.98705000 0.85095006
9.46005100 1.98705000 0.85095006
9.54795100 -0.26100000 0.80805004
9.54795100 -0.26100000 0.80805004
8.58795100 1.69305000 -1.42800010
8.58795100 1.69305000 -1.42800010
10.25505100 -0.44295000 1.72995010
10.25505100 -0.44295000 1.72995010
10.32405100 -2.36595000 -0.82500005
10.09395000 -3.10395030 -0.81705004
12.50100000 -0.16500000 1.22400010
12.50100000 -0.16500000 1.22400010
10.04595100 -0.67800003 1.74405000
10.04595100 -0.67800003 1.74405000
10.44405100 -0.61500000 1.58400010
10.44405100 -0.61500000 1.58400010
10.44405100 -0.61500000 1.58400010
11.51700000 -3.02895020 0.37395000
11.51700000 -3.02895020 0.37395000
10.66200100 -0.70905006 3.96000030
10.66200100 -0.70905006 3.96000030
8.27700000 0.31305000 0.19695000
8.27700000 0.31305000 0.19695000
8.27700000 0.31305000 0.19695000
8.19000100 -0.77295005 0.82200000
11.47095000 -0.19095000 3.02595020
8.79900100 -0.69900006 1.38495000
8.79900100 -0.69900006 1.38495000
8.79900100 -0.69900006 1.38495000
10.85595000 -0.49605003 0.65400004
10.85595000 -0.49605003 0.65400004
10.91595100 0.96405005 2.31900000
10.91595100 0.96405005 2.31900000
9.39300100 0.96705010 2.49405000
10.06995000 0.39405003 0.49605003
10.06995000 0.39405003 0.49605003
9.84300000 0.19305001 1.72005010
9.47895050 0.53295004 4.17795040
9.47895050 0.53295004 4.17795040
9.38100050 1.49100000 4.47705030
8.43705100 1.01205000 -0.66900000
8.43705100 1.01205000 -0.66900000
10.33395000 3.04605000 0.65895003
9.85695100 1.83600010 -0.34995002
9.25605000 2.60505000 1.48305010
9.25605000 2.60505000 1.48305010
12.42000100 2.75400020 0.19005000
9.37305100 5.56005050 0.48900002
10.10595000 1.19895000 0.40800002
10.10595000 1.19895000 0.40800002
10.60695100 0.93105006 -0.60705000
9.02100100 -0.88095003 0.67095006
9.18195100 -0.38505003 0.60900000
9.18195100 -0.38505003 0.60900000
6.31695030 -0.91500000 0.68595004
11.48295000 -0.84300005 2.05800000
11.48295000 -0.84300005 2.05800000
9.88395000 -0.33705002 0.87195003
11.10705100 -4.56195000 -1.59795010
11.10705100 -4.56195000 -1.59795010
13.29705000 4.07295040 6.00495050
13.29705000 4.07295040 6.00495050
13.29705000 4.07295040 6.00495050
9.03600000 0.35805002 2.16600010
9.21105000 1.33605000 3.86100030
9.21105000 1.33605000 3.86100030
9.21105000 1.33605000 3.86100030
10.60200000 -0.86205006 2.50305000
8.14695100 -0.82800007 2.54895020
10.02495000 -0.73005000 0.26205000
10.02495000 -0.73005000 0.26205000
10.02495000 -0.73005000 0.26205000
8.74605100 -0.49305000 -0.93495005
8.74605100 -0.49305000 -0.93495005
11.28900050 -0.78795004 2.59695000
10.14000000 1.32105000 3.74205020
8.89905100 0.14100000 0.84795004
8.89905100 0.14100000 0.84795004
8.93295000 -0.61995006 2.63295000
8.93295000 -0.61995006 2.63295000
8.83695000 -0.64200000 -1.76400000
8.83695000 -0.64200000 -1.76400000
11.15805100 0.73905003 0.55395000
11.15805100 0.73905003 0.55395000
11.15805100 0.73905003 0.55395000
9.94800100 5.04300000 1.47795010
9.25605000 2.79195020 -0.48195000
9.25605000 2.79195020 -0.48195000
9.25605000 2.79195020 -0.48195000
7.14600040 -0.55995005 -1.48995010
7.49295040 -0.44295000 3.18405000
5.98500000 -0.26805001 1.43295000
5.98500000 -0.26805001 1.43295000
12.26700000 -1.83705010 1.39695010
12.14205100 -1.75800010 1.30800010
9.42600100 -4.07595000 -0.55395000
9.42600100 -4.07595000 -0.55395000
8.25495100 0.48495004 0.76695000
11.87895000 -3.46500020 -0.05805000
11.87895000 -3.46500020 -0.05805000
9.85005100 -0.52695000 -1.02300000
9.85005100 -0.52695000 -1.02300000
9.85005100 -0.52695000 -1.02300000
7.58400060 1.22805010 -0.26400000
9.73995000 -0.24195000 0.63300000
9.73995000 -0.24195000 0.63300000
12.47295100 -1.45395000 -0.20400001
10.06095000 1.17795000 -0.17100000
10.06095000 1.17795000 -0.17100000
10.56105000 0.57195000 0.76005006
10.56105000 0.57195000 0.76005006
10.56105000 0.57195000 0.76005006
10.35495100 2.10705020 2.82000020
10.35495100 2.10705020 2.82000020
10.35495100 2.10705020 2.82000020
9.93600100 0.96705010 1.36095010
9.47400000 2.78505020 1.90005000
9.47400000 2.78505020 1.90005000
9.47400000 2.78505020 1.90005000
11.40900000 -0.47895002 0.12300000
11.40900000 -0.47895002 0.12300000
10.41105100 1.63305010 1.85895010
10.79595100 0.54495000 1.91895010
9.99105100 0.99300003 -0.03900000
9.99105100 0.99300003 -0.03900000
9.69900000 -0.96495000 -0.04905000
9.69900000 -0.96495000 -0.04905000
13.43295100 -0.04005000 1.24800000
13.43295100 -0.04005000 1.24800000
8.90205000 -1.11600000 -0.82500005
8.90205000 -1.11600000 -0.82500005
10.12995100 -0.33000000 -0.77400005
10.12995100 -0.33000000 -0.77400005
9.92400100 -2.40900020 -0.59205000
9.92400100 -2.40900020 -0.59205000
10.07805100 -3.10395030 -1.02300000
7.07700000 0.67200005 -1.42305000
10.73400000 -1.45095000 0.20400001
10.73400000 -1.45095000 0.20400001
11.15805100 -2.95800020 0.90105003
11.15805100 -2.95800020 0.90105003
8.44905000 -0.79005000 2.80500000
8.44905000 -0.79005000 2.80500000
9.10305000 0.09000000 2.90295000
9.10305000 0.09000000 2.90295000
9.10305000 0.09000000 2.90295000
14.60205100 -5.98305030 3.07095000
9.37605000 0.06900001 2.21805000
9.37605000 0.06900001 2.21805000
7.13205050 -0.19395001 1.30395010
8.81100100 2.57400010 2.90100000
8.81100100 2.57400010 2.90100000
10.10895100 1.61805010 2.18700000
10.10895100 1.61805010 2.18700000
9.18195100 -0.12195001 1.12605000
9.18195100 -0.12195001 1.12605000
9.18195100 -0.12195001 1.12605000
10.36995000 -0.05505000 2.14905000
10.36995000 -0.05505000 2.14905000
7.78800060 2.58600020 3.97200010
10.73895100 1.06305000 0.04905000
10.73895100 1.06305000 0.04905000
10.73895100 1.06305000 0.04905000
11.72295100 2.82105020 2.01495000
9.96705100 0.27495003 -0.06300000
9.96705100 0.27495003 -0.06300000
10.13295100 -0.09600000 -0.38205000
7.89105030 -0.63405000 -1.71105000
11.12700100 -0.31800002 0.60405004
11.12700100 -0.31800002 0.60405004
8.65995000 2.22195000 1.15695000
8.65995000 2.22195000 1.15695000
8.26005100 0.86400000 1.41105010
10.08195000 -2.74005000 1.82805010
9.80700000 -1.93995010 1.16205000
10.10895100 -2.31795000 -0.73605000
10.10895100 -2.31795000 -0.73605000
11.14305000 -4.15995030 -0.49695003
11.14305000 -4.15995030 -0.49695003
12.12495000 -4.21005000 0.03900000
12.12495000 -4.21005000 0.03900000
8.15700100 1.05795000 -0.10395000
7.57005020 1.61100010 -0.95595000
9.39000000 -2.32305000 2.98695020
13.84995100 -4.07100000 2.33805010
13.84995100 -4.07100000 2.33805010
9.94800100 1.09605000 4.17795040
9.94800100 1.09605000 4.17795040
10.22595000 -0.54600000 0.16800001
10.22595000 -0.54600000 0.16800001
10.22595000 -0.54600000 0.16800001
9.71400100 -1.21395000 3.61005020
9.71400100 -1.21395000 3.61005020
9.15600000 0.19605000 1.18605000
9.15600000 0.19605000 1.18605000
9.15600000 0.19605000 1.18605000
10.37505100 0.52395004 -0.94395006
10.37505100 0.52395004 -0.94395006
11.84805000 3.48600000 0.91995007
11.84805000 3.48600000 0.91995007
11.25405000 1.23705000 1.31100010
11.25405000 1.23705000 1.31100010
9.75195000 0.30300000 -0.95895004
9.34005100 -2.30100000 -1.54305000
9.34005100 -2.30100000 -1.54305000
9.34005100 -2.30100000 -1.54305000
12.75000100 2.16405000 0.25005000
12.75000100 2.16405000 0.25005000
9.31095000 -0.48105000 1.47795010
9.31095000 -0.48105000 1.47795010
8.27205100 -0.77100000 0.90795004
8.27205100 -0.77100000 0.90795004
8.27205100 -0.77100000 0.90795004
10.35795000 -2.95500020 -0.42705002
9.75705050 -3.15195010 -1.34205010
9.75705050 -3.15195010 -1.34205010
9.15300100 -3.90105000 -1.38000010
11.80395000 0.42300000 1.67205010
11.00400100 -2.60595000 1.39905010
11.00400100 -2.60595000 1.39905010
10.41105100 -1.67895010 2.19900010
9.00495100 -0.28695002 2.87700000
9.14100100 -0.87405000 2.99895020
6.72000030 1.14600000 0.74505000
6.72000030 1.14600000 0.74505000
6.72000030 1.14600000 0.74505000
9.86895100 1.35705010 1.27500010
9.86895100 1.35705010 1.27500010
8.94000100 1.65195010 1.77495000
11.25105100 -0.69900006 3.63105000
10.48695100 -0.72795004 2.61405010
10.48695100 -0.72795004 2.61405010
9.63195000 0.14805001 1.31505000
10.20495000 2.08095000 1.81800010
10.13505100 0.70605004 1.06200000
10.13505100 0.70605004 1.06200000
9.64200000 0.45405003 0.06000000
9.64200000 0.45405003 0.06000000
9.55095000 3.79095030 -1.74705000
10.06800100 1.68495010 0.96600000
10.06800100 1.68495010 0.96600000
10.03005000 1.13205000 -2.34105010
10.03005000 1.13205000 -2.34105010
9.81195100 0.26700002 0.41700003
9.81195100 0.26700002 0.41700003
8.98500100 -0.55500000 1.86600000
8.98500100 -0.55500000 1.86600000
8.98500100 -0.55500000 1.86600000
10.88205050 1.16805000 1.77300010
10.10895100 0.62700003 0.08895000
10.10895100 0.62700003 0.08895000
10.10895100 0.62700003 0.08895000
9.77100100 0.07800000 0.24495001
11.31795000 -0.67800003 0.19200000
11.31795000 -0.67800003 0.19200000
9.96705100 1.07700000 1.02795000
10.61205000 1.82895000 -0.06495000
10.61205000 1.82895000 -0.06495000
11.29395000 -0.49995002 -2.09595010
7.42200040 5.08395000 -0.92295000
7.42200040 5.08395000 -0.92295000
11.47095000 2.73900000 4.83900000
11.47095000 2.73900000 4.83900000
9.10005000 1.73295010 2.28105020
9.10005000 1.73295010 2.28105020
15.62700100 -5.01495030 -2.81700020
15.62700100 -5.01495030 -2.81700020
11.11005000 -1.50105010 0.46500003
11.40405100 2.78505020 3.22695020
8.92095100 -2.37795020 0.69495004
8.92095100 -2.37795020 0.69495004
8.92095100 -2.37795020 0.69495004
10.62405000 -0.97200006 1.36800000
10.62405000 -0.97200006 1.36800000
10.05600100 1.84095010 4.16805030
10.05600100 1.84095010 4.16805030
9.19395100 0.02595000 1.32300010
9.19395100 0.02595000 1.32300010
8.77005000 3.35505000 -0.67095006
12.85800100 2.94495000 -2.76195000
12.85800100 2.94495000 -2.76195000
8.88495100 3.30195020 -2.38905000
8.88495100 3.30195020 -2.38905000
9.47205100 3.10095020 -1.56495010
9.70605100 0.39705002 1.56195010
9.46695000 -0.76605004 1.68405010
9.46695000 -0.76605004 1.68405010
8.10405100 -0.22995001 0.42705002
12.24705000 -2.63205000 -0.47700003
10.00095100 -0.98400000 -1.14795000
10.00095100 -0.98400000 -1.14795000
11.08605100 -0.30405003 -2.23995020
7.80000000 -0.23205002 -2.33100000
7.80000000 -0.23205002 -2.33100000
12.19005000 1.84800000 5.22705030
12.19005000 1.84800000 5.22705030
13.95300100 1.62300000 8.16000100
9.65100000 -2.48100020 0.59205000
9.65100000 -2.48100020 0.59205000
9.14805000 -0.56700003 2.59695000
9.14805000 -0.56700003 2.59695000
8.92095100 -1.15200010 4.13895030
8.72205100 -2.62905000 2.19705000
8.72205100 -2.62905000 2.19705000
8.19300100 0.09495001 3.67695020
8.19300100 0.09495001 3.67695020
9.93900000 -1.50405000 3.61905030
9.93900000 -1.50405000 3.61905030
10.09395000 -1.24305010 3.85695030
8.87100000 -1.90395010 4.49100000
9.43095000 0.03495000 5.60295000
9.43095000 0.03495000 5.60295000
9.43095000 0.03495000 5.60295000
9.96705100 -0.70905006 2.23995020
9.96705100 -0.70905006 2.23995020
9.02895100 -0.13395001 -1.51005000
9.02895100 -0.13395001 -1.51005000
10.10400000 0.30600002 2.34495020
10.10400000 0.30600002 2.34495020
10.35795000 0.16500000 2.26605000
9.34500000 3.97695020 -0.34800002
9.34500000 3.97695020 -0.34800002
9.88800050 1.85805010 -0.61605000
9.88800050 1.85805010 -0.61605000
10.39095000 1.06995010 -0.82695000
8.80305000 -1.85100010 -1.51905010
17.10195200 4.98795030 1.47405000
17.10195200 4.98795030 1.47405000
13.90695100 0.89700000 -0.58500004
8.71200100 0.19995001 -0.22395001
10.06995000 -1.85100010 0.52500004
10.06995000 -1.85100010 0.52500004
10.06995000 -1.85100010 0.52500004
9.07905000 -4.33200030 -0.88200000
9.07905000 -4.33200030 -0.88200000
8.76300050 -4.90500000 -0.31695002
9.86700100 -5.43600030 0.38595003
12.70305100 -5.17095040 -2.08005000
12.70305100 -5.17095040 -2.08005000
10.44405100 1.44105000 -1.42305000
9.00000000 0.79905003 -1.92405010
6.21195030 0.19995001 1.94295010
8.15400000 -0.17205001 4.00305030
8.15400000 -0.17205001 4.00305030
9.01200000 0.22395001 2.44605020
9.01200000 0.22395001 2.44605020
7.06500050 3.91695020 3.63105000
7.06500050 3.91695020 3.63105000
7.74705030 1.33995010 2.30505010
7.71105050 -0.17205001 2.80995000
10.13295100 0.74595004 0.45105000
10.13295100 0.74595004 0.45105000
10.50600050 -0.23895001 3.71805020
9.88395000 -1.74795010 3.90405000
9.88395000 -1.74795010 3.90405000
9.74505000 -1.89195010 3.61500020
9.56700000 -1.00800000 0.48195000
9.88800050 1.95105000 1.65300010
9.88800050 1.95105000 1.65300010
10.14000000 1.20405010 1.46400010
10.58505100 1.92705010 -1.30800010
10.55895000 2.77695010 -0.60195005
10.55895000 2.77695010 -0.60195005
10.92495100 2.29800000 -1.13400010
10.92495100 2.29800000 -1.13400010
10.04400100 2.89695020 -1.51395010
7.74000020 -0.57195000 0.55395000
7.99200060 1.31205010 -0.74295000
8.76300050 0.08805001 0.30000000
8.76300050 0.08805001 0.30000000
10.99200100 1.00005010 0.21105000
10.99200100 1.00005010 0.21105000
8.15895100 -0.28995000 -1.00905000
8.15895100 -0.28995000 -1.00905000
9.15300100 1.64700010 -2.02200000
9.15300100 1.64700010 -2.02200000
9.09600100 0.99300003 -1.79895010
10.99200100 -0.91500000 -2.03700020
8.61195100 -3.74595020 -2.34105010
8.61195100 -3.74595020 -2.34105010
10.03005000 -1.95900010 -2.29500000
11.64600100 -2.34900020 -2.53695000
9.72105000 -0.90705000 1.82295010
9.58905000 -0.86205006 1.90695010
9.58905000 -0.86205006 1.90695010
9.58905000 -0.86205006 1.90695010
9.21495100 -0.07200000 1.07805000
6.90405040 0.74205005 1.02600000
6.90405040 0.74205005 1.02600000
7.49295040 1.14900000 0.85095006
10.80600100 -1.31505000 3.18795010
10.80600100 -1.31505000 3.18795010
10.86105100 -1.95195010 1.12095010
10.48500100 -1.48695000 1.25100000
8.71995100 -1.45095000 1.38495000
8.71995100 -1.45095000 1.38495000
9.15795000 -1.59705010 2.43900010
10.68795000 -1.78905010 2.66100000
8.74800000 -1.14000010 1.40895010
10.11105100 -0.07395000 0.95100003
10.11105100 -0.07395000 0.95100003
10.16400050 -0.42405003 1.25295010
9.17505100 0.08505000 0.10395000
9.17505100 0.08505000 0.10395000
9.48795000 -0.13605000 1.11405000
11.30100100 4.43205000 1.24395000
11.29905000 2.33895020 1.01400000
11.29905000 2.33895020 1.01400000
9.69195100 -0.06705000 0.72600000
10.55895000 -1.18800010 0.21600000
10.55895000 -1.18800010 0.21600000
7.45695000 -1.56600010 -1.42095000
7.45695000 -1.56600010 -1.42095000
12.10095000 -0.50295000 1.12395000
12.10095000 -0.50295000 1.12395000
10.65195100 -1.11105000 0.40305000
10.65195100 -1.11105000 0.40305000
10.28100000 -0.87405000 0.69495004
10.28100000 -0.87405000 0.69495004
10.28100000 -0.87405000 0.69495004
10.14705100 -1.82700010 1.64805010
10.14705100 -1.82700010 1.64805010
11.32305050 -2.02395000 -0.84405005
11.32305050 -2.02395000 -0.84405005
9.01200000 -0.73005000 0.39300000
9.01200000 -0.73005000 0.39300000
8.99700100 -1.21200000 1.87800010
7.76400040 0.72705000 2.34105010
7.76400040 0.72705000 2.34105010
17.23905000 -8.70300000 -1.33500000
17.23905000 -8.70300000 -1.33500000
15.40905100 -4.65600000 0.75495005
12.30705100 2.43300000 2.76900000
9.22995100 -1.70505010 3.12405010
9.22995100 -1.70505010 3.12405010
9.22995100 -1.70505010 3.12405010
9.11700100 1.33095000 2.95605020
8.77005000 1.69995010 4.14600040
8.77005000 1.69995010 4.14600040
8.64300100 2.92605020 4.55595000
9.75195000 2.56695000 2.20200010
9.75195000 2.56695000 2.20200010
10.36305000 -2.23395010 -2.94900010
9.00705050 -1.31205010 -5.44200040
13.90695100 2.61705020 3.28200000
13.90695100 2.61705020 3.28200000
8.97300100 0.65805006 -1.99800010
7.04100040 1.06305000 -3.22005000
6.63795040 1.23000000 -2.94705000
9.54105100 -0.01395000 -3.09495020
9.54105100 -0.01395000 -3.09495020
10.45095100 -0.69705003 0.30000000
10.45095100 -0.69705003 0.30000000
11.29695000 -1.41795000 -0.18495001
11.29695000 -1.41795000 -0.18495001
10.58805100 -1.40295000 -0.11805001
10.40295000 -1.55700000 -0.90795004
9.69000100 -3.97800020 -0.97800004
9.69000100 -3.97800020 -0.97800004
10.34595000 -2.04000020 0.41700003
10.89900000 -3.85800030 0.14895001
10.89900000 -3.85800030 0.14895001
9.10305000 -4.56000040 4.20105030
9.10305000 -4.56000040 4.20105030
7.86900040 -2.07900000 2.82195020
7.86900040 -2.07900000 2.82195020
8.26005100 -1.20405010 2.95800020
17.47095100 -4.09005000 -1.33995010
8.85900000 2.02995010 2.71200010
8.85900000 2.02995010 2.71200010
9.19095000 -0.60795003 1.28205000
9.19095000 -0.60795003 1.28205000
10.49205000 -2.64405010 2.74305000
7.92405030 -0.94800010 6.69000050
7.85295060 -1.07805000 6.29505000
7.85295060 -1.07805000 6.29505000
9.28500100 -2.14800000 2.52495000
9.28500100 -2.14800000 2.52495000
10.71900100 1.89795000 1.01100000
10.71900100 1.89795000 1.01100000
8.72400000 1.07700000 0.43200000
8.72400000 1.07700000 0.43200000
8.42505100 0.56205004 0.65700000
11.23005000 2.01795000 3.34605030
10.87305100 2.49705000 0.90600000
8.63805000 -1.98495010 -1.32000000
8.37705000 -1.71495010 -0.76500005
10.15905100 -1.00800000 0.12795001
9.09795000 -0.40905002 -1.14600000
9.68700000 -0.52200000 2.55795000
14.14005100 -3.97500010 -0.47505003
10.22805000 1.71195010 3.83700010
10.22805000 1.71195010 3.83700010
8.64495100 -0.93105006 2.70495000
8.64495100 -0.93105006 2.70495000
9.37095100 -1.54200000 2.33295000
10.19295000 -2.53605000 1.44495010
10.19295000 -2.53605000 1.44495010
10.89405100 -1.16400000 2.58495020
10.89405100 -1.16400000 2.58495020
8.64300100 -2.87595000 -2.47500010
8.64300100 -2.87595000 -2.47500010
9.72600100 -0.47895002 0.01995000
9.72600100 -0.47895002 0.01995000
9.63705100 -0.32505003 0.35700002
9.64905100 0.01800000 1.52895010
8.29605000 -0.35895002 -0.55200005
8.29605000 -0.35895002 -0.55200005
8.44695000 -0.63705003 -0.88905007
8.45595100 -2.62500020 -0.19005000
8.45595100 -2.62500020 -0.19005000
10.85805000 -0.38505003 -0.55605000
10.85805000 -0.38505003 -0.55605000
9.09795000 -0.68700004 -0.29100000
9.09795000 -0.68700004 -0.29100000
9.09795000 -0.68700004 -0.29100000
10.63800050 -0.86895007 -1.56705010
10.63800050 -0.86895007 -1.56705010
10.63800050 -0.86895007 -1.56705010
10.75095100 -2.44305010 -2.12295000
10.03005000 1.00500000 1.65600010
8.57805100 -5.28105000 -0.30495003
9.38805000 0.67905000 0.84405005
9.38805000 0.67905000 0.84405005
10.83195000 0.33000000 0.80100006
8.95005000 -1.22400010 1.02105010
8.95005000 -1.22400010 1.02105010
11.69895100 -2.23005000 2.51805020
10.91100000 -0.33000000 3.64305020
10.91100000 -0.33000000 3.64305020
10.91100000 -0.33000000 3.64305020
8.14695100 -0.58200000 3.37500020
8.14695100 -0.58200000 3.37500020
10.22400100 0.50505000 2.40300000
10.22400100 0.50505000 2.40300000
9.08100000 -0.24600000 2.19405000
9.08100000 -0.24600000 2.19405000
9.08100000 -0.24600000 2.19405000
10.41795100 -1.23300000 0.43905002
10.97295100 4.35300000 1.24395000
10.97295100 4.35300000 1.24395000
10.04595100 2.99505020 -0.57600003
9.83595100 1.28295000 -0.55605000
9.83595100 1.28295000 -0.55605000
8.39205100 1.20195010 -0.59205000
8.39205100 1.20195010 -0.59205000
8.39205100 1.20195010 -0.59205000
7.51305060 2.81805010 -3.18600000
7.51305060 2.81805010 -3.18600000
10.13505100 -0.03795000 -2.14395000
10.13505100 -0.03795000 -2.14395000
10.79100000 -0.41205000 -1.75395010
10.56405100 6.09705000 -0.82695000
13.25295100 4.66500040 -1.76805010
7.07205060 0.22005000 -0.66900000
7.07205060 0.22005000 -0.66900000
10.68405100 -1.26705000 1.26495000
10.68405100 -1.26705000 1.26495000
8.07300000 -3.61605020 -1.14300000
8.07300000 -3.61605020 -1.14300000
8.84400100 -4.14105030 -1.79700000
9.80505100 -4.75395000 -1.90995010
9.80505100 -4.75395000 -1.90995010
11.58405000 2.83500000 2.33100000
9.55995100 -1.98300000 2.77605000
9.55995100 -1.98300000 2.77605000
10.44600000 0.43005002 3.52605000
9.45495000 1.05795000 3.88305020
9.45495000 1.05795000 3.88305020
8.43195100 0.79905003 3.18600000
7.72995040 -0.16500000 1.81605000
10.14000000 -0.58395004 3.87300010
10.14000000 -0.58395004 3.87300010
10.14000000 -0.58395004 3.87300010
8.84205100 -3.04905000 3.27195020
8.84205100 -3.04905000 3.27195020
8.77500100 1.45500000 2.32605000
8.77500100 1.45500000 2.32605000
10.37895000 1.98495010 1.67700000
10.37895000 1.98495010 1.67700000
10.68405100 3.23505020 0.89895004
10.68405100 3.23505020 0.89895004
10.32195100 3.26805020 0.67395000
10.44405100 -3.03705020 -0.14700000
8.90595100 4.05195000 -0.59505004
8.90595100 4.05195000 -0.59505004
8.05095000 4.41795000 1.67505000
9.16695000 3.46995020 -1.49805010
8.70495000 0.94005007 -2.42505000
8.70495000 0.94005007 -2.42505000
9.05295100 -1.82700010 0.05295000
10.62600000 -0.03600000 -0.08895000
10.62600000 -0.03600000 -0.08895000
8.05605000 0.97605000 0.97305006
8.05605000 0.97605000 0.97305006
8.05605000 0.97605000 0.97305006
10.09395000 -0.96495000 0.28800002
10.09395000 -0.96495000 0.28800002
11.14605000 -1.59495010 -0.60405004
11.14605000 -1.59495010 -0.60405004
8.87505100 -4.00200030 -1.19400000
8.87505100 -4.00200030 -1.19400000
8.84700000 -4.76595000 -0.85800004
8.84700000 -4.76595000 -0.85800004
9.47400000 -1.08495010 0.23505001
9.47400000 -1.08495010 0.23505001
10.25205000 -2.04300000 0.06495000
10.25205000 -2.04300000 0.06495000
8.77695100 -0.03105000 -0.54705000
8.77695100 -0.03105000 -0.54705000
8.01495100 0.26295000 -0.85605000
8.02695100 -0.02595000 0.72600000
10.48695100 -0.57000005 2.55795000
10.48695100 -0.57000005 2.55795000
8.02005000 -0.14805001 1.25595010
11.12700100 0.87600005 2.00295020
11.12700100 0.87600005 2.00295020
8.40795000 0.42105000 2.99895020
8.40795000 0.42105000 2.99895020
8.40795000 0.42105000 2.99895020
9.83595100 0.48105000 2.82705020
10.16595100 0.02805000 2.64495020
9.91500100 0.80205005 1.03800010
9.80205100 -0.61305004 -0.60900000
9.80205100 -0.61305004 -0.60900000
9.49605100 -0.43305000 -0.44895002
8.68800100 -3.36000010 -2.71200010
10.72200000 1.62495000 1.29600000
10.72200000 1.62495000 1.29600000
10.72200000 1.62495000 1.29600000
8.95395100 0.43305000 0.20400001
8.95395100 0.43305000 0.20400001
9.88605000 -1.25205000 -0.42900002
9.42900100 -2.59605000 0.53205000
9.45195000 -0.08100000 1.05000010
9.45195000 -0.08100000 1.05000010
8.18100100 1.02705000 -0.27405003
8.18100100 1.02705000 -0.27405003
6.93105030 -1.28100000 -0.63795000
10.28805100 -1.77000010 0.21405001
10.28805100 -1.77000010 0.21405001
10.58505100 -1.38195000 0.15600000
10.03695000 -0.47895002 0.33405003
9.26595000 -1.63605010 -0.28095000
9.26595000 -1.63605010 -0.28095000
9.60795000 4.24605040 7.99500040
9.60795000 4.24605040 7.99500040
10.64805000 0.58800000 4.84800000
10.64805000 0.58800000 4.84800000
9.87900100 -1.56795010 1.60800000
7.77795030 0.34905002 2.51295020
7.77795030 0.34905002 2.51295020
7.77795030 0.34905002 2.51295020
7.80000000 1.14900000 -0.11805001
7.80000000 1.14900000 -0.11805001
10.05600100 2.10195020 0.99495006
10.05600100 2.10195020 0.99495006
10.36695000 1.04295000 4.08195000
10.36695000 1.04295000 4.08195000
10.36695000 1.04295000 4.08195000
8.78400000 2.51595020 2.83605000
8.78400000 2.51595020 2.83605000
9.08100000 1.55100010 1.75395010
10.48695100 1.27305010 1.43295000
10.48695100 1.27305010 1.43295000
10.48695100 1.27305010 1.43295000
9.74205000 -2.38005020 2.35995000
9.74205000 -2.38005020 2.35995000
10.89405100 1.13895010 -0.45300000
10.89405100 1.13895010 -0.45300000
9.26805000 0.04200000 -0.07995001
7.87395050 1.52505000 0.68595004
7.87395050 1.52505000 0.68595004
8.17095000 0.77805007 1.56495010
8.17095000 0.77805007 1.56495010
9.40500100 -0.01695000 1.62900010
7.61295030 2.30595020 -0.69795000
10.87995100 1.13700010 1.10505010
10.87995100 1.13700010 1.10505010
10.16895000 0.09495001 1.59600010
10.16895000 0.09495001 1.59600010
10.24995000 -0.31605002 1.55505000
9.09795000 -1.54500010 0.24495001
9.09795000 -1.54500010 0.24495001
10.50600050 -1.15905010 1.61505010
10.50600050 -1.15905010 1.61505010
9.46695000 -1.24305010 1.42800010
10.74300100 -1.36995000 1.29900000
8.76000000 0.40395000 -0.90795004
8.76000000 0.40395000 -0.90795004
13.46205000 1.38105010 4.32405040
13.46205000 1.38105010 4.32405040
13.46205000 1.38105010 4.32405040
9.33495000 -1.81305000 2.13705020
9.33495000 -1.81305000 2.13705020
8.29995100 -0.03795000 4.42695000
7.02900030 0.01605000 5.10900000
7.02900030 0.01605000 5.10900000
7.02900030 0.01605000 5.10900000
9.50805100 0.31800002 4.24005030
8.32005000 -1.95405010 3.06405020
8.32005000 -1.95405010 3.06405020
9.19095000 -0.47895002 6.29700040
9.77295000 -0.19395001 5.90205050
9.77295000 -0.19395001 5.90205050
9.03600000 -0.47895002 5.37000040
9.03600000 -0.47895002 5.37000040
9.03105100 0.02595000 4.70895000
9.30600100 0.07800000 2.62800000
9.30600100 0.07800000 2.62800000
9.79695000 1.99905010 3.74205020
9.79695000 1.99905010 3.74205020
10.08495000 1.82400010 3.70800020
11.68500000 -0.09300000 -0.10395000
11.68500000 -0.09300000 -0.10395000
8.68095000 1.14900000 -3.33195020
8.68095000 1.14900000 -3.33195020
6.27705050 1.74795010 -5.83500050
6.27705050 1.74795010 -5.83500050
9.17505100 -1.65495000 -5.09700000
9.17505100 -1.65495000 -5.09700000
9.36900000 -1.03395010 -4.24695000
9.86895100 0.36600003 -0.48195000
12.97095100 -1.02705000 1.78305010
12.97095100 -1.02705000 1.78305010
12.97095100 -1.02705000 1.78305010
8.27205100 -0.14595000 0.19005000
8.78205000 1.36395000 -0.83895004
9.32805100 1.67805000 -1.22505010
8.86095000 -1.71195010 -2.25900000
8.86095000 -1.71195010 -2.25900000
10.73895100 1.94400010 1.33200000
10.73895100 1.94400010 1.33200000
7.96995000 -0.05205000 4.56795020
7.96995000 -0.05205000 4.56795020
7.96995000 -0.05205000 4.56795020
11.90700100 -3.81000020 0.80295000
11.90700100 -3.81000020 0.80295000
9.54795100 0.40605003 3.19605020
10.00800000 -1.24800000 4.07205000
9.72600100 1.92705010 5.76300050
10.05405000 0.45405003 3.38505000
10.05405000 0.45405003 3.38505000
7.97505040 2.32995000 3.36105010
8.01105000 2.25105000 2.70495000
9.07200050 1.28805000 2.17800020
6.22905000 1.37595010 0.52995000
6.22905000 1.37595010 0.52995000
6.22905000 1.37595010 0.52995000
9.93600100 1.53000010 0.85800004
9.93600100 1.53000010 0.85800004
9.68700000 1.59705010 1.35405000
9.60795000 3.19905020 -0.57600003
5.15595000 2.93100020 -2.19195000
5.15595000 2.93100020 -2.19195000
11.06205100 0.56205004 2.02905000
11.06205100 0.56205004 2.02905000
11.35695100 4.27200030 1.05705010
11.13900100 0.21705002 3.19800020
11.13900100 0.21705002 3.19800020
11.79195000 -1.28805000 2.19000000
11.79195000 -1.28805000 2.19000000
8.71005100 -1.35300000 1.35600010
8.71005100 -1.35300000 1.35600010
9.32595100 -0.78300005 1.71495010
9.82395100 0.93300000 2.17305020
9.37605000 -2.02800000 0.86505000
9.37605000 -2.02800000 0.86505000
8.31495000 -3.28800000 -0.92805004
8.31495000 -3.28800000 -0.92805004
9.64395000 -0.49995002 0.30195000
9.64395000 -0.49995002 0.30195000
8.88195000 -0.82395005 2.07705020
8.88195000 -0.82395005 2.07705020
8.88195000 -0.82395005 2.07705020
8.12295100 -0.67005000 2.82705020
9.07395100 -0.23895001 2.17095020
9.07395100 -0.23895001 2.17095020
10.11105100 1.06005000 3.48795000
10.11105100 1.06005000 3.48795000
10.11105100 1.06005000 3.48795000
9.75405000 -0.63705003 3.12900020
9.75405000 -0.63705003 3.12900020
9.07395100 -1.38405000 2.29005000
9.07395100 -1.38405000 2.29005000
10.40595100 -0.24195000 4.83105040
10.40595100 -0.24195000 4.83105040
9.22995100 -0.71100000 5.23095040
9.22995100 -0.71100000 5.23095040
9.54795100 -0.24600000 3.41400030
9.54795100 -0.24600000 3.41400030
10.12500100 0.11895001 2.75700020
10.12500100 0.11895001 2.75700020
9.86205000 -0.47400004 0.14895001
9.86205000 -0.47400004 0.14895001
8.02500100 0.14505000 1.17405010
8.02500100 0.14505000 1.17405010
10.92495100 -0.28005000 2.65905020
10.92495100 -0.28005000 2.65905020
7.98195030 2.25795000 0.25695002
7.98195030 2.25795000 0.25695002
9.68700000 -1.50600000 -0.14400001
11.45700100 -0.44805002 2.76405020
12.05805000 -0.70605004 2.82405020
12.05805000 -0.70605004 2.82405020
8.64795000 0.71100000 0.70200000
8.64795000 0.71100000 0.70200000
10.46805100 -3.00795000 -0.59505004
10.46805100 -3.00795000 -0.59505004
9.78495000 0.40905002 2.35305000
9.78495000 0.40905002 2.35305000
9.78495000 0.40905002 2.35305000
8.33205000 0.16200000 6.21300030
10.12095100 0.25800002 4.83900000
5.12205030 2.85900020 4.39995000
9.12900100 2.38695000 -0.27900000
9.12900100 2.38695000 -0.27900000
10.89000000 1.86000010 2.24700020
10.89000000 1.86000010 2.24700020
11.42805100 1.17495000 2.62800000
9.12000100 -1.27605010 4.70700030
9.52395100 -1.71900010 2.65695020
9.52395100 -1.71900010 2.65695020
9.52395100 -1.71900010 2.65695020
10.80300000 0.49005002 1.29900000
10.80300000 0.49005002 1.29900000
7.74195050 2.14995000 0.82200000
8.02995000 -0.71100000 0.08400001
8.02995000 -0.71100000 0.08400001
6.67905040 -1.77900000 6.22500040
6.67905040 -1.77900000 6.22500040
10.38900100 0.83805007 5.61000000
10.38900100 0.83805007 5.61000000
8.30505100 1.26105010 3.22905020
8.30505100 1.26105010 3.22905020
8.30505100 1.26105010 3.22905020
10.98795000 -1.51095010 1.37505010
10.98795000 -1.51095010 1.37505010
10.59705100 -2.54595020 0.96795005
10.59705100 -2.54595020 0.96795005
9.52005000 0.81600004 0.29805002
9.80895000 -5.82000000 0.25395000
9.80895000 -5.82000000 0.25395000
12.13005100 -5.53695000 -0.51105005
5.46705000 3.05805020 -0.07500000
5.46705000 3.05805020 -0.07500000
9.09600100 0.98805004 3.21195000
8.45400000 1.55400000 4.65405040
8.45400000 1.55400000 4.65405040
9.67995100 -0.38100000 4.98495000
9.67995100 -0.38100000 4.98495000
7.84095050 1.18005000 0.92505000
7.84095050 1.18005000 0.92505000
10.42500000 2.49195000 2.66100000
10.42500000 2.49195000 2.66100000
10.51800100 2.16405000 2.43195000
9.47205100 0.64605004 3.77505020
9.13605000 -0.42600003 2.26395000
9.13605000 -0.42600003 2.26395000
9.77100100 0.18105000 1.94100010
9.73995000 -0.85995007 0.32595003
9.73995000 -0.85995007 0.32595003
8.87505100 -0.81405000 -0.46800002
8.87505100 -0.81405000 -0.46800002
8.13300000 2.30295010 0.20895001
8.13300000 2.30295010 0.20895001
8.13300000 2.30295010 0.20895001
9.80895000 -3.28605000 3.16395020
12.50100000 0.12600000 1.09800000
10.17600100 2.91900010 1.21005010
10.17600100 2.91900010 1.21005010
7.37805030 0.38505003 -0.00795000
7.37805030 0.38505003 -0.00795000
8.73600000 -0.57495004 3.66495010
8.73600000 -0.57495004 3.66495010
8.73600000 -0.57495004 3.66495010
8.93295000 0.12105001 4.36905000
8.93295000 0.12105001 4.36905000
9.20595100 1.02000010 0.98295003
13.35600100 -1.30500010 1.08795010
13.35600100 -1.30500010 1.08795010
11.72100100 -0.36405003 0.78600000
9.96495100 -2.23200000 0.58305000
9.96495100 -2.23200000 0.58305000
9.07200050 -1.87305010 4.05495000
8.69295000 -1.97595010 3.75105020
9.82905000 -4.51005030 3.47805020
9.82905000 -4.51005030 3.47805020
14.58300100 -1.90395010 0.84105000
14.58300100 -1.90395010 0.84105000
9.80205100 0.02295000 2.98695020
10.01100100 0.31500003 1.48995010
10.01100100 0.31500003 1.48995010
9.01905100 -0.29205000 5.09505030
9.01905100 -0.29205000 5.09505030
9.01905100 -0.29205000 5.09505030
9.65100000 -0.26295000 3.81600020
10.14195100 -0.47895002 2.65695020
9.06000000 -0.21105000 4.02900030
9.96705100 0.36105000 4.95105030
9.96705100 0.36105000 4.95105030
9.96705100 0.36105000 4.95105030
9.10995000 -6.22395040 -1.28205000
9.10995000 -6.22395040 -1.28205000
9.10995000 -6.22395040 -1.28205000
10.01805000 -0.75195000 1.66005000
10.01805000 -0.75195000 1.66005000
8.56605100 1.78605010 0.15195000
8.95695000 -3.62805000 1.63905010
17.36295100 2.19795010 7.30305050
8.40795000 0.57600003 2.42700000
8.40795000 0.57600003 2.42700000
9.94800100 1.77600010 3.18405000
9.40695000 1.47705010 3.16200020
9.19905100 0.83805007 0.78405005
9.19905100 0.83805007 0.78405005
11.10000000 -2.07900000 0.44400004
11.10000000 -2.07900000 0.44400004
7.86195040 -1.51095010 2.86005020
7.86195040 -1.51095010 2.86005020
9.78105100 -1.14705000 5.06100030
9.78105100 -1.14705000 5.06100030
10.23105050 -2.32095000 4.68495040
8.02695100 3.21600000 2.89095020
10.71000000 0.44700003 3.22905020
10.71000000 0.44700003 3.22905020
10.71000000 0.44700003 3.22905020
9.68505000 -1.55700000 1.21695000
8.92800000 -2.26995020 3.21195000
8.92800000 -2.26995020 3.21195000
8.63805000 -2.12400000 3.79695000
8.92095100 -2.21805000 5.34900050
8.92095100 -2.21805000 5.34900050
8.52795000 -0.09105001 2.83605000
8.52795000 -0.09105001 2.83605000
11.60805000 1.16100000 4.86000000
11.60805000 1.16100000 4.86000000
9.09600100 1.26900000 3.61005020
9.09600100 1.26900000 3.61005020
9.09600100 1.26900000 3.61005020
8.38695050 1.06500000 0.44100000
8.25000000 1.34505010 0.72405005
11.67495100 -3.53205010 1.77105010
11.67495100 -3.53205010 1.77105010
10.71195000 -2.41200020 -1.51200010
10.32705000 1.06500000 0.05295000
10.32705000 1.06500000 0.05295000
9.54405000 1.31700000 0.67605000
9.10800100 -2.59605000 -0.70995003
9.10800100 -2.59605000 -0.70995003
10.93995100 -1.23600010 -1.59795010
10.93995100 -1.23600010 -1.59795010
11.17905000 -0.04305000 -0.68100005
7.07895040 -1.90905010 3.10200020
9.38295100 -1.60905000 5.89500050
9.38295100 -1.60905000 5.89500050
8.59005100 -0.98700005 6.32295040
8.32695000 -1.08900010 5.43000030
8.32695000 -1.08900010 5.43000030
9.04800000 -0.12000001 5.21505000
9.04800000 -0.12000001 5.21505000
7.23900030 2.41800020 5.29605000
7.23900030 2.41800020 5.29605000
7.62000040 1.96305010 5.25495000
9.14595000 3.30000020 4.00305030
9.44805050 3.18000000 3.86100030
9.20100000 3.53700020 2.30895020
9.30405000 3.67800020 2.22300000
10.56405100 0.15300001 3.85200020
10.56405100 0.15300001 3.85200020
10.50195000 -0.44805002 2.55405020
10.50195000 -0.44805002 2.55405020
10.50195000 -0.44805002 2.55405020
7.14600040 -2.44500020 -1.27305010
7.14600040 -2.44500020 -1.27305010
8.75295100 -2.90700000 -2.54205010
8.75295100 -2.90700000 -2.54205010
10.17300000 -4.02600000 1.05195010
8.95005000 -1.87995000 -0.52800000
9.41205000 -2.58600020 1.45395000
15.40395100 -3.11100000 4.51500030
15.40395100 -3.11100000 4.51500030
15.40395100 -3.11100000 4.51500030
9.62295100 -3.36705020 4.78095000
9.62295100 -3.36705020 4.78095000
8.67405000 -1.82205010 3.15705010
9.29700100 -1.11600000 4.04805040
11.29695000 2.24595020 2.35305000
8.93805000 1.30500010 1.90005000
9.29400100 2.71005000 3.67500020
8.76300050 1.62495000 3.79695000
8.76300050 1.62495000 3.79695000
8.77695100 0.88995004 5.44695040
8.77695100 0.88995004 5.44695040
10.71195000 0.82095003 1.29900000
11.20305100 2.00895000 0.86295000
10.02000000 2.24595020 1.73700010
9.70395100 -0.16005000 2.89395020
10.11795000 0.62895006 4.53405000
10.11795000 0.62895006 4.53405000
9.91695000 0.29895002 3.57900020
9.34995100 0.94005007 2.48700020
6.88305040 -0.30405003 -1.27995000
6.88305040 -0.30405003 -1.27995000
6.88305040 -0.30405003 -1.27995000
9.52395100 -0.01395000 -1.24095010
8.92305100 0.82995003 -0.07005000
11.25105100 0.48795003 3.95205020
11.25105100 0.48795003 3.95205020
11.25105100 0.48795003 3.95205020
10.62405000 -1.72905000 -0.31695002
10.62405000 -1.72905000 -0.31695002
10.62405000 -1.72905000 -0.31695002
8.60505000 0.46605003 -1.57695010
9.29895000 0.35100000 -2.84595010
9.29895000 0.35100000 -2.84595010
12.05295100 0.67695004 -3.50895020
12.05295100 0.67695004 -3.50895020
9.49800000 0.43500003 1.21695000
9.49800000 0.43500003 1.21695000
9.34695100 -1.54500010 1.61700010
9.34695100 -1.54500010 1.61700010
10.97100100 -2.03295020 3.35100000
10.97100100 -2.03295020 3.35100000
7.96500000 -0.46005002 5.55195050
7.24695000 1.56105000 3.95700030
8.14500000 2.36805000 3.27705030
9.93405100 0.51705000 1.09995010
9.93405100 0.51705000 1.09995010
10.15905100 1.25205000 1.52100000
8.98305000 -1.03200010 2.73795000
8.98305000 -1.03200010 2.73795000
8.57805100 -1.33095000 5.49000020
8.57805100 -1.33095000 5.49000020
9.12000100 -0.08805001 4.23495000
9.12000100 -0.08805001 4.23495000
9.04095100 0.03000000 -0.74100006
9.04095100 0.03000000 -0.74100006
6.58605050 1.32405010 -3.17205020
12.15600000 -1.66005000 0.43905002
9.37605000 1.21605000 -0.19005000
9.37605000 1.21605000 -0.19005000
9.37605000 1.21605000 -0.19005000
12.09900100 1.69695010 0.11295001
12.09900100 1.69695010 0.11295001
10.84200100 -0.70395005 0.41295000
9.43095000 -0.96705010 0.76695000
9.43095000 -0.96705010 0.76695000
10.16595100 -1.10895000 0.66900000
10.16595100 -1.10895000 0.66900000
9.91005000 1.60605010 -0.67605000
9.91005000 1.60605010 -0.67605000
11.26995100 -1.66395010 1.49805010
10.91805100 -1.97100010 1.72305010
9.49605100 -2.18205000 3.73005000
4.78695000 -0.74895006 5.50200030
9.44100000 0.25305000 3.07800000
9.44100000 0.25305000 3.07800000
11.97900100 -0.79695004 3.72195030
8.90895100 0.93600005 3.57600020
12.44895100 -2.22195000 -0.19995001
12.44895100 -2.22195000 -0.19995001
12.44895100 -2.22195000 -0.19995001
9.83595100 -0.47205000 -1.33695010
9.08805100 0.01095000 -1.26105010
9.08805100 0.01095000 -1.26105010
9.08805100 0.01095000 -1.26105010
9.90495000 -0.57195000 -1.19400000
9.90495000 -0.57195000 -1.19400000
9.68700000 0.22005000 -1.27500010
9.68700000 0.22005000 -1.27500010
9.68700000 0.22005000 -1.27500010
10.00605000 0.25995000 -0.96795005
9.98205100 0.31095000 -1.15305010
9.98205100 0.31095000 -1.15305010
9.97005100 -0.45195000 -0.82905006
9.97005100 -0.45195000 -0.82905006
9.97005100 -0.45195000 -0.82905006
9.85995000 -0.82800007 -1.57695010
10.06095000 -0.13905000 -0.24000001
10.06095000 -0.13905000 -0.24000001
9.63705100 0.10005000 -0.02700000
9.63705100 0.10005000 -0.02700000
10.10205100 0.22695000 -0.08505000
10.40295000 -0.95100003 0.13695000
10.40295000 -0.95100003 0.13695000
9.92205000 -0.85695004 0.19905001
9.89295000 -0.90495000 0.12300000
9.91695000 -0.43800002 0.05295000
9.91695000 -0.43800002 0.05295000
10.06095000 -0.74205005 0.14400001
10.21200100 -0.09300000 0.69495004
10.21200100 -0.09300000 0.69495004
10.21200100 -0.09300000 0.69495004
9.81900000 -0.12900001 0.40305000
9.81900000 -0.12900001 0.40305000
9.81900000 -0.12900001 0.40305000
9.51000000 -0.47205000 0.10395000
9.69705000 -0.93600005 -0.03405000
9.70905000 -1.49700010 -0.27405003
9.70905000 -1.49700010 -0.27405003
10.19700050 -1.55400000 -0.05805000
10.19700050 -1.55400000 -0.05805000
10.20195000 -1.05105010 0.37695003
10.18095000 -0.76095000 0.61095005
10.18095000 -0.76095000 0.61095005
9.87405000 -0.35895002 0.32400000
9.91200100 -0.35700002 0.26400000
9.95100000 -0.30900002 0.28800002
9.95100000 -0.30900002 0.28800002
10.01100100 -0.44505003 0.50400000
