-0.163625 0.3603875 0.0955625
-0.0614625 0.0869 0.17105
0.3067625 0.061325 0.0785125
0.199375 0.20927499 -0.1513875
-0.0092125 -0.011 0.1892
-0.0092125 -0.011 0.1892
0.0163625 -0.0078375 0.114675
0.082225 -0.1632125 -0.1513875
0.082225 -0.1632125 -0.1513875
0.1376375 0.0496375 -0.1109625
0.017325 0.0325875 -0.0257125
-0.0188375 -0.0312125 0.0594
-0.0188375 -0.0312125 0.0594
0.0088 -0.0248875 0.10615
0.0556875 -0.001375 -0.0171875
0.02475 0.0314875 0.04345
0.02475 0.0314875 0.04345
-0.1156375 0.00495 -0.015125
-0.0826375 0.093225 -0.0779625
-0.0826375 0.093225 -0.0779625
0.102575 -0.1153625 0.1126125
0.0121 -0.0301125 0.050875
0.0121 -0.0301125 0.050875
0.0290125 0.0231 -0.0023375
0.0950125 0.046475 -0.031075
0.0950125 0.046475 -0.031075
0.165275 -0.0248875 -0.049225
0.1131625 -0.11 -0.0917125
0.1472625 -0.117425 -0.1024375
0.1472625 -0.117425 -0.1024375
0.197175 0.0666875 -0.1045
-0.0433125 0.0592625 0.0594
-0.121 0.013475 0.0402875
-0.1178375 0.0177375 -0.0119625
-0.1082125 0.095425 0.0583
-0.1167375 0.06985 0.017875
-0.0933625 -0.018425 -0.0715
0.035475 -0.0545875 0.017875
0.035475 -0.0545875 0.017875
0.0215875 -0.0078375 -0.0012375
-0.0581625 -0.0386375 -0.016225
-0.0273625 -0.011 0.0477125
-0.0273625 -0.011 0.0477125
-0.0092125 0.0570625 0.051975
0.003575 0.0103125 -0.0023375
-0.095425 0.0433125 0.0242
-0.0763125 -0.018425 0.0147125
-0.0922625 -0.034375 -0.032175
-0.0922625 -0.034375 -0.032175
-0.1230625 -0.05995 -0.05665
-0.3146 0.03575 -0.0364375
-0.3146 0.03575 -0.0364375
-0.2976875 -0.0716375 0.0199375
-0.23375 0.0081125 0.084975
-0.0017875 0.160325 -0.0364375
0.606925 -0.1643125 0.1689875
0.606925 -0.1643125 0.1689875
0.7165125 -0.143 -0.1896125
0.8943 -0.101475 -0.065175
1.2667875 0.307175 0.425425
1.1902 0.3752375 0.49885
1.3891625 0.079475 0.7469
1.147575 0.40301248 -0.6078875
1.5604875 0.5913875 -0.7132125
1.5604875 0.5913875 -0.7132125
2.3139875 0.337975 -0.815375
2.293775 -0.13653749 -0.5567375
2.293775 -0.13653749 -0.5567375
2.1564126 0.1816375 0.0210375
0.6133875 0.2050125 1.260875
0.460075 0.8041 0.3232625
0.8996625 1.0979375 0.0699875
2.1224499 1.0723625 0.6851625
2.1224499 1.0723625 0.6851625
3.061025 0.7126625 0.8149625
3.7081 0.257125 1.5855125
3.7081 0.257125 1.5855125
3.0419126 -0.1535875 1.000175
2.5513124 0.16665 1.0087
2.3054626 -0.2409 1.31835
2.3054626 -0.2409 1.31835
2.0394 -0.42185 0.492525
1.851025 -0.070675 0.951225
1.851025 -0.070675 0.951225
1.5679125 0.4019125 1.6163125
0.559075 0.2827 0.5839625
0.183425 0.5465625 -1.3017125
0.2418625 0.358325 -1.2601875
0.853875 -0.68255 -0.850575
1.6765375 -0.7921375 -0.2800875
1.6765375 -0.7921375 -0.2800875
2.1797874 0.2699125 0.737275
3.10035 -0.45581248 1.538625
1.7829624 -0.1450625 1.1501875
1.7829624 -0.1450625 1.1501875
2.1170876 -0.2110625 0.60005
2.90565 -0.6697625 0.819225
2.90565 -0.6697625 0.819225
2.847075 -0.152625 0.362725
2.8535376 -0.1461625 -0.0193875
3.0376499 -0.4675 0.296725
3.0376499 -0.4675 0.296725
3.1930249 -0.7645 0.7181625
2.5672624 -0.2099625 0.2190375
2.6470125 -0.28765 0.10615
2.619375 -0.296175 0.0242
2.619375 -0.296175 0.0242
3.0556624 -0.5687 0.2242625
3.10255 -1.8957125 0.47341248
3.10255 -1.8957125 0.47341248
2.6225374 -1.155 0.4137375
2.7801125 -0.068475 -0.4695625
3.2813 0.455125 -0.520575
3.8495874 0.72435 -0.0917125
3.2429376 0.9818875 -0.1087625
2.7002249 1.83645 0.0147125
2.2617376 2.42605 -0.2470875
2.2617376 2.42605 -0.2470875
1.6808 0.1060125 0.9851875
1.5211625 -0.329175 0.359425
2.3054626 -0.413325 0.426525
2.3054626 -0.413325 0.426525
2.899325 -0.363275 1.095875
2.537425 -0.2110625 0.94159997
2.0681374 -0.3419625 0.30415
1.9298124 -0.242 0.0369875
1.9298124 -0.242 0.0369875
1.635975 0.52745 0.6254875
1.425325 0.423225 0.1764125
1.5541625 0.03795 0.67347497
1.5541625 0.03795 0.67347497
1.572175 0.1645875 0.49995
1.89145 0.34759998 0.411675
1.89145 0.34759998 0.411675
1.8041375 1.2926375 0.310475
1.770175 0.9510875 -0.5993625
2.41505 0.5647125 0.1700875
3.8740625 -0.26221249 0.9607125
4.173125 -0.345125 1.3556125
4.6850376 0.3433375 0.900075
5.0180626 0.2189 1.5428874
4.3412876 0.6125625 0.1456125
3.5410376 -0.491975 1.2694
3.2940874 0.1252625 1.0118625
1.8766 -0.2387 0.6414375
1.8766 -0.2387 0.6414375
1.063425 0.0730125 0.1381875
1.3784375 0.4571875 -0.423775
0.834625 0.2561625 0.6840625
0.834625 0.2561625 0.6840625
0.4569125 0.121 -0.1024375
1.7073375 -0.2781625 0.5031125
2.0095625 -1.0528375 0.575575
1.7744375 -0.9059875 0.6254875
1.6264875 0.1134375 0.1274625
1.6765375 0.3689125 0.319
1.6765375 0.3689125 0.319
2.8268626 -0.0078375 -0.653675
2.0255125 0.2784375 -0.2407625
2.0255125 0.2784375 -0.2407625
1.6083375 0.1816375 -0.4503125
0.8729875 -0.232375 -0.57805
0.5770875 -0.070675 -0.4109875
0.722975 0.10175 0.5478
1.197625 0.6040375 1.18635
1.197625 0.6040375 1.18635
1.2337875 0.5710375 0.8118
2.08725 0.5550875 0.621225
0.58355 0.325325 -0.0268125
1.0241 0.2358125 0.329725
1.0241 0.2358125 0.329725
2.67575 -2.0735 -0.1172875
2.1916125 -0.869825 -0.078925
2.0405 -0.1387375 0.40315
2.0405 -0.1387375 0.40315
2.636425 -0.6516125 0.352
2.293775 0.17847499 -0.36313748
2.77365 -0.0471625 0.2563
2.77365 -0.0471625 0.2563
2.863025 -0.9315625 0.5861625
2.487375 -0.9986625 0.329725
2.487375 -0.9986625 0.329725
1.2199 0.7189875 -0.7206375
0.851675 1.27985 -0.7228375
0.851675 1.27985 -0.7228375
1.00705 0.36245 -0.11935
2.373525 -0.4005375 -0.2088625
2.832225 0.0231 0.56595
2.832225 0.0231 0.56595
1.9190875 -0.491975 0.6149
2.5746875 -0.4686 0.2498375
2.5746875 -0.4686 0.2498375
2.0499876 -0.427075 -0.6004625
1.8744 -0.3707 -0.047025
1.6105375 0.275275 -0.11935
2.9407125 0.763675 -0.4961
2.9407125 0.763675 -0.4961
3.0152376 -0.004675 -0.2046
2.9822376 -0.1557875 -0.0034375
2.2532125 0.2806375 -0.15345
1.2401125 0.4093375 -1.0527
1.2401125 0.4093375 -1.0527
0.4802875 -0.5570125 -0.0353375
1.59775 0.34553748 1.258675
1.704175 0.7860875 1.2236125
1.7659125 0.012375 -0.54835
1.7659125 0.012375 -0.54835
1.7062374 -0.086625 0.5489
1.1199375 -0.49307498 0.0966625
1.23585 0.501875 0.7128
1.23585 0.501875 0.7128
2.3447876 0.4412375 0.997975
4.3817124 -0.7995625 0.00935
4.467925 -0.35901248 -0.28861248
4.467925 -0.35901248 -0.28861248
4.564725 0.8573125 -1.5742375
4.219875 0.8509875 -0.2673
4.090075 0.6967125 0.5053125
3.5069375 0.72545 0.17435
3.4260874 -0.1535875 1.1842875
2.6268 -0.347325 0.279675
2.6268 -0.347325 0.279675
1.688225 1.321375 0.2424125
0.8963625 0.13475 -0.0726
2.3106875 0.2508 1.2172875
2.0010376 -0.380325 0.2998875
2.0010376 -0.380325 0.2998875
2.2160876 -1.2189375 0.706475
2.3629375 -0.7431875 -0.0279125
2.178825 -0.41965 0.2211
2.178825 -0.41965 0.2211
3.503775 -0.659175 -1.0165375
3.7016375 0.5328125 0.0253
3.5473626 0.7871875 -0.1161875
2.7853374 0.3029125 0.0466125
2.7853374 0.3029125 0.0466125
1.7796625 -0.1291125 0.63621247
0.7165125 -0.3366 0.2976875
0.87615 -0.48675 -1.766875
0.87615 -0.48675 -1.766875
0.8921 -0.58465 -2.8512
2.1489875 0.94682497 -0.3375625
3.26645 1.5555375 0.360525
2.342725 0.7275125 -0.4461875
2.342725 0.7275125 -0.4461875
1.1572 -0.593175 -1.0973876
1.63075 1.3277 0.5446375
2.1415625 1.7917625 1.3321
1.1688875 0.2932875 -0.1417625
1.309275 -0.22385 0.083875
2.1011374 -0.0259875 -0.292875
2.1011374 -0.0259875 -0.292875
3.175975 0.16775 -0.0374
4.0709624 0.7264125 0.6744375
3.403675 0.42845 0.8564875
3.403675 0.42845 0.8564875
3.190825 0.421025 1.54825
2.799225 0.4796 1.4513125
2.799225 0.4796 1.4513125
1.9745 0.2816 1.3363625
0.77825 -0.0556875 -0.4323
1.2337875 -0.656975 0.07425
1.2337875 -0.656975 0.07425
1.833975 -0.4005375 -0.1056
2.0596125 -0.8305 0.2998875
2.0596125 -0.8305 0.2998875
1.4785374 -0.4728625 -0.1258125
2.08615 0.358325 0.344575
3.36435 0.7712375 -0.9037875
3.36435 0.7712375 -0.9037875
3.1993499 -0.2206875 0.146575
2.9887 -0.478225 0.5702125
2.9887 -0.478225 0.5702125
2.596 -0.06105 -0.078925
1.489125 0.39655 -0.783475
1.1039875 0.2198625 0.00825
0.48345 -0.9400875 0.6809
0.966625 -1.3189 -1.4730375
0.966625 -1.3189 -1.4730375
1.426425 0.39545 0.0039875
1.426425 0.39545 0.0039875
2.160675 0.634975 0.41593748
2.095775 -0.5229125 -0.22687499
1.6786 -0.1962125 0.0551375
1.6786 -0.1962125 0.0551375
1.66155 -0.0163625 0.0391875
1.0773125 0.2189 0.18493749
1.3539625 0.4785 0.0540375
2.2682 -0.2674375 0.3562625
2.5309625 1.239425 0.24035
2.5309625 1.239425 0.24035
2.9215999 0.20185 0.5138375
3.4505625 -1.083775 0.1892
3.4505625 -1.083775 0.1892
3.502675 -1.386 -0.307725
2.80665 -0.6964375 -0.1683
0.54202497 0.1816375 0.50105
0.54202497 0.1816375 0.50105
1.276275 0.8828875 -0.128975
1.07415 1.1457875 -0.9334875
1.07415 1.1457875 -0.9334875
2.1564126 -0.610225 0.326425
3.1642876 0.289025 0.7799
3.7750626 0.00385 0.5042125
3.7750626 0.00385 0.5042125
3.8037999 -0.8410875 0.0147125
3.10145 -0.083325 -0.15345
4.2348623 0.456225 -1.0751125
4.2348623 0.456225 -1.0751125
4.0145874 1.2203125 -0.3152875
3.69105 1.256475 -0.9334875
3.69105 1.256475 -0.9334875
1.4114375 -0.0664125 0.9629125
0.5685625 0.3817 -0.693
-0.6540875 0.0666875 -0.3141875
-0.6540875 0.0666875 -0.3141875
1.1336875 -0.573925 -0.618475
2.2724626 1.0712625 0.409475
2.2724626 1.0712625 0.409475
3.1398125 1.173425 0.869275
3.1398125 1.173425 0.869275
3.4122 -0.0301125 0.8149625
1.8701375 -1.1688875 0.0147125
1.343375 -0.117425 0.0721875
1.343375 -0.117425 0.0721875
1.6732374 0.2869625 0.0242
2.0383 0.685025 0.246675
1.9212875 1.206425 0.296725
1.9212875 1.206425 0.296725
2.342725 -0.2525875 0.9436625
2.6618624 -1.69455 1.0500875
2.6618624 -1.69455 1.0500875
3.305775 -2.5641 0.8969125
3.0716126 -1.69785 0.0572
1.85955 0.8041 -1.5475625
1.4370124 2.4058375 -1.0995874
1.4370124 2.4058375 -1.0995874
1.1242 1.34475 -0.295075
2.9514375 -0.134475 0.2349875
2.8428125 -0.91025 0.4978875
3.533475 -0.6942375 0.5765375
3.533475 -0.6942375 0.5765375
2.3926375 -0.7453875 0.6584875
1.6572875 1.6236 -0.324775
3.632475 -0.4505875 -0.1087625
4.598825 0.2880625 0.7500625
3.2184625 0.617925 -0.41525
3.2184625 0.617925 -0.41525
1.5371125 -0.2696375 0.1211375
0.64735 -1.0943625 1.35025
0.64735 -1.0943625 1.35025
2.0106626 -0.823075 -0.2024
2.0106626 -0.823075 -0.2024
2.178825 -0.3738625 -1.176175
1.964875 -0.0908875 -0.8696875
1.964875 -0.0908875 -0.8696875
2.6618624 0.7701375 0.197725
2.0053 0.9477875 0.0232375
1.833975 0.46145 0.23815
1.833975 0.46145 0.23815
0.608025 -0.263175 -0.2960375
1.79465 0.7019375 0.0902
3.4005125 0.619025 -0.1067
2.946075 0.407275 -0.5663625
2.946075 0.407275 -0.5663625
3.03545 -0.004675 0.214775
3.0727124 -0.32285 0.43505
3.0727124 -0.32285 0.43505
2.3564749 0.2476375 0.148775
1.6317124 0.5764 -0.4098875
1.6317124 0.5764 -0.4098875
1.541375 0.730675 -0.1651375
1.541375 0.730675 -0.1651375
1.56365 0.0677875 0.28393748
3.013175 -0.427075 0.07645
3.013175 -0.427075 0.07645
2.8502374 -0.05995 0.344575
2.6874375 0.4444 0.5872625
1.541375 -0.1398375 0.4808375
1.541375 -0.1398375 0.4808375
1.0379875 -0.332475 -0.9015875
1.3827 -0.0727375 0.393525
2.899325 0.07205 -1.0538
3.3345125 -0.608025 -0.0108625
3.8974376 -0.329175 -0.25355
3.6378374 0.3529625 -0.5600375
3.680325 0.9585125 -0.9994875
3.20045 0.763675 -0.3524125
3.20045 0.763675 -0.3524125
0.9114875 0.4158 0.334125
0.6081625 0.568975 0.9205625
0.6837875 0.6892875 0.416075
0.6837875 0.6892875 0.416075
1.0253375 0.40507498 0.3213375
0.9339 0.7189875 0.042625
0.975425 0.62535 0.8067125
0.795575 0.127325 0.3650625
0.98285 -0.28765 0.1192125
0.98285 -0.28765 0.1192125
1.5554 -0.528275 0.4225375
2.7377625 -0.9486125 0.1032625
2.87815 -0.9964625 -0.1489125
2.87815 -0.9964625 -0.1489125
2.68345 0.046475 -0.185075
3.526325 0.929775 -0.5885
3.7093375 -0.58355 0.66728747
3.7093375 -0.58355 0.66728747
2.870725 -0.3441625 0.40865
1.791625 0.3188625 0.336325
1.791625 0.3188625 0.336325
1.4669875 0.42955 0.106425
1.1616 -0.1111 -0.0031625
1.1328624 0.5786 -0.285175
0.6593125 0.1953875 -0.499125
1.6831375 -0.2589125 -0.564025
1.6831375 -0.2589125 -0.564025
1.3479125 0.5061375 1.0494
1.96185 -0.39833748 1.1111375
2.1949124 -1.116775 -0.0925375
2.1949124 -1.116775 -0.0925375
2.447225 -1.4232625 -0.0617375
2.6345 0.257125 -0.79805
1.8555624 1.126675 -0.498025
2.624875 0.864875 -0.17765
3.7327125 1.3649625 0.223575
3.7327125 1.3649625 0.223575
2.9634 -0.6675625 0.54175
2.9634 -0.6675625 0.54175
2.0406375 -1.1529375 0.829125
1.7512 -0.81455 0.3405875
1.8874625 0.1731125 -0.201025
1.6638875 0.751025 -0.545875
1.006225 0.0677875 -0.12979999
0.91368747 -0.58245 -0.7129375
1.3649625 -0.3058 -0.67045
1.3649625 -0.3058 -0.67045
1.5926625 0.3444375 0.34485
1.5543 0.64556247 0.8525
1.4510375 -0.19305 -0.2905375
2.3482249 -0.28985 0.0979
4.032875 -0.3377 0.2512125
3.66465 -1.1592625 0.7269625
3.66465 -1.1592625 0.7269625
2.9836125 -0.5878125 0.7992875
2.594075 0.1071125 0.6331875
2.78135 -0.3898125 0.28105
1.7395124 -0.7409875 -0.2490125
1.7395124 -0.7409875 -0.2490125
0.8658375 0.2635875 -0.1830125
-0.073975 0.9383 -0.21285
0.385825 -0.0897875 -0.83105
2.8601375 0.356125 -0.5330875
2.8601375 0.356125 -0.5330875
2.676025 -0.5451875 0.0691625
2.4205499 -0.1408 0.792825
1.8596874 0.1188 0.6450125
1.8596874 0.1188 0.6450125
1.57135 -0.0897875 -0.3298625
1.83535 -0.9730875 -1.1215875
1.5246 0.00605 -0.0254375
3.89345 0.636075 -0.47355
3.89345 0.636075 -0.47355
4.343625 0.1837 0.0724625
3.8955126 -0.2600125 0.1926375
3.8955126 -0.2600125 0.1926375
3.46665 -0.266475 0.5215375
2.5249126 0.0539 -0.123475
1.1339625 0.82335 0.0276375
1.1339625 0.82335 0.0276375
-0.283525 -0.004675 0.220275
-0.4750625 -0.0875875 0.1639
-0.103675 0.2135375 -0.434225
-0.03245 -0.3185875 -0.86515
-0.03245 -0.3185875 -0.86515
0.8870125 0.13695 0.2415875
1.76715 -0.3568125 -1.151425
2.1300125 0.211475 0.3969625
2.1300125 0.211475 0.3969625
2.4046 0.7744 1.384625
2.4003375 0.472175 0.74387497
2.4003375 0.472175 0.74387497
3.9115999 -0.0089375 0.008525
4.4765873 -0.3069 -0.2990625
4.5904374 -0.411125 0.286275
3.388 -0.2855875 0.54175
2.742025 0.34553748 0.2299
1.825725 -0.0493625 0.31075
1.6596249 -0.6527125 0.6364875
1.2989625 -0.6644 0.010725
0.7689 -0.4739625 -0.499125
0.975425 -0.233475 -0.1607375
0.72214997 0.093225 -0.58959997
2.0767999 -0.7442875 -0.7800375
2.1641126 0.374275 -0.169125
1.8203624 1.273525 0.57145
1.8044125 1.0553125 0.58959997
1.9842625 0.1720125 0.3383875
2.2790625 -0.0493625 -0.269225
2.2790625 -0.0493625 -0.269225
2.1140625 0.3359125 -0.5278625
3.4645875 0.4338125 -0.47465
3.3166375 0.5146625 0.1522125
3.0696874 0.534875 0.075625
3.0696874 0.534875 0.075625
2.772825 0.781825 0.0649
1.0987625 0.56581247 0.645975
0.2847625 -0.5644375 0.7099125
0.2847625 -0.5644375 0.7099125
1.08185 -0.3653375 -0.2490125
1.86285 -0.544225 -0.2809125
-0.0930875 -2.1330376 -2.5062125
-0.0930875 -2.1330376 -2.5062125
2.079 0.2146375 0.907775
-1.1594 1.4320625 0.304425
1.8895249 1.650275 1.3781625
0.4752 -0.165275 -0.2011625
2.475825 0.2072125 0.53845
1.9097375 -0.1120625 0.37785
1.691525 -0.051425 0.1288375
1.691525 -0.051425 0.1288375
3.589025 -0.0748 0.6886
3.1772125 -1.508375 0.8226625
3.1772125 -1.508375 0.8226625
3.17075 -0.4378 -0.0669625
2.0065374 0.766975 -0.8289875
1.65 1.1213125 -0.3372875
1.4755125 0.49774998 0.5864375
2.2056375 -0.2855875 0.5247
2.2939124 -0.458975 0.2756875
1.4521375 -0.4090625 0.173525
1.4521375 -0.4090625 0.173525
0.7167875 -0.2770625 -0.562925
2.101275 -0.4324375 -1.315325
2.101275 -0.4324375 -1.315325
2.315225 -0.3069 -0.57035
2.460975 1.7428125 0.824725
2.460975 1.7428125 0.824725
2.985675 -0.1057375 0.303325
2.9217374 -0.88467497 -0.0213125
2.574825 -0.5143875 -0.5768125
2.574825 -0.5143875 -0.5768125
4.64365 1.0074625 0.336325
4.0775623 0.4125 -0.6342875
2.9409876 0.0400125 -0.1852125
2.9409876 0.0400125 -0.1852125
1.9256874 -0.1057375 -0.3320625
1.0742875 0.4147 0.46928748
0.4538875 0.75734997 0.6098125
-0.6433625 0.747725 0.44701248
-0.6433625 0.747725 0.44701248
0.71995 -0.2121625 0.8853625
0.791175 -0.9293625 -0.0638
2.446125 1.0553125 0.5108125
2.4365 0.82225 0.53955
2.4365 0.82225 0.53955
2.2407 0.49665 0.5597625
1.5318875 0.4412375 1.2227875
1.947 0.2561625 0.8471375
1.947 0.2561625 0.8471375
2.74505 0.3592875 1.309
2.68345 -0.215325 0.6428125
2.68345 -0.215325 0.6428125
2.7270374 -0.4398625 1.3728
2.5982 -0.4005375 1.09615
2.5982 -0.4005375 1.09615
2.3513875 -1.14015 0.8619875
2.6024625 -2.0499876 0.67265
1.947 -2.4671624 0.0468875
1.6075125 -1.36895 -0.2149125
0.6688 -0.0471625 -0.54065
0.5273125 0.488125 -0.11605
1.9012125 0.69025 -0.644875
1.9012125 0.69025 -0.644875
0.33261248 -0.45155 -0.12979999
2.91115 0.16665 -0.2319625
1.920325 -0.6942375 0.2607
2.7163124 -0.47079998 0.1926375
2.7163124 -0.47079998 0.1926375
2.81435 -0.411125 -0.93541247
2.887775 -0.28765 -1.888975
2.181025 0.1156375 -0.5608625
2.181025 0.1156375 -0.5608625
4.015825 1.420375 -0.9939875
4.6894374 0.3785375 0.6576625
3.622025 -1.082675 0.4618625
3.622025 -1.082675 0.4618625
1.870275 0.82335 0.17985
1.24355 0.7519875 -0.0947375
1.24355 0.7519875 -0.0947375
-0.53473747 -0.3419625 0.54065
0.1324125 -1.04225 -0.0787875
0.3443 -0.674025 -0.70454997
1.8778375 0.2039125 -1.4047
1.0668625 0.1549625 -0.70454997
1.0668625 0.1549625 -0.70454997
1.266925 0.8361375 0.27885
2.313025 1.5607625 0.7396125
2.1704376 0.44233748 0.3246375
2.132075 0.56787497 0.0543125
1.37445 0.014575 0.1670625
2.6642 -0.3760625 0.566225
2.6642 -0.3760625 0.566225
3.5784376 -0.9315625 0.81949997
3.3496375 0.4200625 0.04785
2.412025 1.1947374 0.3491125
2.412025 1.1947374 0.3491125
2.25665 0.8606125 0.7513
2.38865 -0.738925 1.3440624
2.38865 -0.738925 1.3440624
0.4305125 -0.135575 -0.4789125
0.1249875 0.093225 -0.74593747
0.055825 0.275275 -0.08305
0.055825 0.275275 -0.08305
1.3233 -0.0121 -0.6810375
1.07745 -1.33705 -0.8386125
1.07745 -1.33705 -0.8386125
1.6157625 0.1167375 0.10835
1.3806375 0.3487 1.05545
1.3806375 0.3487 1.05545
1.9190875 0.2061125 0.5776375
1.8222874 -0.2844875 -0.503525
2.1680999 0.13475 -0.358875
1.9861875 0.765875 -0.66316247
2.3054626 1.1638 0.722425
3.2047124 0.60513747 0.1903
3.9804876 -1.0454125 -1.094225
3.7676375 0.1571625 -0.6557375
3.8336375 0.8190875 -0.1067
3.6037376 0.5966125 0.541475
3.6037376 0.5966125 0.541475
2.127675 0.2508 0.263725
0.3047 0.8925125 -0.22687499
0.6006 -0.0067375 -0.51315
0.6006 -0.0067375 -0.51315
1.0954624 -0.511225 0.7489625
1.2423126 1.0000376 0.393525
0.869825 0.4785 -0.179025
0.869825 0.4785 -0.179025
1.4168 0.33385 -0.146025
0.4153875 0.0422125 -0.50888747
0.3366 -0.593175 -0.1013375
1.6902875 0.23485 0.934175
1.6902875 0.23485 0.934175
1.5508626 0.257125 0.85965
3.9964375 -0.823075 0.2935625
3.9964375 -0.823075 0.2935625
2.9088125 -0.9059875 0.1029875
3.1205626 0.2847625 -0.23333749
3.1205626 0.2847625 -0.23333749
2.554475 -0.7634 0.5511
1.10605 -0.1078 -0.18645
0.7654625 0.2721125 0.0369875
0.605825 0.21779999 -0.0108625
1.3497 -0.4675 0.229625
1.3699125 -0.57928747 -0.3141875
1.7765 0.59345 -0.586575
1.7765 0.59345 -0.586575
2.029775 0.6765 -0.9761125
3.402575 -0.1387375 -0.0694375
3.0823374 -0.020625 0.5159
3.0823374 -0.020625 0.5159
3.4090376 -0.3718 0.22
2.67575 -1.1273625 0.0796125
1.8712375 0.39765 -1.0421125
1.8712375 0.39765 -1.0421125
1.46465 0.848925 0.5350125
3.483425 0.8424625 -0.6898375
3.2386749 0.0826375 0.3903625
3.2386749 0.0826375 0.3903625
2.1021 0.5253875 -0.1247125
2.1021 0.5253875 -0.1247125
1.5838625 0.583825 0.3647875
1.2018875 -0.002475 0.2913625
0.77288747 -0.363275 0.07535
1.8808625 -0.362175 0.0455125
1.734975 -1.155 -0.7387875
2.293775 0.9713 0.3488375
2.014925 1.5032874 1.211925
2.014925 1.5032874 1.211925
1.293325 -0.2281125 -0.3034625
1.358225 -0.151525 0.15619999
1.4008499 -0.0174625 1.0044374
1.097525 -0.869825 0.0380875
1.097525 -0.869825 0.0380875
3.532375 -0.4995375 0.2338875
3.55795 0.1167375 0.0774125
4.50945 0.9244125 -0.0704
4.50945 0.9244125 -0.0704
3.3408375 0.456225 0.2222
2.70875 0.5465625 0.1912625
2.750275 0.0528 0.10615
2.750275 0.0528 0.10615
2.4927375 -0.8965 1.1661375
1.4933875 -0.8399875 0.4978875
0.2717 -0.0312125 -0.2673
0.2717 -0.0312125 -0.2673
0.1109625 -0.626175 -1.4326125
3.0078125 -0.5665 0.21573749
2.765125 -1.5818 -0.4940375
2.2691624 -0.32175 0.1667875
2.2691624 -0.32175 0.1667875
2.3852124 0.2305875 -0.41525
1.8425 0.2443375 -0.8270625
2.1382625 -0.100375 -0.38541248
3.6196876 1.0362 -1.5890875
4.009225 1.6896 -0.1417625
3.7654374 1.4224375 -0.1716
3.7654374 1.4224375 -0.1716
2.77365 0.7126625 0.064625
1.1444125 0.1304875 0.214775
-0.031625 0.07205 -0.0034375
-0.031625 0.07205 -0.0034375
1.0049875 0.935 0.86817497
0.6601375 -0.0972125 2.23355
1.260325 1.05325 0.574475
0.820875 -0.1302125 -0.4334
1.6988125 -0.242 -0.12155
1.590325 -0.443025 -0.18755
1.590325 -0.443025 -0.18755
1.6680125 -0.6271375 0.492525
2.2554126 -0.5687 0.5286875
2.2554126 -0.5687 0.5286875
3.221625 0.0166375 0.9384375
1.2486374 0.0496375 0.4786375
0.9475125 -0.070675 0.6202625
3.1068125 0.2613875 1.1160874
3.9719625 -0.3898125 0.5020125
4.173125 -0.8305 0.3914625
3.7921126 -1.2434125 0.33605
2.847075 -1.133825 0.541475
1.6594875 -0.1205875 -0.605825
1.8701375 -0.4037 -0.292875
2.0042 -1.1870375 0.2105125
1.2188 -0.085525 -0.440825
1.2188 -0.085525 -0.440825
0.3664375 -0.09405 -0.9750125
0.7420875 -0.084425 0.3796375
2.4990625 0.20185 0.07645
2.64385 1.1787875 -0.0831875
3.2386749 0.355025 -0.05775
2.913075 0.2880625 0.1689875
0.510125 -0.2685375 0.10835
1.0113125 -0.0152625 0.52442497
0.755975 -0.1302125 0.1753125
1.392325 -0.265375 0.17215
2.6140125 -0.1610125 0.6659125
2.7630625 -0.7528125 1.21825
1.6253875 -0.985875 0.4541625
1.6253875 -0.985875 0.4541625
1.8191249 -0.6708625 0.5520625
3.208975 -0.5814875 0.0466125
2.6566374 -0.49307498 -0.588775
2.5480125 -0.918775 -0.0939125
1.7785625 -1.46905 0.5190625
1.2827375 -0.3069 0.113575
1.3965875 0.5732375 -0.1034
1.9361374 0.4785 0.04015
1.9361374 0.4785 0.04015
2.3331 -0.5803875 -0.048125
1.9722999 -0.6026625 0.228525
0.7921375 0.4731375 0.15413749
2.1680999 -0.688875 -1.56035
2.5086875 -0.26427498 -0.0939125
2.3511126 -0.73149997 0.6032125
2.332 -0.345125 0.8138625
2.332 -0.345125 0.8138625
2.4523125 -0.034375 0.13915
1.79465 -0.0781 -0.85153747
1.212475 0.2156 -0.6664625
1.212475 0.2156 -0.6664625
3.614325 0.192225 -0.8856375
3.65585 0.1145375 -0.1662375
3.65585 0.1145375 -0.1662375
3.0130374 -0.3163875 -0.0290125
2.2224126 -0.5484875 0.229625
2.2224126 -0.5484875 0.229625
2.7033875 0.6392375 -1.0208
2.3957999 1.5225375 -0.7046875
1.39975 -0.0323125 0.0955625
0.769725 0.242275 -0.1194875
2.1373 1.2904375 1.6918
2.1373 1.2904375 1.6918
3.06845 0.862675 0.6989125
2.6247375 0.1199 0.722425
1.1284626 -0.3366 -0.078925
2.1063626 0.568975 1.3226125
3.9155874 -0.233475 1.02135
3.9155874 -0.233475 1.02135
3.42925 -1.3083125 0.051975
4.1039624 -0.4261125 -0.3130875
3.5154624 -0.2919125 0.2563
3.273875 -0.35365 0.770275
3.012075 -1.1369874 1.079925
3.012075 -1.1369874 1.079925
2.423575 -0.71335 0.345675
1.2837 0.7062 -0.556875
-0.325325 0.489225 -0.7931
0.738925 -0.329175 -0.588775
2.0915124 -0.3696 -0.0757625
2.8513374 -0.61448747 -0.25025
2.9557 -0.84645 -0.1725625
2.5267 -0.6549125 -0.0290125
-0.30827498 0.9340375 0.49885
-0.30827498 0.9340375 0.49885
0.4675 -1.342275 0.100925
0.837925 -0.755975 -0.2418625
0.7995625 1.1053625 0.0125125
1.128325 0.928675 -0.22687499
1.128325 0.928675 -0.22687499
1.6402375 -0.06215 -0.6419875
1.6402375 -0.06215 -0.6419875
4.809475 1.4383875 0.2850375
4.809475 1.4383875 0.2850375
5.29375 1.1958375 0.5605875
4.2081876 0.061325 0.1593625
3.025825 -0.6293375 0.4041125
2.3012 -0.30153748 0.6138
2.3012 -0.30153748 0.6138
1.720125 -0.09295 0.0232375
0.609125 0.5168625 -0.28655
0.609125 0.5168625 -0.28655
0.7016625 0.7052375 -0.474925
0.5718625 0.43065 -0.7154125
0.5718625 0.43065 -0.7154125
2.2798874 0.7126625 0.1508375
2.8034875 0.39545 0.458425
2.8034875 0.39545 0.458425
3.111075 0.14973749 0.785125
1.43385 0.9340375 0.9884875
1.5818 1.0223125 0.71389997
1.5818 1.0223125 0.71389997
2.9481375 -0.23127499 0.60101247
4.8637877 -0.933625 0.8448
3.3163624 -1.0049875 -0.1364
3.88795 -0.165275 -0.045925
3.516425 0.4807 -0.5099875
3.516425 0.4807 -0.5099875
2.322375 -0.3515875 0.6351125
0.9464125 0.1464375 0.786225
0.9464125 0.1464375 0.786225
-0.3498 0.60513747 0.3169375
0.1727 0.0666875 0.296725
0.5643 -0.45155 0.2743125
0.5643 -0.45155 0.2743125
2.3012 -0.7943375 -0.2077625
1.7477624 -0.2770625 0.43614998
1.72865 0.535975 0.8394375
1.737175 0.4360125 0.385
1.948925 0.022 -1.0261625
2.0064 -0.22385 -0.487575
2.8535376 0.0251625 -0.8611625
2.8535376 0.0251625 -0.8611625
3.7175875 0.8328375 0.149875
3.7835875 0.7935125 0.4148375
3.502675 0.4923875 0.0221375
3.013175 -0.16005 0.3180375
2.4437876 -0.512325 0.2349875
1.5178624 -0.2536875 0.951225
1.1251625 -0.2707375 0.7478625
0.67925 -0.003575 0.9692375
0.232375 0.4785 -0.6994625
0.232375 0.4785 -0.6994625
0.0972125 -0.35475 0.3818375
0.2993375 -0.5707625 0.4499
0.149325 0.27307498 -0.759
0.230175 -0.2281125 -1.9732625
0.45045 -0.3334375 -1.109075
0.45045 -0.3334375 -1.109075
1.5178624 1.189375 0.8820625
2.7278626 1.043625 0.4723125
3.1854625 0.4412375 -0.031075
2.6948626 0.4082375 0.3009875
1.4529625 -0.02805 -0.097075
2.3894749 0.16995 0.4797375
3.8357 -0.2409 0.426525
3.8357 -0.2409 0.426525
4.0720625 0.0911625 0.1551
3.059925 0.03685 0.3573625
3.059925 0.03685 0.3573625
2.7960625 -0.853875 0.8234875
2.5246375 -1.4722124 1.2694
1.359325 -0.7506125 0.540375
1.359325 -0.7506125 0.540375
0.2578125 0.5242875 -0.40039998
0.0141625 0.0092125 -0.38334998
2.02345 -0.0994125 0.377575
2.02345 -0.0994125 0.377575
2.5086875 -0.2206875 -0.062975
2.8535376 0.1326875 0.590425
2.8535376 0.1326875 0.590425
2.3192124 -0.5676 0.1445125
2.046825 -0.57722497 -0.9442125
2.046825 -0.57722497 -0.9442125
2.7523375 -0.427075 -0.6909375
3.289825 0.423225 -0.049225
3.289825 0.423225 -0.049225
3.4133 0.8669375 0.4307875
3.287625 0.82225 -0.0097625
3.287625 0.82225 -0.0097625
2.7523375 0.4785 -0.311025
1.2508374 0.341275 -0.0257125
1.2508374 0.341275 -0.0257125
0.3163875 0.4753375 -0.1821875
-0.1104125 1.2607375 -0.2875125
-0.4838625 0.6637125 0.15413749
0.215325 0.0996875 0.3317875
1.2102749 0.177375 0.996875
0.32285 -0.3526875 -0.177925
0.507925 -0.936925 -0.0715
0.507925 -0.936925 -0.0715
0.853875 -1.1891 -0.716375
0.7634 -0.5963375 0.1593625
0.9953625 0.31033748 -0.1236125
1.3539625 0.72008747 0.212575
2.7588 1.31395 0.2572625
2.7588 1.31395 0.2572625
3.3100374 0.993575 0.75116247
3.42595 0.1507 -0.049225
3.42595 0.1507 -0.049225
2.6576 0.1709125 -0.05445
1.63075 0.0581625 1.6556375
1.63075 0.0581625 1.6556375
1.112375 0.64556247 1.4757875
0.997425 -0.0994125 1.0714
1.310375 -0.6271375 0.1764125
1.7562875 -0.282425 -1.094225
1.7562875 -0.282425 -1.094225
2.2053626 -0.051425 0.7723375
2.2606375 0.667975 0.47753748
2.1234124 0.3359125 0.484
2.913075 0.5126 -0.4131875
2.6778126 0.436975 -0.54725
2.6778126 0.436975 -0.54725
1.3635875 -0.1035375 -0.84095
1.847725 0.6285125 1.9344875
1.9424624 0.24007499 1.6504124
1.752025 0.07095 0.7063375
1.7807624 0.2283875 -0.0342375
1.7807624 0.2283875 -0.0342375
2.6481125 -0.6452875 0.52648747
2.7258 -0.3504875 0.37015
2.7790124 0.290125 -0.0193875
2.636425 0.07095 -0.048125
2.636425 0.07095 -0.048125
2.2958374 -0.25795 0.0147125
1.9085 -0.2930125 0.04015
2.1712625 0.061325 0.4296875
1.815825 1.1947374 0.4851
1.425325 0.3348125 0.476575
1.425325 0.3348125 0.476575
1.5445375 0.079475 0.9703375
0.786775 -0.13653749 -0.8292625
0.7910375 0.5157625 -0.066275
2.587475 0.812625 0.92565
2.587475 0.812625 0.92565
4.0709624 0.21133749 1.555675
4.0709624 0.21133749 1.555675
2.87155 0.439175 1.096975
1.0570999 0.6765 1.2150875
1.20285 0.4657125 0.4063125
2.1148875 0.2198625 0.38073748
1.92445 0.0433125 1.0778625
2.6310625 -0.313225 1.6471125
1.8106 -0.3377 0.5594875
1.7158625 -0.6549125 0.6925875
1.8977749 -0.65587497 0.6595875
1.604075 -0.51865 0.3839
1.8882875 -0.1441 0.2646875
2.3926375 -0.6111875 0.1126125
2.3926375 -0.6111875 0.1126125
2.7896 -1.2656875 -0.1194875
2.8821375 -1.1316249 -0.9229
3.2377124 -1.688225 -0.6813125
3.3462 -1.8191249 -1.0803375
3.0003874 -0.5900125 -0.84947497
2.0255125 0.7744 -0.749375
1.6168625 1.9300874 0.147675
1.243275 2.1088376 -0.7547375
1.243275 2.1088376 -0.7547375
1.3539625 2.009975 -0.9175375
1.6413375 0.83503747 0.8372375
1.457225 -0.183425 0.07645
1.457225 -0.183425 0.07645
1.7978125 -0.0099 -0.5897375
2.420275 -0.0152625 -0.5526125
2.8215 -0.201575 -0.242825
3.74 -0.168575 -0.295075
3.1854625 0.681725 -0.0704
1.898875 1.664025 -0.4855125
2.1478875 1.8492374 0.459525
2.7055874 1.3734875 0.931975
3.4463 0.69355 1.2342
3.4463 0.69355 1.2342
3.4717374 -0.0886875 1.195975
1.6498625 -1.1518375 0.3158375
1.292225 1.551275 0.720225
1.292225 1.551275 0.720225
1.540275 0.8382 0.624525
2.3214126 -1.6413375 0.286
2.650175 -1.07525 -0.1502875
2.4352624 -0.4079625 0.4200625
2.4352624 -0.4079625 0.4200625
2.7449124 0.1986875 0.3243625
2.3681624 -0.0972125 0.113575
1.9712 1.0319375 -0.5270375
1.9712 1.0319375 -0.5270375
2.044625 0.4360125 0.8223875
1.9595125 -0.4005375 -0.2811875
1.9595125 -0.4005375 -0.2811875
1.53285 -0.7293 -0.9420125
2.0031 -0.0908875 0.10615
1.325225 1.8566625 1.64285
2.176625 2.409 0.34347498
0.6419875 -0.0897875 1.0426625
0.2057 0.894575 0.656425
0.9592 0.5339125 1.324675
0.6974 -0.362175 0.7096375
1.23695 -0.4048 0.616
1.1561 -0.242 0.3201
1.5923874 -0.45155 0.60101247
1.3178 0.0347875 -0.2024
1.3178 0.0347875 -0.2024
2.993925 -0.6441875 0.4126375
4.2263374 -0.870925 0.132825
2.2979 0.34759998 -0.307725
1.4540625 0.5445 0.4404125
1.491325 -0.02805 0.6149
2.309725 -0.2184875 0.003025
2.685375 -0.2547875 0.427625
2.685375 -0.2547875 0.427625
3.707 0.088 0.2233
2.2671 0.5902875 -0.9420125
1.162425 1.3660625 0.56595
0.25355 0.177375 -0.0501875
0.25355 0.177375 -0.0501875
0.6760875 -0.4494875 0.476575
1.114575 -0.609125 0.1626625
1.3391125 -0.3696 0.0125125
0.935825 -0.2600125 0.2105125
0.216425 0.1199 0.43821248
0.6749875 0.505175 0.52442497
2.3511126 -0.0132 0.721325
3.2685125 -0.2770625 0.1115125
3.42925 -0.12705 0.13805
3.42925 -0.12705 0.13805
3.321725 -0.0994125 0.557425
2.6640625 -0.76559997 0.6914875
2.7875376 -1.4051125 0.604175
2.38205 -0.6463875 0.0284625
2.34685 -0.133375 -0.1417625
2.897125 0.6859875 0.115775
3.55685 1.254275 -0.1810875
2.060575 0.8041 1.2214125
0.8985625 -0.491975 -0.295075
1.7116 -1.0954624 -0.12045
2.5012624 -0.8006625 1.1490875
1.701975 0.9585125 -0.014025
1.701975 0.9585125 -0.014025
1.5912875 0.8393 0.310475
2.4948 -0.494175 0.22
2.5427876 -1.0263 -0.179025
3.2280874 -0.804925 -0.3397625
3.928375 -0.05995 0.1029875
3.1068125 0.9053 -1.2379125
3.2940874 1.566125 -0.4706625
1.639275 1.483075 -0.0853875
1.639275 1.483075 -0.0853875
2.6629624 0.7360375 0.8426
2.6629624 0.7360375 0.8426
3.4057374 -0.12595 0.457325
0.7931 -1.2423126 0.7671125
0.412225 -0.2781625 0.40315
0.3152875 0.5647125 0.517
1.9531875 0.4796 0.8457625
1.9531875 0.4796 0.8457625
3.4068375 -0.6686625 0.442475
3.5303125 -0.78045 0.1434125
2.731025 -0.4409625 -0.3014
2.731025 -0.4409625 -0.3014
1.8786625 -0.41965 0.116875
1.344475 -0.5687 0.4169
1.995675 -0.004675 0.8320125
2.44805 0.9552125 0.311575
2.44805 0.9552125 0.311575
3.36325 1.4150125 -0.340725
2.3957999 1.682175 0.1838375
1.7796625 0.6062375 0.6106375
1.489125 -0.903925 0.311575
2.1680999 -1.427525 0.5478
2.1680999 -1.427525 0.5478
2.306425 -0.80602497 0.39985
3.1812 -0.51975 1.18525
3.1812 -0.51975 1.18525
2.9492376 -0.4346375 -0.144925
1.849925 -0.32395 -0.1236125
2.5289 -0.68365 0.1604625
3.829375 -0.671825 -0.3972375
2.649075 -0.1131625 -0.880275
2.649075 -0.1131625 -0.880275
0.6664625 1.3937 -2.70435
1.1709499 0.814825 0.509575
1.9595125 1.4064875 0.9351375
2.4330626 1.2915375 0.7106
3.7079625 0.9818875 1.2384624
4.104925 0.650925 1.5811125
4.0198126 -0.0875875 2.2059126
2.0106626 -1.4807374 -0.3460875
1.6264875 -0.32395 0.23815
1.023 0.62535 -0.2875125
1.7147624 0.4104375 0.67347497
1.7147624 0.4104375 0.67347497
2.44805 -0.5995 1.3044626
2.4523125 -0.622875 0.509575
2.456575 -0.5687 0.065725
2.456575 -0.5687 0.065725
3.255725 -1.163525 -0.28325
4.059275 -0.06105 -0.9846375
2.5405874 -0.17379999 -1.0549
2.4979625 0.13585 -0.88783747
2.4979625 0.13585 -0.88783747
1.523225 1.4086875 0.9735
3.042875 1.876875 -0.014025
3.042875 1.876875 -0.014025
-0.064625 0.46145 0.6169625
1.047475 -1.2412125 -0.375925
1.047475 -1.2412125 -0.375925
2.2 0.3487 1.0671375
2.7757125 1.289475 0.7585875
1.56475 1.0382625 0.8479625
1.56475 1.0382625 0.8479625
1.5679125 0.94888747 0.6914875
1.0858375 0.2880625 0.0039875
2.3266375 -0.1780625 0.4701125
2.4682624 -0.84328747 0.3988875
2.6236374 -1.0901 1.4535125
2.030875 -0.8592375 -0.02365
2.030875 -0.8592375 -0.02365
2.7460124 -0.3334375 0.66165
2.9077125 0.7062 0.604175
3.36215 0.7722 0.7255875
3.36215 0.7722 0.7255875
3.36325 0.0539 0.573375
2.7130125 -0.510125 0.4712125
1.9691374 -0.5240125 0.5148
1.4603875 -0.71335 0.1051875
1.6434 -0.952875 0.1689875
2.1638374 -0.6336 0.5531625
2.1415625 0.337975 0.3839
2.54375 0.6210875 0.79254997
2.67685 -0.034375 0.85855
2.67685 -0.034375 0.85855
1.6572875 -0.5451875 0.0955625
1.6572875 -0.5451875 0.0955625
2.2532125 -0.2547875 1.1257125
1.7477624 -0.74855 0.163625
1.7477624 -0.74855 0.163625
1.1444125 -0.5644375 0.41799998
1.6179625 -0.836825 -0.0928125
1.456125 -0.88577497 -0.5333625
1.456125 -0.88577497 -0.5333625
1.23475 -0.0664125 1.0852875
1.0784125 -0.12595 -0.1183875
2.1373 -0.002475 -0.1056
2.8353875 -0.101475 0.66275
2.8353875 -0.101475 0.66275
3.8399625 0.765875 -0.8921
1.46355 -0.1728375 1.195975
1.6775 -0.09185 0.2765125
0.737825 0.4082375 -0.64515
3.207875 0.191125 0.032725
3.207875 0.191125 0.032725
2.878975 -0.4005375 1.02135
2.930125 -0.313225 0.8234875
2.9896624 -0.4389 1.3204125
3.3738375 0.324225 0.23815
3.4335124 0.306075 1.1246125
3.8985374 0.5786 0.491425
3.4643126 0.85305 0.451
3.0864625 0.4338125 0.34347498
3.0864625 0.4338125 0.34347498
2.358675 -0.1940125 0.1189375
0.7079875 -0.7953 0.687225
0.4005375 -0.6942375 0.6798
0.4005375 -0.6942375 0.6798
0.91987497 -0.09185 1.7631625
1.6115 0.323125 1.095875
2.3181124 -0.3058 0.6840625
2.3181124 -0.3058 0.6840625
3.2429376 -0.48785 0.37867498
3.7910125 -0.4995375 -0.276925
2.502225 0.14973749 0.34141248
2.502225 0.14973749 0.34141248
2.5448499 0.570075 0.3955875
2.1734624 0.208175 -0.6961625
1.46685 -0.91245 0.286
1.46685 -0.91245 0.286
1.33375 -1.3828375 1.4663
3.5217874 -0.3260125 0.721325
3.5217874 -0.3260125 0.721325
4.3720875 -0.1046375 0.0902
3.36325 -0.4591125 -1.4922875
1.147575 -0.854975 0.6254875
1.3656499 1.0989 -0.5823125
2.3288374 0.7764625 0.253
2.3288374 0.7764625 0.253
3.6100626 -0.606925 1.6951
3.5143626 -0.9953625 1.0500875
2.5991626 -0.4037 -0.3375625
2.6257 0.667975 -0.309925
2.6257 0.667975 -0.309925
2.9662874 1.15115 1.0341375
2.5841749 1.156375 0.1093125
2.2543125 0.4796 -0.0950125
2.2543125 0.4796 -0.0950125
2.2617376 0.26565 0.3584625
2.0563126 -0.0482625 0.5148
1.1858 -0.2047375 0.2242625
1.163525 0.4838625 -0.1758625
1.4199625 0.5231875 0.0603625
2.0978374 0.2528625 0.737275
2.0978374 0.2528625 0.737275
2.6566374 -0.7676625 0.9436625
2.6566374 -0.7676625 0.9436625
3.5633125 -0.1205875 1.1820875
3.5633125 -0.1205875 1.1820875
4.1113873 0.1401125 1.8759125
4.1421876 -0.1610125 1.5822124
3.6782625 -0.953975 1.2353
3.2195625 -1.43275 1.1735625
3.2195625 -1.43275 1.1735625
2.6321626 -1.4870625 0.099825
2.6054876 -1.46905 0.0232375
1.818025 -0.02915 -0.865425
1.69345 0.5487625 -1.2145375
1.69345 0.5487625 -1.2145375
1.2731125 -0.1887875 0.834075
1.503975 -0.1142625 0.0455125
2.1649375 1.21495 -0.2492875
2.4682624 0.683925 0.735075
2.4682624 0.683925 0.735075
2.4745874 -0.32285 0.8767
2.4745874 -0.32285 0.8767
2.5289 -0.364375 -1.6380374
2.5289 -0.364375 -1.6380374
3.39295 -0.6666 -0.127875
1.4509 0.8105625 1.7854375
1.4509 0.8105625 1.7854375
1.1985875 0.8063 1.0096625
1.456125 1.3979625 1.1895125
1.4933875 -0.0099 0.522225
1.4933875 -0.0099 0.522225
0.5548125 -0.9486125 0.8969125
0.5548125 -0.9486125 0.8969125
0.722975 -0.6612375 0.6127
2.8683875 0.3795 0.66275
2.8012874 -0.3738625 0.509575
2.8183374 -0.7038625 0.3221625
2.8183374 -0.7038625 0.3221625
2.2787874 -0.9252375 0.21367499
1.6413375 -1.261425 -1.0899625
1.6413375 -1.261425 -1.0899625
2.3894749 0.045375 -0.408925
1.6658125 1.011725 0.508475
2.0807874 1.009525 -1.796575
2.0585124 0.29865 1.2076625
3.0300875 0.1188 0.522225
3.0300875 0.1188 0.522225
3.3026125 -0.4228125 0.6521625
2.4842124 -0.7932375 0.3584625
2.4842124 -0.7932375 0.3584625
3.3792 -0.5952375 -0.7621625
3.714425 0.2231625 -1.2123375
3.009875 0.9042 -0.736725
1.46685 0.5817625 0.5787375
1.359325 0.226325 -0.0748
1.732775 -0.15785 0.2754125
2.387275 -0.100375 0.2817375
3.3877249 -0.1153625 0.1593625
3.5366375 0.373175 0.211475
2.5075874 1.9449375 -0.2088625
2.748075 1.518275 -0.2556125
2.748075 1.518275 -0.2556125
3.0949874 1.0712625 0.017875
1.5593874 -0.4654375 0.4967875
0.363275 -0.81455 0.130625
1.69235 -0.25575 0.770275
1.69235 -0.25575 0.770275
2.0127249 -0.034375 0.836275
2.332 0.1518 0.6818625
2.357575 0.27307498 0.5350125
3.010975 0.339075 0.2168375
3.451525 -0.011 0.1667875
2.9715126 -1.63075 0.8107
2.0403626 -2.2543125 -0.278025
1.228425 -1.898875 -1.502875
1.7477624 1.125575 0.474375
2.602325 1.8662875 -0.618475
0.6601375 -0.2068 -0.6089875
0.6601375 -0.2068 -0.6089875
0.099275 -0.3185875 -0.6153125
0.5388625 1.0861125 0.9106625
1.620025 0.7414 1.2544125
1.620025 0.7414 1.2544125
0.934725 0.060225 0.1934625
0.6303 0.1549625 -0.0385
0.033275 -0.7953 -0.1502875
0.5526125 -0.8166125 0.114675
2.0425625 -0.3845875 -0.4673625
2.4607 -0.3686375 -0.7057875
3.2110374 1.7502375 0.5478
3.06845 1.3299 1.3024
1.0357875 1.125575 -0.080025
1.5679125 0.9477875 0.113575
2.8268626 -0.5696625 1.3278375
1.800975 -1.7127 0.687225
1.800975 -1.7127 0.687225
1.2507 -1.3220625 0.9521875
1.39975 -1.6817625 0.7117
1.8755 -1.722325 -0.3067625
1.8755 -1.722325 -0.3067625
1.4870625 -0.45155 -0.6557375
0.7676625 -0.0801625 -0.637725
0.7676625 -0.0801625 -0.637725
0.441925 0.2838 -0.0460625
0.1450625 -0.0121 0.1370875
0.068475 0.07205 0.1029875
-0.03795 0.0581625 0.00715
-0.0581625 -0.034375 -0.0853875
-0.0581625 -0.034375 -0.0853875
-0.180675 0.1656875 0.1456125
-0.27101249 0.0325875 0.21367499
-0.4519625 -0.0067375 0.198825
-0.360525 0.0869 0.33605
-0.360525 0.0869 0.33605
-0.292325 0.03795 0.1997875
-0.194425 -0.035475 0.1445125
-0.276375 0.2443375 -0.0034375
-0.259325 0.2773375 0.001925
-0.259325 0.2773375 0.001925
-0.226325 0.1816375 0.0114125
0.02805 0.191125 0.260425
0.15785 0.1518 0.1254
0.131175 0.0570625 -0.05555
-0.065725 -0.0419375 0.0306625
-0.065725 -0.0419375 0.0306625
-0.1486375 0.00275 0.018975
-0.0826375 0.0847 0.0061875
0.0545875 0.0741125 0.0295625
0.0226875 0.0826375 0.0061875
0.1035375 -0.0334125 0.0114125
0.1035375 -0.0334125 0.0114125
0.2759625 -0.1854875 0.031625
0.3696 -0.18975 0.0572
0.3696 -0.18975 0.0572
0.474925 -0.0141625 -0.0737
0.5355625 -0.0099 -0.1024375
0.5654 0.0103125 -0.1194875
0.4994 0.0433125 -0.0034375
0.3909125 0.17847499 -0.12375
0.2344375 0.1848 -0.1269125
0.2344375 0.1848 -0.1269125
-0.048675 0.1401125 -0.0523875
-0.245575 -0.044 0.1243
-0.161425 -0.0462 -0.0683375
-0.161425 -0.0462 -0.0683375
-0.0507375 0.03685 -0.08965
0.0034375 0.0666875 -0.0353375
-0.0262625 0.044275 -0.000275
