-20.643751 -17.587502 -32.4
-20.643751 -17.587502 -32.4
-20.643751 -17.587502 -32.4
-20.643751 -17.587502 -32.4
-32.34375 27.187502 1.3875
-32.287502 27.6 1.3125
-32.287502 27.6 1.3125
-32.287502 27.6 1.3125
-32.287502 27.6 1.3125
-32.2125 27.7875 1.25625
-32.2125 27.7875 1.25625
-32.287502 27.900002 1.2
-32.287502 27.900002 1.2
-32.287502 27.900002 1.2
-32.287502 27.843752 1.0875001
-32.287502 27.843752 1.0875001
-32.34375 28.2 0.7875
-32.34375 28.2 0.7875
-32.34375 28.2 0.7875
-32.34375 28.2 0.7875
-32.34375 28.312502 0.65625
-32.34375 28.312502 0.65625
-32.4 28.800001 0.6
-32.4 28.800001 0.6
-32.4 28.800001 0.6
-32.4 28.800001 0.6
-32.456253 28.743752 0.6
-32.456253 28.743752 0.6
-32.8125 28.44375 0.41250002
-32.8125 28.44375 0.41250002
-32.8875 28.25625 0.1875
-32.8875 28.25625 0.1875
-33.05625 28.44375 -0.05625
-33.05625 28.44375 -0.05625
-33.112503 28.612501 -0.05625
-33.112503 28.612501 -0.05625
-33.112503 28.612501 -0.05625
-33.112503 28.612501 -0.05625
-33.65625 28.612501 0.05625
-33.65625 28.612501 0.05625
-33.9 28.612501 -0.05625
-33.9 28.612501 -0.05625
-33.9 28.612501 -0.05625
-33.9 28.612501 -0.05625
-34.2 28.3875 -0.1125
-34.2 28.3875 -0.1125
-34.143753 28.25625 -0.05625
-34.143753 28.25625 -0.05625
-34.143753 28.25625 -0.05625
-33.956253 28.44375 0.1875
-33.956253 28.44375 0.1875
-34.0875 28.500002 0.54375005
-34.0875 28.500002 0.54375005
-34.0875 28.500002 0.54375005
-34.0125 28.500002 0.84375006
-34.0125 28.500002 0.84375006
-34.0875 28.612501 0.7875
-34.0875 28.612501 0.7875
-34.0875 28.612501 0.7875
-34.0875 28.612501 0.7875
-33.1875 28.687502 0.0
-33.1875 28.687502 0.0
-32.5875 28.800001 -2.1000001
-32.5875 28.800001 -2.1000001
-32.5875 28.800001 -2.1000001
-32.2125 26.94375 -5.5125003
-32.2125 26.94375 -5.5125003
-32.04375 23.456251 -9.4125
-32.04375 23.456251 -9.4125
-32.04375 23.456251 -9.4125
-32.04375 23.456251 -9.4125
-31.500002 19.987501 -13.9875
-31.500002 19.987501 -13.9875
-30.4125 14.812501 -18.6
-30.4125 14.812501 -18.6
-30.4125 14.812501 -18.6
-30.4125 14.812501 -18.6
-29.8875 8.45625 -20.8875
-29.8875 8.45625 -20.8875
-29.8875 8.45625 -20.8875
-30.4125 2.2125 -21.4125
-30.4125 2.2125 -21.4125
-31.3875 -3.4875002 -19.5
-31.3875 -3.4875002 -19.5
-31.3875 -3.4875002 -19.5
-32.756252 -8.2875 -16.3875
-32.756252 -8.2875 -16.3875
-33.300003 -12.0 -11.887501
-33.300003 -12.0 -11.887501
-33.300003 -12.0 -11.887501
-33.300003 -12.0 -11.887501
-34.3125 -12.843751 -5.5875
-34.987503 -11.212501 1.6125001
-34.987503 -11.212501 1.6125001
-34.987503 -11.212501 1.6125001
-34.987503 -11.212501 1.6125001
-34.987503 -11.212501 1.6125001
-35.4 -5.9437504 7.9125004
-35.4 -5.9437504 7.9125004
-35.2125 1.5 9.6
-35.2125 1.5 9.6
-35.2125 1.5 9.6
-33.9 8.043751 7.8562503
-33.9 8.043751 7.8562503
-32.5875 12.656251 3.0
-32.5875 12.656251 3.0
-32.5875 12.656251 3.0
-30.956251 14.156251 -2.2875001
-30.956251 14.156251 -2.2875001
-30.956251 14.887501 -6.05625
-30.956251 14.887501 -6.05625
-30.956251 14.887501 -6.05625
-30.956251 14.887501 -6.05625
-30.6 12.7875 -9.712501
-30.6 12.7875 -9.712501
-30.656252 7.6875005 -13.012501
-30.656252 7.6875005 -13.012501
-30.656252 7.6875005 -13.012501
-31.556252 1.1437501 -15.056251
-31.556252 1.1437501 -15.056251
-32.756252 -5.7000003 -13.312501
-32.756252 -5.7000003 -13.312501
-32.756252 -5.7000003 -13.312501
-34.0125 -9.543751 -8.400001
-34.0125 -9.543751 -8.400001
-34.0125 -9.543751 -8.400001
-34.987503 -10.856251 -1.9875001
-34.987503 -10.856251 -1.9875001
-36.0 -8.34375 3.8437502
-36.0 -8.34375 3.8437502
-36.0 -8.34375 3.8437502
-35.643753 -3.4125001 6.8437505
-35.643753 -3.4125001 6.8437505
-35.643753 -3.4125001 6.8437505
-35.34375 3.24375 7.3125005
-34.74375 9.4125 5.1000004
-34.74375 9.4125 5.1000004
-33.787502 13.743751 0.95625
-33.787502 13.743751 0.95625
-33.787502 13.743751 0.95625
-32.4 14.1 -4.2000003
-32.4 14.1 -4.2000003
-32.04375 10.9125 -8.587501
-32.04375 10.9125 -8.587501
-32.04375 10.9125 -8.587501
-32.04375 10.9125 -8.587501
-31.85625 6.6000004 -11.887501
-31.85625 6.6000004 -11.887501
-31.743752 0.6 -13.856251
-31.743752 0.6 -13.856251
-31.743752 0.6 -13.856251
-31.987501 -5.8125 -13.25625
-31.987501 -5.8125 -13.25625
-31.987501 -5.8125 -13.25625
-32.287502 -11.34375 -10.5
-32.287502 -11.34375 -10.5
-32.287502 -11.34375 -10.5
-33.24375 -15.056251 -5.2125
-33.24375 -15.056251 -5.2125
-34.5 -16.800001 1.5
-34.5 -16.800001 1.5
-34.5 -16.800001 1.5
-34.5 -16.800001 1.5
-35.5875 -15.187501 8.1
-35.5875 -15.187501 8.1
-35.943752 -11.1 12.4875
-35.943752 -11.1 12.4875
-35.943752 -11.1 12.4875
-36.300003 0.95625 16.087502
-36.300003 0.95625 16.087502
-36.300003 0.95625 16.087502
-35.943752 7.3875003 15.6
-35.943752 7.3875003 15.6
-35.943752 7.3875003 15.6
-35.4 13.012501 12.900001
-35.4 13.012501 12.900001
-34.85625 16.987501 8.15625
-34.85625 16.987501 8.15625
-34.85625 16.987501 8.15625
-34.612503 19.6875 2.7562501
-34.612503 19.6875 2.7562501
-34.612503 19.6875 2.7562501
-34.5 20.7 -3.4875002
-34.5 20.7 -3.4875002
-34.5 20.7 -3.4875002
-33.84375 19.3875 -9.900001
-33.84375 19.3875 -9.900001
-33.35625 14.887501 -14.45625
-33.35625 14.887501 -14.45625
-33.35625 14.887501 -14.45625
-33.787502 8.8125 -16.556252
-33.787502 8.8125 -16.556252
-33.787502 8.8125 -16.556252
-34.0875 2.2875001 -17.15625
-34.0875 2.2875001 -17.15625
-34.0875 2.2875001 -17.15625
-34.0875 2.2875001 -17.15625
-34.256252 -4.2562504 -14.812501
-34.256252 -4.2562504 -14.812501
-34.256252 -8.8125 -9.6
-34.256252 -8.8125 -9.6
-34.256252 -8.8125 -9.6
-33.787502 -12.187501 -3.7875001
-33.787502 -12.187501 -3.7875001
-33.84375 -12.6 3.1875002
-33.84375 -12.6 3.1875002
-33.84375 -12.6 3.1875002
-34.0125 -11.2875 10.14375
-34.0125 -11.2875 10.14375
-33.9 -7.3125005 15.843751
-33.9 -7.3125005 15.843751
-33.9 -7.3125005 15.843751
-32.943752 -0.41250002 18.54375
-32.943752 -0.41250002 18.54375
-32.943752 -0.41250002 18.54375
-32.34375 5.8875003 16.44375
-32.34375 5.8875003 16.44375
-32.34375 5.8875003 16.44375
-31.612501 9.1125 10.743751
-31.612501 9.1125 10.743751
-31.143751 8.700001 4.0875
-31.143751 8.700001 4.0875
-31.143751 8.700001 4.0875
-30.54375 6.7875004 -1.8000001
-30.54375 6.7875004 -1.8000001
-30.056252 3.05625 -6.95625
-30.056252 3.05625 -6.95625
-30.056252 3.05625 -6.95625
-30.187502 -0.95625 -9.4875
-30.187502 -0.95625 -9.4875
-30.187502 -0.95625 -9.4875
-30.000002 -5.5125003 -9.7875
-30.000002 -5.5125003 -9.7875
-30.000002 -5.5125003 -9.7875
-30.187502 -9.900001 -7.6875005
-30.187502 -9.900001 -7.6875005
-30.187502 -9.900001 -7.6875005
-30.243752 -11.8125 -2.2875001
-30.243752 -11.8125 -2.2875001
-30.300001 -11.34375 5.7000003
-30.300001 -11.34375 5.7000003
-30.300001 -11.34375 5.7000003
-30.900002 -7.8562503 12.187501
-30.900002 -7.8562503 12.187501
-31.85625 -2.15625 16.25625
-31.85625 -2.15625 16.25625
-31.85625 -2.15625 16.25625
-31.85625 -2.15625 16.25625
-32.456253 4.6875 17.34375
-32.456253 4.6875 17.34375
-32.34375 10.856251 14.887501
-32.34375 10.856251 14.887501
-32.34375 10.856251 14.887501
-32.5875 14.587501 8.887501
-32.5875 14.587501 8.887501
-32.7 14.1 1.6125001
-32.7 14.1 1.6125001
-32.7 14.1 1.6125001
-32.7 14.1 1.6125001
-32.943752 11.34375 -4.9125004
-32.943752 11.34375 -4.9125004
-33.787502 8.34375 -11.45625
-33.787502 8.34375 -11.45625
-33.787502 8.34375 -11.45625
-33.787502 8.34375 -11.45625
-34.3125 4.0125003 -15.6
-34.3125 4.0125003 -15.6
-34.6875 -1.1437501 -16.6875
-34.6875 -1.1437501 -16.6875
-34.6875 -1.1437501 -16.6875
-34.74375 -6.7875004 -14.587501
-34.74375 -6.7875004 -14.587501
-34.74375 -6.7875004 -14.587501
-35.04375 -10.44375 -9.7875
-35.04375 -10.44375 -9.7875
-35.04375 -10.44375 -9.7875
-35.287502 -11.64375 -3.54375
-35.287502 -11.64375 -3.54375
-35.287502 -11.64375 -3.54375
-35.4 -10.743751 3.6562502
-35.4 -10.743751 3.6562502
-35.4 -10.743751 3.6562502
-35.7 -7.6125 9.4125
-35.7 -7.6125 9.4125
-35.7 -7.6125 9.4125
-35.456253 -3.05625 13.9875
-35.456253 -3.05625 13.9875
-35.456253 -3.05625 13.9875
-34.987503 2.8875 16.25625
-34.987503 2.8875 16.25625
-34.987503 2.8875 16.25625
-34.256252 9.056251 15.6
-34.256252 9.056251 15.6
-34.256252 9.056251 15.6
-33.412502 14.45625 11.400001
-33.412502 14.45625 11.400001
-33.412502 14.45625 11.400001
-33.300003 16.087502 5.34375
-33.300003 16.087502 5.34375
-33.112503 16.5 -0.7875
-33.112503 16.5 -0.7875
-33.112503 16.5 -0.7875
-33.112503 16.5 -0.7875
-32.7 15.6 -7.9875
-32.7 15.6 -7.9875
-32.34375 11.587501 -13.44375
-32.34375 11.587501 -13.44375
-32.34375 11.587501 -13.44375
-32.34375 11.587501 -13.44375
-32.34375 6.05625 -15.4125
-31.987501 0.05625 -14.043751
-31.987501 0.05625 -14.043751
-31.987501 0.05625 -14.043751
-31.987501 0.05625 -14.043751
-32.04375 -4.9125004 -10.6125
-32.04375 -4.9125004 -10.6125
-32.7 -7.5000005 -4.6125
-32.7 -7.5000005 -4.6125
-32.7 -7.5000005 -4.6125
-32.5125 -8.2875 1.5562501
-32.5125 -8.2875 1.5562501
-32.5125 -8.2875 1.5562501
-32.8125 -7.0125003 7.2562504
-32.8125 -7.0125003 7.2562504
-32.8125 -7.0125003 7.2562504
-32.8125 -7.0125003 7.2562504
-33.05625 -2.5125 11.94375
-33.05625 -2.5125 11.94375
-32.8875 3.54375 15.3
-32.8875 3.54375 15.3
-32.8875 3.54375 15.3
-32.5125 10.200001 13.556251
-32.5125 10.200001 13.556251
-32.100002 16.087502 8.043751
-32.100002 16.087502 8.043751
-32.100002 16.087502 8.043751
-32.100002 16.087502 8.043751
-32.456253 18.7875 2.1000001
-32.456253 18.7875 2.1000001
-32.456253 18.7875 2.1000001
-31.3875 18.0 -5.64375
-31.3875 18.0 -5.64375
-30.656252 15.3 -12.543751
-30.656252 15.3 -12.543751
-30.656252 15.3 -12.543751
-30.187502 10.14375 -16.0125
-30.187502 10.14375 -16.0125
-30.4125 3.24375 -17.34375
-30.656252 -3.0 -15.95625
-30.656252 -3.0 -15.95625
-31.2 -7.55625 -11.043751
-31.2 -7.55625 -11.043751
-31.2 -7.55625 -11.043751
-31.2 -7.55625 -11.043751
-31.743752 -10.3125 -4.2562504
-31.743752 -10.3125 -4.2562504
-30.54375 -10.14375 2.6437502
-30.54375 -10.14375 2.6437502
-30.54375 -10.14375 2.6437502
-30.956251 -7.3125005 10.14375
-30.956251 -7.3125005 10.14375
-31.25625 -1.25625 15.000001
-31.25625 -1.25625 15.000001
-31.25625 -1.25625 15.000001
-31.25625 -1.25625 15.000001
-31.087502 5.8875003 15.95625
-31.087502 5.8875003 15.95625
-31.087502 5.8875003 15.95625
-30.54375 12.243751 13.8
-30.54375 12.243751 13.8
-30.54375 12.243751 13.8
-29.94375 16.556252 8.400001
-29.94375 16.556252 8.400001
-29.94375 16.556252 8.400001
-28.85625 17.75625 0.65625
-28.85625 17.75625 0.65625
-28.85625 17.75625 0.65625
-28.85625 17.75625 0.65625
-28.143751 16.556252 -7.2000003
-28.143751 16.556252 -7.2000003
-28.3875 12.4875 -13.856251
-28.3875 12.4875 -13.856251
-28.3875 12.4875 -13.856251
-29.04375 7.0875 -18.65625
-29.04375 7.0875 -18.65625
-29.04375 7.0875 -18.65625
-29.1 -0.1125 -19.85625
-29.1 -0.1125 -19.85625
-29.212502 -6.6000004 -17.04375
-29.212502 -6.6000004 -17.04375
-29.212502 -6.6000004 -17.04375
-29.2875 -10.8 -11.043751
-29.2875 -10.8 -11.043751
-29.400002 -12.4875 -3.9562502
-29.400002 -12.4875 -3.9562502
-29.400002 -12.4875 -3.9562502
-30.487501 -11.700001 3.54375
-30.487501 -11.700001 3.54375
-30.487501 -11.700001 3.54375
-31.800001 -8.887501 10.087501
-31.800001 -8.887501 10.087501
-31.800001 -8.887501 10.087501
-32.5125 -3.6000001 14.812501
-32.5125 -3.6000001 14.812501
-32.5125 2.8125 17.7
-32.5125 2.8125 17.7
-32.5125 2.8125 17.7
-32.5125 2.8125 17.7
-32.7 9.900001 16.743752
-32.7 9.900001 16.743752
-32.456253 15.3 10.9125
-32.456253 15.3 10.9125
-32.456253 15.3 10.9125
-32.4 18.0 3.4125001
-32.4 18.0 3.4125001
-32.4 18.0 3.4125001
-32.2125 18.84375 -4.2000003
-32.2125 18.84375 -4.2000003
-32.2125 18.84375 -4.2000003
-31.612501 17.04375 -10.9875
-31.612501 17.04375 -10.9875
-30.956251 13.312501 -16.743752
-30.956251 13.312501 -16.743752
-30.956251 13.312501 -16.743752
-30.956251 13.312501 -16.743752
-31.25625 7.74375 -19.9125
-31.25625 7.74375 -19.9125
-31.312502 0.84375006 -21.35625
-31.312502 0.84375006 -21.35625
-31.312502 0.84375006 -21.35625
-31.85625 -5.0437503 -18.54375
-31.85625 -5.0437503 -18.54375
-32.15625 -8.75625 -12.056251
-32.15625 -8.75625 -12.056251
-32.15625 -8.75625 -12.056251
-32.15625 -8.75625 -12.056251
-32.456253 -10.3125 -5.0437503
-32.456253 -10.3125 -5.0437503
-33.0 -10.9875 2.4562502
-33.0 -10.9875 2.4562502
-33.600002 -7.9875 9.0
-33.956253 -2.5125 13.8
-33.956253 -2.5125 13.8
-33.300003 4.2000003 14.75625
-33.300003 4.2000003 14.75625
-33.300003 4.2000003 14.75625
-32.8875 11.043751 12.843751
-32.8875 11.043751 12.843751
-32.8875 11.043751 12.843751
-32.2125 15.543751 7.55625
-32.2125 15.543751 7.55625
-32.2125 15.543751 7.55625
-32.34375 17.587502 0.71250004
-32.34375 17.587502 0.71250004
-32.34375 17.587502 0.71250004
-32.34375 17.34375 -6.05625
-32.34375 17.34375 -6.05625
-32.34375 17.34375 -6.05625
-32.34375 17.34375 -6.05625
-32.643753 15.543751 -12.4125
-32.643753 15.543751 -12.4125
-32.5125 11.043751 -17.1
-32.5125 11.043751 -17.1
-32.5125 11.043751 -17.1
-32.5875 4.14375 -19.6875
-32.5875 4.14375 -19.6875
-32.7 -2.8125 -18.243752
-32.7 -2.8125 -18.243752
-32.7 -2.8125 -18.243752
-32.756252 -7.55625 -13.14375
-32.756252 -7.55625 -13.14375
-32.8875 -9.1875 -6.4875
-32.8875 -9.1875 -6.4875
-32.8875 -9.1875 -6.4875
-32.8875 -9.1875 -6.4875
-33.05625 -9.712501 0.1125
-33.05625 -9.712501 0.1125
-33.412502 -9.900001 7.0875
-33.412502 -9.900001 7.0875
-33.412502 -9.900001 7.0875
-33.112503 -7.55625 13.087501
-33.112503 -7.55625 13.087501
-33.112503 -3.24375 17.643751
-33.112503 -3.24375 17.643751
-33.112503 -3.24375 17.643751
-33.112503 -3.24375 17.643751
-32.8125 3.7875001 19.85625
-32.8125 3.7875001 19.85625
-32.8875 10.14375 16.5
-32.8875 10.14375 16.5
-32.943752 13.25625 10.200001
-32.943752 13.25625 10.200001
-32.943752 13.25625 10.200001
-33.05625 14.043751 3.6562502
-33.05625 14.043751 3.6562502
-33.1875 13.9125 -3.0
-33.1875 13.9125 -3.0
-33.1875 13.9125 -3.0
-33.24375 12.900001 -9.1875
-33.24375 12.900001 -9.1875
-33.24375 10.14375 -14.75625
-33.24375 10.14375 -14.75625
-33.24375 10.14375 -14.75625
-33.112503 4.9875 -19.087502
-33.112503 4.9875 -19.087502
-33.0 -2.6437502 -19.800001
-33.0 -2.6437502 -19.800001
-33.0 -2.6437502 -19.800001
-32.8875 -8.64375 -15.900001
-32.8875 -8.64375 -15.900001
-32.8875 -8.64375 -15.900001
-33.35625 -12.6 -10.5
-33.35625 -12.6 -10.5
-33.35625 -12.6 -10.5
-33.300003 -15.1125 -3.7875001
-33.300003 -15.1125 -3.7875001
-32.456253 -16.2 3.6000001
-32.456253 -16.2 3.6000001
-32.456253 -16.2 3.6000001
-32.456253 -16.2 3.6000001
-32.643753 -14.512501 9.243751
-32.643753 -10.9875 14.45625
-32.643753 -10.9875 14.45625
-32.643753 -10.9875 14.45625
-32.643753 -10.9875 14.45625
-32.756252 -4.8562503 17.587502
-32.756252 -4.8562503 17.587502
-32.756252 2.6437502 16.987501
-32.756252 2.6437502 16.987501
-32.756252 2.6437502 16.987501
-32.756252 2.6437502 16.987501
-32.756252 8.587501 12.95625
-32.756252 8.587501 12.95625
-31.987501 13.012501 7.6125
-31.987501 13.012501 7.6125
-31.987501 13.012501 7.6125
-32.04375 15.712501 0.95625
-32.04375 15.712501 0.95625
-32.5875 16.0125 -6.3562503
-32.5875 16.0125 -6.3562503
-32.5875 16.0125 -6.3562503
-32.5875 16.0125 -6.3562503
-31.987501 14.2875 -12.543751
-31.987501 14.2875 -12.543751
-31.800001 9.65625 -16.743752
-31.800001 9.65625 -16.743752
-31.556252 3.05625 -16.987501
-31.556252 3.05625 -16.987501
-31.556252 3.05625 -16.987501
-31.556252 -3.4125001 -13.9875
-31.556252 -3.4125001 -13.9875
-31.556252 -3.4125001 -13.9875
-31.687502 -8.887501 -9.6
-31.687502 -8.887501 -9.6
-31.687502 -8.887501 -9.6
-31.687502 -8.887501 -9.6
-32.287502 -12.656251 -3.54375
-32.8875 -14.1 2.04375
-32.8875 -14.1 2.04375
-32.8875 -14.1 2.04375
-32.8875 -14.1 2.04375
-33.65625 -12.1125 7.55625
-33.65625 -12.1125 7.55625
-34.3875 -7.8 12.0
-34.3875 -7.8 12.0
-34.3875 -7.8 12.0
-34.3875 -7.8 12.0
-34.3875 -0.95625 12.843751
-34.3875 -0.95625 12.843751
-33.956253 6.6000004 9.900001
-33.956253 6.6000004 9.900001
-33.956253 6.6000004 9.900001
-33.956253 6.6000004 9.900001
-34.3125 12.4125 5.7562504
-34.3125 12.4125 5.7562504
-34.3125 17.212502 1.25625
-34.3125 17.212502 1.25625
-34.3125 17.212502 1.25625
-34.0125 19.987501 -4.55625
-34.0125 19.987501 -4.55625
-33.600002 19.85625 -9.84375
-33.600002 19.85625 -9.84375
-33.600002 19.85625 -9.84375
-33.54375 16.6875 -13.9125
-33.54375 16.6875 -13.9125
-32.943752 10.25625 -15.187501
-32.943752 10.25625 -15.187501
-32.943752 10.25625 -15.187501
-33.1875 3.7125 -12.6
-33.1875 3.7125 -12.6
-33.9 -1.44375 -7.9875
-33.9 -1.44375 -7.9875
-33.9 -1.44375 -7.9875
-33.9 -1.44375 -7.9875
-34.3875 -5.1000004 -3.6000001
-34.3875 -5.1000004 -3.6000001
-34.143753 -8.45625 1.8000001
-34.143753 -8.45625 1.8000001
-34.3875 -9.95625 8.212501
-34.3875 -9.95625 8.212501
-34.3875 -9.95625 8.212501
-34.55625 -8.45625 13.8
-34.55625 -8.45625 13.8
-34.5 -4.4437504 17.212502
-34.5 -4.4437504 17.212502
-34.5 -4.4437504 17.212502
-34.5 -4.4437504 17.212502
-34.3875 2.8125 18.1875
-33.84375 9.0 14.587501
-33.84375 9.0 14.587501
-33.84375 9.0 14.587501
-33.84375 9.0 14.587501
-33.112503 13.087501 8.94375
-33.112503 13.087501 8.94375
-33.112503 13.087501 8.94375
-32.2125 16.087502 3.1875002
-32.2125 16.087502 3.1875002
-32.2125 16.087502 3.1875002
-32.5125 18.4125 -3.35625
-32.5125 18.4125 -3.35625
-32.8875 19.143751 -9.84375
-32.8875 19.143751 -9.84375
-32.8875 19.143751 -9.84375
-32.8875 19.143751 -9.84375
-32.34375 17.456251 -15.543751
-32.34375 17.456251 -15.543751
-32.34375 17.456251 -15.543751
-31.612501 13.14375 -20.15625
-31.612501 13.14375 -20.15625
-31.612501 13.14375 -20.15625
-31.2 6.1125 -22.3125
-31.2 6.1125 -22.3125
-30.900002 -1.0875001 -19.5
-30.900002 -1.0875001 -19.5
-30.900002 -1.0875001 -19.5
-31.2 -6.0 -13.687501
-31.2 -6.0 -13.687501
-31.25625 -10.200001 -7.74375
-31.25625 -10.200001 -7.74375
-31.25625 -10.200001 -7.74375
-31.143751 -12.356251 -1.3125
-31.143751 -12.356251 -1.3125
-31.087502 -13.087501 4.55625
-31.087502 -13.087501 4.55625
-31.087502 -13.087501 4.55625
-31.312502 -12.3 10.556251
-31.312502 -12.3 10.556251
-31.312502 -12.3 10.556251
-31.44375 -8.2875 16.44375
-31.44375 -8.2875 16.44375
-31.9125 -1.3125 19.556252
-31.9125 -1.3125 19.556252
-31.9125 -1.3125 19.556252
-31.9125 6.5437503 18.056252
-31.9125 6.5437503 18.056252
-31.800001 12.6 13.500001
-31.800001 12.6 13.500001
-31.3875 17.8875 8.1
-31.3875 17.8875 8.1
-31.143751 21.4125 2.34375
-31.143751 21.4125 2.34375
-31.143751 21.4125 2.34375
-31.143751 21.4125 2.34375
-30.4125 22.6875 -4.2562504
-30.4125 22.6875 -4.2562504
-30.35625 21.0 -10.387501
-30.35625 21.0 -10.387501
-30.35625 21.0 -10.387501
-30.843752 16.5 -14.75625
-30.843752 16.5 -14.75625
-30.843752 10.012501 -16.85625
-30.843752 10.012501 -16.85625
-30.843752 10.012501 -16.85625
-30.843752 10.012501 -16.85625
-31.500002 3.1875002 -15.4125
-31.500002 3.1875002 -15.4125
-32.4 -3.05625 -12.056251
-32.4 -3.05625 -12.056251
-32.4 -3.05625 -12.056251
-32.4 -3.05625 -12.056251
-33.24375 -8.400001 -7.0875
-33.24375 -8.400001 -7.0875
-33.65625 -12.0 -1.3875
-33.65625 -12.0 -1.3875
-33.65625 -12.0 -1.3875
-34.3125 -12.056251 4.8
-34.3125 -12.056251 4.8
-34.443752 -8.887501 10.44375
-34.443752 -8.887501 10.44375
-34.443752 -8.887501 10.44375
-33.84375 -3.54375 14.1
-33.84375 -3.54375 14.1
-33.84375 -3.54375 14.1
-33.7125 3.0 13.44375
-33.7125 3.0 13.44375
-33.05625 8.2875 8.94375
-33.05625 8.2875 8.94375
-33.05625 8.2875 8.94375
-32.4 11.64375 3.4875002
-32.4 11.64375 3.4875002
-32.04375 14.45625 -2.8875
-32.04375 14.45625 -2.8875
-32.04375 14.45625 -2.8875
-32.2125 14.212501 -8.8125
-32.2125 14.212501 -8.8125
-32.5125 11.15625 -12.656251
-32.5125 11.15625 -12.656251
-32.5125 11.15625 -12.656251
-32.5125 6.3562503 -15.6
-32.5125 6.3562503 -15.6
-32.7 0.0 -16.800001
-32.7 0.0 -16.800001
-32.7 0.0 -16.800001
-32.7 0.0 -16.800001
-33.05625 -6.0 -13.743751
-33.05625 -6.0 -13.743751
-34.0875 -10.387501 -8.2875
-34.0875 -10.387501 -8.2875
-34.0875 -10.387501 -8.2875
-34.0875 -10.387501 -8.2875
-35.2125 -11.700001 -2.9437501
-35.2125 -11.700001 -2.9437501
-36.0 -12.712501 3.0
-36.0 -12.712501 3.0
-36.0 -12.712501 3.0
-36.112503 -11.34375 8.700001
-36.112503 -11.34375 8.700001
-35.4 -7.0125003 12.900001
-35.4 -7.0125003 12.900001
-35.4 -7.0125003 12.900001
-35.4 -7.0125003 12.900001
-34.6875 -0.54375005 15.056251
-34.6875 -0.54375005 15.056251
-34.0125 6.9 13.14375
-34.0125 6.9 13.14375
-34.0125 6.9 13.14375
-33.300003 12.356251 8.700001
-33.300003 12.356251 8.700001
-33.0 16.143751 3.8437502
-33.0 16.143751 3.8437502
-33.0 16.143751 3.8437502
-32.287502 17.212502 -1.2
-31.85625 18.056252 -6.4125004
-32.643753 13.9125 -16.9125
-32.643753 13.9125 -16.9125
-33.956253 0.35625002 -19.44375
-34.3125 -5.4 -15.000001
-34.800003 -12.0 -4.6875
-35.287502 -12.900001 0.54375005
-35.100002 -12.356251 5.8125
-35.100002 -12.356251 5.8125
-34.800003 -9.4875 10.387501
-34.800003 -9.4875 10.387501
-34.143753 -3.9 14.587501
-34.143753 -3.9 14.587501
-34.143753 -3.9 14.587501
-33.787502 3.35625 15.356251
-33.787502 3.35625 15.356251
-33.787502 3.35625 15.356251
-33.35625 10.087501 13.200001
-33.35625 10.087501 13.200001
-33.35625 10.087501 13.200001
-32.5875 16.2 9.95625
-32.5875 16.2 9.95625
-31.687502 20.400002 4.9125004
-31.687502 20.400002 4.9125004
-31.687502 20.400002 4.9125004
-29.75625 22.987501 -6.7125
-29.75625 22.987501 -6.7125
-29.75625 20.643751 -12.1125
-29.75625 20.643751 -12.1125
-29.75625 20.643751 -12.1125
-30.54375 15.7875 -16.556252
-30.54375 15.7875 -16.556252
-30.54375 15.7875 -16.556252
-31.143751 9.243751 -18.65625
-31.143751 9.243751 -18.65625
-31.143751 9.243751 -18.65625
-31.687502 1.8000001 -17.456251
-31.687502 1.8000001 -17.456251
-31.687502 1.8000001 -17.456251
-31.9125 -4.4437504 -13.312501
-31.9125 -4.4437504 -13.312501
-32.2125 -8.94375 -7.6875005
-32.2125 -8.94375 -7.6875005
-32.7 -12.4125 -1.0875001
-32.7 -12.4125 -1.0875001
-32.7 -12.4125 -1.0875001
-33.24375 -11.75625 5.2125
-33.24375 -11.75625 5.2125
-32.756252 -8.2875 10.087501
-32.756252 -8.2875 10.087501
-32.756252 -8.2875 10.087501
-31.800001 -2.5875 12.356251
-31.800001 -2.5875 12.356251
-31.800001 -2.5875 12.356251
-31.143751 3.3000002 11.400001
-31.143751 3.3000002 11.400001
-31.143751 3.3000002 11.400001
-30.7875 8.94375 7.2000003
-30.7875 8.94375 7.2000003
-30.7875 8.94375 7.2000003
-30.712502 12.712501 1.1437501
-30.712502 12.712501 1.1437501
-30.7875 14.75625 -5.5125003
-30.7875 14.75625 -5.5125003
-31.143751 14.156251 -11.2875
-31.143751 14.156251 -11.2875
-31.143751 14.156251 -11.2875
-31.2 11.043751 -16.0125
-31.2 11.043751 -16.0125
-31.2 11.043751 -16.0125
-31.556252 6.3 -19.85625
-31.556252 6.3 -19.85625
-31.556252 6.3 -19.85625
-32.15625 -0.90000004 -20.8875
-32.15625 -0.90000004 -20.8875
-32.15625 -0.90000004 -20.8875
-32.4 -7.2000003 -17.1
-32.4 -7.2000003 -17.1
-32.4 -7.2000003 -17.1
-32.643753 -10.556251 -10.6875
-32.643753 -10.556251 -10.6875
-32.643753 -10.556251 -10.6875
-33.0 -12.187501 -3.9
-33.0 -12.187501 -3.9
-33.0 -12.187501 -3.9
-33.1875 -12.900001 3.05625
-33.1875 -12.900001 3.05625
-33.1875 -12.900001 3.05625
-33.35625 -10.25625 8.587501
-33.35625 -10.25625 8.587501
-33.35625 -10.25625 8.587501
-33.35625 -10.25625 8.587501
-32.943752 -5.5125003 12.4125
-32.943752 -5.5125003 12.4125
-32.7 0.1875 14.45625
-32.7 0.1875 14.45625
-32.7 0.1875 14.45625
-32.34375 6.6562505 13.500001
-32.34375 6.6562505 13.500001
-32.34375 6.6562505 13.500001
-32.2125 10.5 8.2875
-32.2125 10.5 8.2875
-32.34375 11.75625 1.3875
-32.34375 11.75625 1.3875
-32.34375 11.75625 1.3875
-32.34375 11.75625 1.3875
-32.2125 12.1125 -5.5875
-32.2125 12.1125 -5.5875
-32.643753 11.587501 -11.75625
-32.643753 11.587501 -11.75625
-32.643753 11.587501 -11.75625
-32.5875 9.4125 -17.587502
-32.8875 3.8437502 -21.243752
-32.8875 3.8437502 -21.243752
-32.8875 3.8437502 -21.243752
-32.7 -3.24375 -21.1875
-32.7 -3.24375 -21.1875
-32.7 -3.24375 -21.1875
-33.0 -9.1125 -17.04375
-33.0 -9.1125 -17.04375
-33.0 -9.1125 -17.04375
-33.600002 -10.9875 -10.14375
-33.600002 -10.9875 -10.14375
-33.600002 -10.9875 -10.14375
-33.54375 -11.34375 -3.05625
-33.54375 -11.34375 -3.05625
-33.54375 -11.34375 -3.05625
-33.65625 -11.512501 4.14375
-33.65625 -11.512501 4.14375
-32.8125 -11.34375 10.8
-32.8125 -11.34375 10.8
-32.8125 -11.34375 10.8
-32.5125 -9.7875 16.612501
-32.5125 -9.7875 16.612501
-32.7 -4.9875 20.75625
-32.7 -4.9875 20.75625
-32.943752 1.5562501 22.143751
-32.943752 1.5562501 22.143751
-32.943752 1.5562501 22.143751
-33.05625 7.6125 18.900002
-33.05625 7.6125 18.900002
-32.456253 11.212501 12.712501
-32.456253 11.212501 12.712501
-32.456253 11.212501 12.712501
-32.456253 11.212501 12.712501
-32.456253 13.14375 6.1875005
-32.456253 13.14375 6.1875005
-32.456253 13.14375 6.1875005
-32.456253 14.512501 -0.90000004
-32.456253 14.512501 -0.90000004
-33.0 15.3 -8.212501
-33.0 15.3 -8.212501
-33.0 15.3 -8.212501
-33.0 15.3 -8.212501
-33.112503 13.743751 -14.212501
-33.112503 13.743751 -14.212501
-32.8125 8.887501 -17.8875
-32.8125 8.887501 -17.8875
-32.943752 2.5875 -19.3125
-32.943752 2.5875 -19.3125
-32.943752 2.5875 -19.3125
-32.943752 2.5875 -19.3125
-32.8875 -3.7875001 -16.6875
-32.8875 -3.7875001 -16.6875
-32.8875 -3.7875001 -16.6875
-33.487503 -8.45625 -11.75625
-33.487503 -8.45625 -11.75625
-33.487503 -8.45625 -11.75625
-34.2 -12.543751 -7.3875003
-34.2 -12.543751 -7.3875003
-34.5 -16.5 -2.2875001
-34.987503 -17.75625 3.1125002
-34.987503 -17.75625 3.1125002
-34.912502 -18.0 8.94375
-34.912502 -18.0 8.94375
-34.912502 -18.0 8.94375
-34.5 -16.3125 13.44375
-34.5 -16.3125 13.44375
-34.5 -16.3125 13.44375
-34.800003 -12.3 15.843751
-34.800003 -12.3 15.843751
-34.800003 -12.3 15.843751
-35.5125 -7.2000003 15.900001
-35.5125 -7.2000003 15.900001
-35.5125 -7.2000003 15.900001
-35.4 -1.5 14.45625
-35.4 -1.5 14.45625
-35.4 -1.5 14.45625
-34.55625 4.9875 13.087501
-34.55625 4.9875 13.087501
-34.0875 10.9125 10.14375
-34.0875 10.9125 10.14375
-33.05625 15.000001 5.45625
-33.05625 15.000001 5.45625
-33.05625 15.000001 5.45625
-32.4 17.34375 -1.44375
-32.4 17.34375 -1.44375
-32.04375 17.643751 -8.512501
-32.04375 17.643751 -8.512501
-32.04375 17.643751 -8.512501
-31.44375 15.6 -14.512501
-31.44375 15.6 -14.512501
-31.44375 15.6 -14.512501
-30.843752 10.9125 -18.4125
-30.843752 10.9125 -18.4125
-30.956251 4.4437504 -19.6875
-30.956251 4.4437504 -19.6875
-30.956251 4.4437504 -19.6875
-31.312502 -2.7 -18.487501
-31.312502 -2.7 -18.487501
-31.800001 -8.212501 -14.94375
-31.800001 -8.212501 -14.94375
-31.800001 -8.212501 -14.94375
-33.112503 -11.75625 -9.7875
-33.112503 -11.75625 -9.7875
-33.112503 -11.75625 -9.7875
-34.3125 -13.200001 -3.6562502
-34.3125 -13.200001 -3.6562502
-35.643753 -11.2875 1.9125
-35.643753 -11.2875 1.9125
-35.643753 -11.2875 1.9125
-35.643753 -11.2875 1.9125
-36.300003 -7.2000003 5.64375
-36.300003 -7.2000003 5.64375
-36.24375 -1.3125 7.2000003
-36.24375 -1.3125 7.2000003
-36.24375 -1.3125 7.2000003
-35.643753 5.2875004 5.9437504
-35.643753 5.2875004 5.9437504
-35.2125 11.400001 2.04375
-35.2125 11.400001 2.04375
-34.55625 15.95625 -3.6562502
-34.55625 15.95625 -3.6562502
-34.55625 15.95625 -3.6562502
-33.956253 16.743752 -9.1125
-33.956253 16.743752 -9.1125
-33.956253 16.743752 -9.1125
-33.956253 16.743752 -9.1125
-33.956253 15.3 -12.056251
-33.956253 15.3 -12.056251
-33.600002 11.400001 -14.156251
-33.600002 11.400001 -14.156251
-33.600002 11.400001 -14.156251
-33.0 5.15625 -15.6
-33.0 5.15625 -15.6
-33.0 5.15625 -15.6
-32.8875 -1.6125001 -14.75625
-32.8875 -1.6125001 -14.75625
-32.8875 -1.6125001 -14.75625
-32.8125 -8.2875 -10.9875
-32.8125 -8.2875 -10.9875
-32.643753 -12.843751 -4.5
-32.643753 -12.843751 -4.5
-33.54375 -15.000001 1.5
-33.54375 -15.000001 1.5
-33.54375 -15.000001 1.5
-33.7125 -12.3 6.24375
-33.7125 -12.3 6.24375
-33.7125 -12.3 6.24375
-33.1875 -6.7125 7.9125004
-33.1875 -6.7125 7.9125004
-33.1875 -6.7125 7.9125004
-32.456253 -0.24375 7.4437504
-32.456253 -0.24375 7.4437504
-32.5875 6.05625 6.8437505
-32.5875 6.05625 6.8437505
-32.5875 6.05625 6.8437505
-32.5875 11.512501 3.6562502
-32.5875 11.512501 3.6562502
-32.34375 15.4125 -2.34375
-32.34375 15.4125 -2.34375
-32.34375 15.4125 -2.34375
-32.34375 15.4125 -2.34375
-32.5875 15.900001 -9.4875
-31.987501 13.743751 -15.4125
-31.987501 13.743751 -15.4125
-31.987501 13.743751 -15.4125
-30.843752 8.45625 -20.34375
-30.843752 8.45625 -20.34375
-29.812502 2.4 -24.35625
-29.812502 2.4 -24.35625
-30.112501 -4.14375 -25.743752
-30.112501 -4.14375 -25.743752
-30.112501 -4.14375 -25.743752
-29.812502 -10.44375 -25.3875
-29.812502 -10.44375 -25.3875
-30.112501 -15.656251 -21.487501
-30.112501 -15.656251 -21.487501
-30.112501 -15.656251 -21.487501
-30.112501 -15.656251 -21.487501
-30.7875 -18.487501 -14.587501
-30.7875 -18.487501 -14.587501
-30.7875 -18.487501 -14.587501
-30.843752 -18.243752 -7.74375
-30.843752 -18.243752 -7.74375
-30.7875 -14.512501 -1.2
-30.7875 -14.512501 -1.2
-30.7875 -14.512501 -1.2
-31.556252 -8.64375 3.35625
-31.556252 -8.64375 3.35625
-31.9125 -2.4562502 7.6875005
-31.9125 -2.4562502 7.6875005
-31.9125 -2.4562502 7.6875005
-31.85625 3.9562502 10.387501
-31.85625 3.9562502 10.387501
-31.85625 3.9562502 10.387501
-31.44375 11.45625 11.45625
-31.44375 11.45625 11.45625
-30.6 18.056252 8.1
-30.6 18.056252 8.1
-30.6 18.056252 8.1
-30.6 18.056252 8.1
-30.000002 22.0125 1.3125
-30.000002 22.0125 1.3125
-30.000002 22.556252 -5.45625
-30.000002 22.556252 -5.45625
-30.000002 22.556252 -5.45625
-29.643751 18.7875 -11.94375
-29.643751 18.7875 -11.94375
-29.343752 12.7875 -15.4875
-29.343752 12.7875 -15.4875
-29.343752 12.7875 -15.4875
-29.8875 5.8875003 -17.1
-29.8875 5.8875003 -17.1
-30.35625 -1.0125 -16.85625
-30.35625 -1.0125 -16.85625
-30.35625 -1.0125 -16.85625
-30.35625 -1.0125 -16.85625
-31.2 -10.9125 -7.74375
-31.2 -10.9125 -7.74375
-31.2 -10.9125 -7.74375
-31.2 -10.9125 -7.74375
-32.287502 -11.34375 -1.9875001
-32.287502 -11.34375 -1.9875001
-32.8875 -8.45625 1.7437501
-32.8875 -8.45625 1.7437501
-33.300003 -3.05625 5.2875004
-33.300003 -3.05625 5.2875004
-33.300003 -3.05625 5.2875004
-33.0 3.54375 6.9
-33.0 3.54375 6.9
-32.04375 10.14375 4.6125
-32.04375 10.14375 4.6125
-32.04375 10.14375 4.6125
-31.3875 15.000001 0.4875
-31.3875 15.000001 0.4875
-31.3875 15.000001 0.4875
-31.612501 17.8875 -5.8125
-31.612501 17.8875 -5.8125
-30.7875 16.5 -13.14375
-30.7875 16.5 -13.14375
-30.7875 16.5 -13.14375
-30.7875 16.5 -13.14375
-29.343752 12.6 -18.54375
-29.343752 12.6 -18.54375
-28.612501 6.7875004 -20.2875
-28.612501 6.7875004 -20.2875
-28.612501 6.7875004 -20.2875
-28.9125 0.71250004 -19.612501
-28.9125 0.71250004 -19.612501
-28.9125 0.71250004 -19.612501
-29.75625 -5.45625 -16.9125
-29.75625 -5.45625 -16.9125
-30.300001 -9.4875 -10.6125
-30.300001 -9.4875 -10.6125
-30.300001 -9.4875 -10.6125
-31.087502 -11.587501 -4.3125
-31.087502 -11.587501 -4.3125
-31.800001 -10.5 0.90000004
-31.800001 -10.5 0.90000004
-31.800001 -10.5 0.90000004
-32.8125 -5.4 4.2562504
-32.8125 -5.4 4.2562504
-32.8125 -5.4 4.2562504
-34.0125 0.41250002 6.6000004
-34.0125 0.41250002 6.6000004
-34.0125 0.41250002 6.6000004
-33.84375 6.7125 5.7562504
-33.84375 6.7125 5.7562504
-33.412502 11.400001 1.7437501
-33.412502 11.400001 1.7437501
-33.412502 11.400001 1.7437501
-33.412502 11.400001 1.7437501
-33.05625 12.6 -3.7875001
-33.05625 12.6 -3.7875001
-32.8875 11.1 -10.387501
-32.8875 11.1 -10.387501
-32.8875 11.1 -10.387501
-32.8875 11.1 -10.387501
-31.800001 8.587501 -15.712501
-31.800001 8.587501 -15.712501
-30.900002 3.4125001 -18.54375
-30.900002 3.4125001 -18.54375
-30.900002 3.4125001 -18.54375
-30.900002 3.4125001 -18.54375
-30.900002 -3.1875002 -18.7875
-30.900002 -3.1875002 -18.7875
-30.900002 -3.1875002 -18.7875
-30.843752 -9.543751 -17.1
-30.843752 -9.543751 -17.1
-31.500002 -14.700001 -12.187501
-31.500002 -14.700001 -12.187501
-31.500002 -14.700001 -12.187501
-31.500002 -16.5 -5.7562504
-31.500002 -16.5 -5.7562504
-31.612501 -13.200001 -0.1875
-31.612501 -13.200001 -0.1875
-31.612501 -13.200001 -0.1875
-31.800001 -7.2000003 3.3000002
-31.800001 -7.2000003 3.3000002
-31.800001 -7.2000003 3.3000002
-31.9125 -0.35625002 6.05625
-31.9125 -0.35625002 6.05625
-31.9125 -0.35625002 6.05625
-31.612501 6.9 5.5875
-31.612501 6.9 5.5875
-30.000002 12.95625 2.8125
-30.000002 12.95625 2.8125
-30.000002 12.95625 2.8125
-28.687502 17.75625 -1.8000001
-28.687502 17.75625 -1.8000001
-27.6 20.456251 -8.512501
-27.6 20.456251 -8.512501
-27.6 20.456251 -8.512501
-27.6 20.456251 -8.512501
-27.487501 19.800001 -15.4125
-27.487501 19.800001 -15.4125
-27.487501 19.800001 -15.4125
-27.54375 15.7875 -20.587502
-27.54375 15.7875 -20.587502
-27.54375 15.7875 -20.587502
-27.656252 9.0 -22.800001
-27.656252 9.0 -22.800001
-28.143751 1.7437501 -23.212502
-28.143751 1.7437501 -23.212502
-28.687502 -5.2875004 -20.5125
-28.687502 -5.2875004 -20.5125
-28.687502 -5.2875004 -20.5125
-30.487501 -9.95625 -14.587501
-30.487501 -9.95625 -14.587501
-30.487501 -9.95625 -14.587501
-31.800001 -10.9125 -7.4437504
-31.800001 -10.9125 -7.4437504
-32.943752 -8.75625 -2.1000001
-32.943752 -8.75625 -2.1000001
-32.943752 -8.75625 -2.1000001
-33.112503 -4.5 1.3125
-33.112503 -4.5 1.3125
-33.112503 -4.5 1.3125
-32.15625 1.25625 4.14375
-32.15625 1.25625 4.14375
-32.15625 1.25625 4.14375
-30.712502 8.94375 3.7875001
-30.712502 8.94375 3.7875001
-30.712502 8.94375 3.7875001
-29.343752 14.45625 -0.05625
-29.343752 14.45625 -0.05625
-27.843752 17.75625 -5.9437504
-27.843752 17.75625 -5.9437504
-27.843752 17.75625 -5.9437504
-27.843752 17.75625 -5.9437504
-26.643751 18.1875 -12.4125
-26.643751 18.1875 -12.4125
-26.1 14.587501 -17.75625
-26.1 14.587501 -17.75625
-26.1 14.587501 -17.75625
-25.500002 7.9875 -18.7875
-25.500002 7.9875 -18.7875
-25.2 0.7875 -17.7
-25.2 0.7875 -17.7
-25.2 0.7875 -17.7
-26.1 -5.5125003 -14.75625
-26.1 -5.5125003 -14.75625
-27.6 -9.712501 -9.056251
-27.6 -9.712501 -9.056251
-27.6 -9.712501 -9.056251
-28.9125 -9.356251 -2.5875
-28.9125 -9.356251 -2.5875
-30.6 -6.1125 2.4562502
-30.6 -6.1125 2.4562502
-30.6 -6.1125 2.4562502
-31.25625 -1.3125 5.1000004
-31.25625 -1.3125 5.1000004
-31.25625 -1.3125 5.1000004
-31.44375 4.6125 5.1000004
-31.44375 4.6125 5.1000004
-31.44375 4.6125 5.1000004
-31.25625 10.6125 1.85625
-31.25625 10.6125 1.85625
-31.2 14.700001 -2.8875
-31.2 14.700001 -2.8875
-31.0125 15.656251 -9.056251
-31.0125 15.656251 -9.056251
-31.0125 15.656251 -9.056251
-31.0125 15.656251 -9.056251
-31.85625 13.387501 -14.043751
-31.85625 13.387501 -14.043751
-31.85625 13.387501 -14.043751
-32.7 8.587501 -15.356251
-32.7 8.587501 -15.356251
-32.7 8.587501 -15.356251
-33.300003 3.0 -14.156251
-33.300003 3.0 -14.156251
-34.3125 -1.5 -10.8
-34.3125 -1.5 -10.8
-35.456253 -4.5 -6.95625
-35.456253 -4.5 -6.95625
-36.7125 -5.5125003 -2.5875
-36.7125 -5.5125003 -2.5875
-36.7125 -5.5125003 -2.5875
-38.100002 -4.6875 2.6437502
-38.100002 -4.6875 2.6437502
-38.5875 -0.35625002 6.1875005
-38.5875 -0.35625002 6.1875005
-38.5875 -0.35625002 6.1875005
-38.5875 -0.35625002 6.1875005
-37.85625 4.8 6.4875
-37.0875 10.6875 4.5
-37.0875 10.6875 4.5
-37.0875 10.6875 4.5
-36.0 16.3125 0.95625
-34.55625 19.3875 -4.8562503
-34.55625 19.3875 -4.8562503
-34.55625 19.3875 -4.8562503
-33.7125 19.5 -9.7875
-33.7125 19.5 -9.7875
-33.35625 16.800001 -13.9125
-33.35625 16.800001 -13.9125
-33.35625 16.800001 -13.9125
-31.85625 12.356251 -17.94375
-31.85625 12.356251 -17.94375
-31.85625 12.356251 -17.94375
-31.44375 5.7562504 -19.0125
-31.44375 5.7562504 -19.0125
-31.44375 5.7562504 -19.0125
-31.2 -0.6 -16.3875
-31.2 -0.6 -16.3875
-30.656252 -6.1125 -12.056251
-30.656252 -6.1125 -12.056251
-30.656252 -6.1125 -12.056251
-30.7875 -10.556251 -6.3562503
-30.7875 -10.556251 -6.3562503
-31.0125 -11.700001 0.95625
-31.0125 -11.700001 0.95625
-30.956251 -9.243751 6.24375
-30.956251 -9.243751 6.24375
-30.956251 -9.243751 6.24375
-30.956251 -9.243751 6.24375
-30.7875 -4.55625 8.64375
-30.7875 -4.55625 8.64375
-30.956251 2.2125 10.6875
-30.956251 2.2125 10.6875
-30.956251 2.2125 10.6875
-30.35625 9.6 10.012501
-30.35625 9.6 10.012501
-30.35625 9.6 10.012501
-29.343752 15.4125 4.5
-29.343752 15.4125 4.5
-29.8875 17.400002 -2.4562502
-29.8875 17.400002 -2.4562502
-29.8875 17.400002 -2.4562502
-30.54375 16.6875 -8.15625
-30.54375 16.6875 -8.15625
-30.7875 13.6125 -14.212501
-30.4125 7.8562503 -18.487501
-30.4125 7.8562503 -18.487501
-30.4125 7.8562503 -18.487501
-30.4125 7.8562503 -18.487501
-30.056252 1.7437501 -19.987501
-30.056252 1.7437501 -19.987501
-30.487501 -4.9125004 -20.94375
-30.487501 -4.9125004 -20.94375
-30.487501 -4.9125004 -20.94375
-31.3875 -11.94375 -19.800001
-31.3875 -11.94375 -19.800001
-33.487503 -18.7875 -8.8125
-33.487503 -18.7875 -8.8125
-34.0125 -17.7 -5.4
-34.0125 -17.7 -5.4
-35.15625 -14.212501 -1.5562501
-35.15625 -14.212501 -1.5562501
-35.15625 -14.212501 -1.5562501
-35.34375 -8.75625 3.35625
-35.34375 -8.75625 3.35625
-35.34375 -8.75625 3.35625
-34.987503 -3.0 8.043751
-34.987503 -3.0 8.043751
-34.987503 -3.0 8.043751
-34.74375 3.05625 11.587501
-34.74375 3.05625 11.587501
-34.74375 3.05625 11.587501
-34.74375 9.4875 14.212501
-34.74375 9.4875 14.212501
-34.74375 9.4875 14.212501
-34.55625 15.900001 14.587501
-34.55625 15.900001 14.587501
-33.600002 20.400002 14.64375
-33.600002 20.400002 14.64375
-33.600002 20.400002 14.64375
-32.34375 24.35625 15.7875
-32.34375 24.35625 15.7875
-30.956251 26.2875 16.800001
-30.956251 26.2875 16.800001
-30.956251 26.2875 16.800001
-30.6 26.94375 16.612501
-30.6 26.94375 16.612501
-30.712502 27.056252 16.3875
-30.712502 27.056252 16.3875
-30.712502 27.056252 16.3875
-30.487501 27.112501 16.556252
-30.487501 27.112501 16.556252
-29.94375 27.35625 16.9125
-29.94375 27.35625 16.9125
-29.94375 27.35625 16.9125
-29.587502 27.300001 17.212502
-29.587502 27.300001 17.212502
-29.343752 27.243752 17.34375
-29.343752 27.243752 17.34375
-29.343752 27.243752 17.34375
-29.04375 27.300001 17.04375
-29.04375 27.300001 17.04375
-28.9125 27.843752 16.5
-28.9125 27.843752 16.5
-28.9125 27.843752 16.5
-28.800001 28.3875 15.543751
-28.800001 28.3875 15.543751
-28.800001 28.3875 15.543751
-28.612501 29.156252 14.1
-28.612501 29.156252 14.1
-28.743752 29.587502 13.387501
-28.743752 29.587502 13.387501
-28.743752 29.587502 13.387501
-28.743752 29.94375 12.4125
-28.743752 29.94375 12.4125
