9.91005000 -0.87600005 3.10005020
10.26900000 0.09705000 3.13995000
10.26900000 0.09705000 3.13995000
9.72600100 0.52905005 2.47500010
9.52395100 1.97505010 2.71200010
8.92800000 3.39105000 2.62995000
8.92800000 3.39105000 2.62995000
8.89200000 0.49005002 1.51905010
9.31395100 1.48200010 2.43900010
10.05105000 2.05200000 3.00195000
9.23895100 2.53095000 2.86500020
9.79500000 2.19105000 2.37600020
10.49400000 2.95005000 2.97300000
10.49400000 2.95005000 2.97300000
10.09395000 4.18605040 2.76900000
5.97705030 5.29695030 1.30395010
4.15500000 6.66495040 1.56495010
4.90200040 8.05800100 2.94900010
-3.79800000 10.54500000 8.71605000
-3.79800000 10.54500000 8.71605000
-1.06500000 9.20595100 6.25200030
-1.53705010 7.31100030 4.68795000
-4.12395000 7.31100030 3.25095000
-6.16200000 4.66500040 0.66195005
-6.16200000 4.66500040 0.66195005
-8.66205000 2.84205000 3.98100020
-9.26805000 3.28800000 2.76705000
-8.62905000 1.89600010 3.23100020
-8.62905000 1.89600010 3.23100020
-12.35595000 1.55595000 3.49500010
-4.45005040 -7.96800040 1.63200010
-4.22700000 -10.16400050 4.22505000
0.14100000 -8.86395100 0.50400000
0.74700004 -10.06095000 1.66005000
0.74700004 -10.06095000 1.66005000
2.21505020 -7.96995000 2.39805000
5.38605000 -6.88500000 2.35005020
8.05605000 -5.06505000 2.56605000
10.31700000 -5.15100000 1.11705000
6.98595050 -5.03895040 4.24005030
14.07195100 -5.98500000 2.57295010
13.11705000 -3.28605000 2.02005000
6.32505040 2.47095010 2.38395000
5.72805000 3.75495030 4.19400020
5.22300000 3.62805000 3.95205020
5.22300000 3.62805000 3.95205020
5.35005040 4.81095030 3.39705010
0.10005000 9.31305000 6.24900000
1.56600010 9.79200100 5.82795050
1.34505010 8.14695100 3.66705010
1.34505010 8.14695100 3.66705010
-0.80700004 7.71795030 2.40300000
-5.87895000 7.25100040 1.05900000
-7.21095040 7.22505040 2.33295000
-7.21095040 7.22505040 2.33295000
-10.36995000 4.14495040 5.36295030
-6.93600030 6.20205000 2.25705000
-9.87705000 4.93305000 2.10600020
-7.47900060 -2.50005000 3.37005020
-7.47900060 -2.50005000 3.37005020
-4.66305000 -4.15005000 4.35000040
-4.85205030 -5.19000000 4.34805000
-11.32305050 -4.07805000 5.06400000
-2.68200020 -11.36400000 4.52505000
-1.12995000 -8.35095000 5.45595030
-0.44505003 -8.74605100 4.86300040
-0.44505003 -8.74605100 4.86300040
2.54505010 -7.25895000 5.24595000
4.50405030 -7.79595040 4.49100000
3.85800030 -7.34805000 4.84095000
3.85800030 -7.34805000 4.84095000
3.66900010 -7.00800040 5.11605020
5.05995040 -7.02900030 4.79100040
6.97605040 -5.92500000 5.91195000
6.58800030 -4.95300000 5.42295030
6.47100000 -4.43505000 4.76895050
6.81600050 -4.45005040 4.79805040
6.81600050 -4.45005040 4.79805040
8.46105000 -3.90600010 4.41495040
8.17800000 -3.45795000 4.71405030
8.17800000 -3.45795000 4.71405030
7.65600000 -3.14205030 4.64205030
7.76400040 -3.23100020 4.97700000
7.76400040 -3.23100020 4.97700000
8.15205000 -3.13500020 5.10000040
8.15205000 -3.13500020 5.10000040
8.13300000 -3.20700030 5.28195050
8.21700000 -3.22800020 5.09505030
8.25300000 -2.99100020 5.42295030
8.53005000 -2.74005000 5.40900040
7.53900050 -3.22800020 6.22305000
7.10295060 -3.67605020 5.83995000
9.17205000 -1.01505000 5.00100040
9.17205000 -1.01505000 5.00100040
9.97200000 -0.33495003 3.83505000
11.97705100 -2.47905020 5.93295050
8.78205000 0.86100006 2.70900000
8.78205000 0.86100006 2.70900000
5.18895000 4.59795000 4.69995000
5.82900050 5.57205000 4.31205030
6.48495050 4.09995030 4.31205030
12.81000000 3.54900030 5.61495000
3.98700020 11.70105100 4.68300000
3.98700020 11.70105100 4.68300000
2.70105000 5.72295050 4.93395040
-1.29300010 8.03895000 4.76895050
-4.73700000 8.82195000 1.77300010
-6.33000040 6.67905040 0.68100005
-6.33000040 6.67905040 0.68100005
-9.24195000 5.64705040 4.38795040
-9.57495000 3.34500030 0.82500005
-11.72295100 6.01305000 3.26700020
-11.72295100 6.01305000 3.26700020
-10.32195100 1.27305010 2.72400020
-10.32195100 1.27305010 2.72400020
-4.85895000 -2.07105020 3.83700010
-4.84995030 -4.24395040 2.47200010
-6.16695000 -5.16105030 4.17495000
-10.96905000 -5.68305000 3.76305000
-2.38500020 -10.39695100 4.19205000
-2.38500020 -10.39695100 4.19205000
-1.07700000 -8.77995000 2.70705000
0.57900006 -8.07300000 2.86305020
3.11295000 -9.10605050 2.08695000
6.20700030 -7.59000000 1.77300010
6.20700030 -7.59000000 1.77300010
5.94105000 -6.56205030 2.69700000
10.36005000 -6.22905000 1.51200010
10.81995000 -7.27095030 0.92295000
10.81995000 -7.27095030 0.92295000
6.72000030 -1.47705010 2.26605000
2.32995000 4.46400000 4.01895000
7.65600000 5.50800040 3.99600030
7.65600000 5.50800040 3.99600030
12.29295100 3.93705000 6.28800000
0.62895006 9.03300000 4.99395040
0.62895006 9.03300000 4.99395040
2.27505020 6.88305040 4.95105030
-0.40395000 7.21500000 4.57695000
-0.40395000 7.21500000 4.57695000
-1.75305010 7.77300020 3.70995020
-3.84795020 7.73805050 3.72195030
-7.05300050 6.56205030 5.58795000
-3.47205020 4.33395000 5.05395030
-7.60395050 7.07205060 1.92405010
-8.46795100 6.14700030 3.12105010
-9.39495100 6.21705000 6.08895000
-9.43800100 5.92695050 3.51705030
-7.44300030 0.51195000 2.37600020
-7.96800040 -2.86695000 5.73195030
-7.96800040 -2.86695000 5.73195030
-5.04600000 -3.41700000 4.16805030
-4.19100000 -6.29100040 4.15800000
-7.92195030 -7.38600000 5.72505040
-1.12995000 -8.07600000 3.55005030
-0.69705003 -12.31995100 2.21100020
-0.69705003 -12.31995100 2.21100020
-1.38195000 -7.05795050 3.23400020
-0.09495001 -7.94595050 4.15095040
0.72000000 -9.21600100 4.81905030
2.04495000 -8.10900000 3.75795000
4.67205000 -7.33605050 2.80995000
4.67205000 -7.33605050 2.80995000
8.14500000 -6.60495040 3.48300030
9.59400100 -6.33900000 4.69995000
8.81805000 -5.92695050 4.84305000
8.81805000 -5.92695050 4.84305000
10.61895100 -4.94805000 4.27605000
8.44395100 -1.14195000 5.16900000
4.84905000 3.45300000 4.33995000
6.23100040 4.00605000 3.97605010
11.23395100 5.65905050 4.99695000
2.45400020 8.91795100 4.89600040
3.26100020 8.83905000 5.56695030
1.17495000 9.21495100 5.63100000
1.14405000 9.34200000 4.81500000
-1.42005000 9.14295000 4.91805030
-3.18495000 8.23605100 2.19000000
-7.41195060 5.24205000 3.07800000
-12.52995000 4.75605000 2.70195000
-9.42195000 3.67995020 1.93095000
-6.24300050 -1.59195000 1.18095000
-5.38800050 -3.84405020 1.33905000
-6.32505040 -3.94905020 2.33295000
-7.40700050 -5.84805000 2.95605020
-10.19805050 -6.65595050 2.13000000
-3.76005030 -9.85995000 5.33700040
-1.45305000 -9.51300050 2.61600020
-0.29400000 -9.85500050 2.38395000
0.90000004 -9.63000000 3.41100030
1.90095010 -9.54600050 0.83205000
3.62805000 -7.60395050 2.42205000
8.87805100 -7.47195050 1.97700010
8.95395100 -7.42695050 0.16605000
11.94300100 -7.97805000 2.72400020
7.72095060 1.02405000 1.15695000
7.52700040 0.73200005 2.82900020
6.93795000 2.30595020 4.42395000
7.45305000 3.63495020 4.58895000
7.66095000 3.04995010 6.68505050
4.41600040 10.87005000 2.25000000
5.80995040 8.67405000 1.91895010
3.81705020 6.50205040 4.60605000
3.99195030 5.00205040 2.75205020
1.27800010 8.95200100 2.33295000
0.38505003 7.91700030 2.98500010
-4.67505030 9.08595100 2.93700000
-4.97205000 8.14695100 3.04695000
-16.23795100 9.27795000 5.76495030
-4.84005000 9.06405100 2.09100000
-7.68000030 6.00105050 -0.71700000
-7.88895030 6.47805000 1.01100000
-8.02305000 2.48295020 2.79105020
-8.00400100 -1.52100000 2.82405020
-8.71305100 -4.83300000 3.75795000
-8.71305100 -4.83300000 3.75795000
-6.39705040 -5.95605040 3.97605010
-6.39705040 -5.95605040 3.97605010
-6.39705040 -5.95605040 3.97605010
-7.37400050 -5.94405030 3.69105030
-7.37400050 -5.94405030 3.69105030
-4.15995030 -7.79295000 3.33705020
-4.15995030 -7.79295000 3.33705020
-4.36800000 -7.78800060 4.44105000
-4.36800000 -7.78800060 4.44105000
1.68300010 -11.32800000 0.93705004
1.68300010 -11.32800000 0.93705004
1.17795000 -8.23095000 2.21805000
4.06395000 -8.28195000 2.40495010
4.60695030 -7.65900040 2.69295000
5.19900040 -7.45305000 4.31895000
5.19900040 -7.45305000 4.31895000
7.20405050 -3.81000020 4.95105030
6.50700040 -4.58400000 3.76995020
13.29195000 -1.42695010 6.18495040
13.29195000 -1.42695010 6.18495040
10.10205100 -1.38600000 1.78500010
5.47200000 6.37500050 3.00900000
5.47200000 6.37500050 3.00900000
5.47200000 6.37500050 3.00900000
7.01205000 5.15295030 3.97605010
7.01205000 5.15295030 3.97605010
6.28395030 6.14505050 5.30295040
6.28395030 6.14505050 5.30295040
5.78805000 6.96600060 5.46795030
5.78805000 6.96600060 5.46795030
5.79105040 7.07700000 5.37300000
5.52705050 7.16505050 1.03800010
5.52705050 7.16505050 1.03800010
-0.35205000 7.56000040 2.62605020
-0.35205000 7.56000040 2.62605020
-4.36800000 8.94195100 3.24795000
-4.50000000 7.58700040 3.10500030
-14.04900100 2.95500020 4.27095030
-14.04900100 2.95500020 4.27095030
-14.04900100 2.95500020 4.27095030
-10.21695000 3.72600000 1.53300010
-7.12200000 -2.41200020 3.05400010
-7.27305030 -5.29005000 2.65695020
-7.27305030 -5.29005000 2.65695020
-6.50700040 -5.15400030 3.12405010
-0.04500000 -11.99595100 2.65200020
-1.93500010 -9.74505000 3.14295000
-1.93500010 -9.74505000 3.14295000
3.27105020 -8.39205100 2.37405010
6.29805040 -7.51305060 1.74405000
6.29805040 -7.51305060 1.74405000
8.32695000 -5.98500000 2.54400010
8.32695000 -5.98500000 2.54400010
8.32695000 -5.98500000 2.54400010
8.52600000 -5.72595020 1.19595000
10.90905100 -6.32295040 4.06995000
10.90905100 -6.32295040 4.06995000
12.30000000 -4.53795000 1.15500010
4.01805000 1.36200010 0.15600000
4.16400000 4.39395000 2.78805020
2.57205000 5.75400000 3.23595020
3.81195020 3.15795020 5.14005040
1.62105010 7.57695060 5.32005020
-0.06405000 10.37700100 6.60795000
0.02595000 8.02005000 4.58205030
0.70605004 7.48605000 4.08705000
0.05205000 7.31400000 4.06305030
-0.30105000 7.61295030 3.88305020
-2.04705000 6.61395030 3.55995000
-18.02205000 11.59095100 1.65105010
-7.09095050 8.25195000 -0.29505002
-12.15000100 5.61600000 3.27495030
-10.93500000 5.61300040 5.39400000
-9.19905100 4.42005000 2.84400000
-11.49600000 0.60495000 1.39500010
-7.59705000 -1.16595010 2.29005000
-6.37305000 -5.25195030 1.03305010
-3.64200020 -4.86900040 1.62900010
-1.36005010 -5.79105040 1.05195010
-7.44600060 -9.58005000 1.57200000
-2.88105000 -8.83305100 3.41400030
-2.14095020 -10.93800100 2.14695000
-2.98905010 -7.02195020 4.23000000
-1.26195000 -8.50695000 4.82895040
-0.19395001 -9.00705050 0.46995002
1.33605000 -10.25805100 0.99900010
3.84795020 -9.15795000 2.98005000
5.94405030 -7.70895050 2.72100020
10.34595000 -7.55400040 3.13095020
11.03295000 -8.24295000 5.43300000
11.71095100 -7.91505050 1.40595010
7.78095050 -2.26800010 4.72395040
5.60400000 0.87600005 1.28205000
4.85205030 4.06800030 2.89095020
3.70695020 4.32195040 3.80205000
8.13495100 3.66105000 4.16595030
2.27700020 7.77795030 5.48505000
-2.90700000 10.32705000 6.68505050
-1.03905010 7.92405030 3.80895020
-1.54395010 7.51200060 3.62700000
-0.90495000 7.70400050 3.48795000
-0.93405000 7.00200030 2.99895020
-1.57095000 5.71605000 2.36895010
-18.81000100 8.05800100 0.15900001
-11.35005100 1.68105010 2.89905020
-12.97095100 1.41705010 4.10595040
-6.62400050 -1.43895010 2.29005000
-5.73300030 -6.69900040 0.73095006
-4.87605000 -5.31405000 1.77105010
-1.57305000 -5.23800040 2.05800000
-17.25600000 -15.93405100 3.84705020
1.90800010 -10.48005000 6.00705050
-0.10995001 -9.03600000 4.99695000
1.53705010 -8.57595100 3.88305020
2.28195000 -8.20305100 2.90805000
2.28195000 -8.20305100 2.90805000
11.65095000 -6.90705000 -1.43100010
6.44205050 -5.88900040 0.78900003
6.44205050 -5.88900040 0.78900003
13.73700000 -6.63405040 0.22305001
11.19105100 -3.63795020 1.01100000
5.60595040 3.71895030 2.53200000
4.29600000 3.54405020 2.07495000
4.29600000 3.54405020 2.07495000
10.91805100 12.49200100 5.88795040
-1.88505000 10.61205000 7.04400000
-2.96205020 10.66695000 5.18295000
-0.03600000 8.22600100 2.30700020
-0.03600000 8.22600100 2.30700020
-3.79305030 7.82400040 1.59105000
-9.09600100 6.04905030 0.56805000
-5.57805000 2.19300000 1.02795000
-10.41795100 8.98995000 -0.09195001
-10.20495000 4.45395040 1.09005010
-8.20995000 -0.44805002 2.78100010
-5.57505040 -5.04600000 3.10905000
-6.33405000 -4.05195000 2.97795000
-3.54195020 -4.01595000 3.03495030
-11.16795100 -4.57395030 5.12100030
-11.16795100 -4.57395030 5.12100030
-1.28100000 -9.82200050 3.90405000
-2.17695020 -9.52005000 5.58105040
-1.66905010 -7.75200030 5.53095000
0.27705002 -8.89695100 3.46605010
0.24600000 -7.74000020 5.71995000
0.24600000 -7.74000020 5.71995000
6.80100000 -5.88195040 5.45595030
6.80100000 -5.88195040 5.45595030
5.00505000 -5.27400000 3.22695020
9.06195100 -5.44605000 5.93295050
11.18205100 -9.86205000 1.27500010
10.64805000 -2.87400000 3.67005010
6.46395000 1.51995000 4.63995030
6.61005000 1.59705010 3.60300020
6.92295030 1.75200010 3.07095000
15.27195100 0.40605003 3.38700000
4.60995000 7.99395040 5.26500030
3.09900020 8.08995100 3.28200000
2.80605000 7.48395000 2.05995000
2.80605000 7.48395000 2.05995000
-1.97595010 7.31805040 2.42700000
-9.35700000 5.13900040 -0.63795000
-8.36295000 7.96005060 1.76100000
-11.40495000 8.11395100 3.88095020
-11.40495000 8.11395100 3.88095020
-6.60495040 0.40905002 -0.13305001
-7.37400050 -6.70095000 1.68195010
-8.08800000 -5.06295000 1.12605000
-6.09300040 -3.81000020 2.68995020
-6.09300040 -3.81000020 2.68995020
-4.61700000 -6.60300000 5.98305030
-4.00905040 -11.29695000 1.64400000
-4.00905040 -11.29695000 1.64400000
-4.60305000 -8.89005100 0.99705005
-2.08605000 -10.19805050 1.45005010
4.22400000 -8.20005000 1.39500010
12.09705100 -3.80805020 0.70005006
12.09705100 -3.80805020 0.70005006
7.53900050 -9.38100050 3.08505000
12.08700100 -6.48300030 0.86295000
5.72100000 -0.08595000 2.62095020
6.56205030 4.48500000 2.06505010
8.35605050 4.82505040 2.61105010
4.22205000 4.49700000 4.09800000
9.89805000 6.15195040 3.41595000
-1.04400000 5.61600000 3.79005030
-1.37400010 9.57705000 6.62505050
-1.59705010 10.83705000 5.20695000
-1.59705010 10.83705000 5.20695000
-1.24995000 8.51595000 3.75600030
-3.77400020 5.52495000 0.85800004
-12.37500100 3.77895020 -4.20195000
-8.64600100 6.82995030 5.63400030
-10.74405100 3.07005020 1.45695010
-10.74405100 3.07005020 1.45695010
-6.65100050 -4.02600000 1.75905010
-5.17995000 -6.08295000 2.92995020
-5.23305030 -5.83605050 3.39405010
-5.23305030 -5.83605050 3.39405010
-12.50205000 -7.46295000 6.69495000
-2.41395020 -8.86095000 4.39095000
-2.41395020 -8.86095000 4.39095000
-0.83805007 -9.49605100 4.19400020
0.26295000 -9.93000000 2.55105020
2.00895000 -8.91195000 4.40505030
2.00895000 -8.91195000 4.40505030
5.37600040 -5.40300040 4.32105000
5.37600040 -5.40300040 4.32105000
6.24300050 -5.68305000 1.92900010
6.89895000 -3.91095020 0.18300001
10.13700000 -6.44205050 2.20605020
12.34995100 -5.31405000 4.68495040
10.54695000 0.57900006 6.64005040
4.85595040 2.61705020 3.68700030
4.42995000 3.78300020 3.39405010
4.42995000 3.78300020 3.39405010
13.42095100 7.36395030 10.10805000
0.37095000 10.99995000 5.23395000
2.37495020 8.97795000 4.56105040
3.03105020 9.26595000 3.38505000
1.92300010 8.38695050 2.03595020
1.92300010 8.38695050 2.03595020
-4.83795000 7.49805000 2.76405020
-13.80705100 7.37400050 2.48400020
-6.51405050 8.33895000 3.05205000
-6.51405050 8.33895000 3.05205000
-8.99805100 5.26605030 5.49000020
-3.27105020 -3.02505020 1.81395010
-2.32500000 -5.68605040 1.77795000
-3.55905000 -11.92905000 1.92600010
-2.31300020 -9.86505000 2.69295000
-2.31300020 -9.86505000 2.69295000
-1.65900000 -9.79500000 2.64195010
0.47595003 -9.70005000 4.23300030
3.58695000 -8.35395050 5.24100000
8.08695000 -3.24000020 5.86605020
8.32695000 -9.32805100 5.20695000
10.60905100 -4.02300020 2.44605020
10.60905100 -4.02300020 2.44605020
8.48295000 -0.49305000 1.03800010
5.53200000 3.32805010 0.64005005
7.55100060 4.17600000 1.11000000
4.30800000 5.04300000 2.72100020
3.54405020 7.37100030 4.61295030
3.54405020 7.37100030 4.61295030
5.76195050 9.68700000 5.83500050
2.49495000 7.38300040 5.13600000
0.83295006 8.72700000 3.39900020
0.83295006 8.72700000 3.39900020
-5.21595000 9.51705100 1.76595010
-10.67895000 5.40495000 2.79300020
-9.50805100 4.08795000 1.21500000
-6.93795000 1.99695010 2.65005020
-6.93795000 1.99695010 2.65005020
-7.85295060 0.22395001 0.46500003
-7.85295060 0.22395001 0.46500003
-10.37205000 0.77805007 -0.48195000
-9.94905100 -0.51000005 -1.18905010
-11.32800000 -1.84200010 0.65895003
-10.53495000 -1.75995000 0.78600000
-8.51595000 -4.75605000 0.12300000
-6.99795060 -5.70900000 0.40500003
-5.06505000 -6.95700030 1.84005010
-5.05095000 -7.06305030 1.89495000
-4.94295020 -9.02700000 2.09400000
-4.21500000 -8.50695000 2.13705020
-3.72405030 -9.44805050 3.03300020
-2.56500000 -9.11505000 2.25405000
-2.56500000 -9.11505000 2.25405000
1.07505000 -9.04095100 1.30095000
-5.36400030 -5.44605000 1.01595010
-5.36400030 -5.44605000 1.01595010
3.88200020 -16.04595000 -0.12495001
3.42195000 -9.24000100 2.55105020
6.15495000 -7.54905030 2.71905020
8.01795000 -7.45800000 3.70305010
7.07205060 -7.10805030 4.16805030
7.07205060 -7.10805030 4.16805030
9.60105000 -6.65805050 2.59005020
8.05395000 -4.53795000 4.21800040
7.53900050 -2.91705010 1.14795000
7.38795040 -0.96300006 1.20795010
7.38795040 -0.96300006 1.20795010
14.09895000 -2.95500020 2.94600000
7.65105060 1.30200000 2.04600000
6.61905050 0.36105000 5.36295030
6.93495040 -0.56505000 5.50905040
9.26295100 -0.09300000 8.91705000
9.74205000 0.66300005 6.68505050
8.35995000 0.49695003 8.87895000
7.26105000 2.83500000 4.51995040
10.61595100 4.03695000 3.48300030
-1.81995010 8.90595100 3.07305030
7.00005050 8.33400100 1.25295010
7.00005050 8.33400100 1.25295010
2.05200000 7.26105000 2.40300000
-1.29495000 10.16595100 2.85300020
1.56105000 10.16100000 3.57195020
1.56105000 10.16100000 3.57195020
0.75405000 9.80400100 2.77395000
1.95105000 7.90005000 1.82595010
-2.10000010 10.22595000 4.66605040
2.62395020 9.60300100 2.45295000
0.66300005 8.43000000 1.71495010
0.66300005 8.43000000 1.71495010
-2.12400000 7.89105030 0.04905000
-5.65695050 10.62105100 0.93705004
-5.65695050 10.62105100 0.93705004
-5.03205000 9.84000000 2.20905020
-3.86505000 8.65995000 2.08200000
-4.11705000 8.90205000 3.94305010
-6.82800050 6.06795020 1.36095010
-6.82800050 6.06795020 1.36095010
-8.25300000 5.01900000 -0.22605000
-8.25795100 3.29505010 -0.78600000
-7.77105050 2.84895010 -0.60405004
-9.54900100 1.02000010 -1.04295000
-11.15805100 3.38595000 1.26300000
-11.46705100 1.47000000 -1.11705000
-9.02205100 -1.44900010 -0.09405001
-7.89600040 -3.58305030 -1.00905000
-7.83105040 -5.48700050 0.11295001
-6.03495030 -6.02595040 -0.25695002
-4.96005000 -7.26405050 0.86295000
-4.41105030 -8.67705100 0.75300000
-4.41105030 -8.67705100 0.75300000
-1.65195010 -11.41200100 1.69605000
0.43005002 -10.04400100 2.41995000
-0.67995006 -8.92395000 2.48895000
-0.67995006 -8.92395000 2.48895000
1.62600000 -8.59305000 3.91605020
-1.62300000 -9.07395100 2.97000000
-2.93805000 -8.22405050 5.28600030
-3.72900000 -9.61800000 4.53705020
-3.72900000 -9.61800000 4.53705020
0.21300001 -9.86205000 5.52105050
0.00000000 -9.26805000 4.89405000
3.63495020 -7.51095060 6.06705050
3.63495020 -7.51095060 6.06705050
2.33895020 -8.25795100 4.47705030
3.73800020 -7.47900060 2.70900000
5.14395050 -6.45405050 2.56095000
6.60000040 -4.08105040 2.17305020
12.98805000 -0.09105001 1.92105010
8.75295100 -1.91100010 3.81600020
8.75295100 -1.91100010 3.81600020
11.03100000 -1.95405010 3.89505030
12.26700000 -0.57000005 0.82695000
5.73795030 4.86105000 1.56195010
6.96405030 5.10795000 1.39905010
7.65105060 4.72500040 1.86900010
7.65105060 4.72500040 1.86900010
4.63605000 8.22105000 4.47900000
-1.43895010 9.91905000 2.73105000
-0.24900001 10.27395100 2.02395000
-0.24900001 10.27395100 2.02395000
0.31800002 10.97805000 0.93705004
-1.12500000 8.66895000 2.25900000
-5.27295000 9.78300000 2.80005000
-4.61205000 9.09795000 1.39500010
-4.61205000 9.09795000 1.39500010
-5.85300000 9.22500000 2.83200000
-4.49505040 4.87305000 1.23405000
-6.84495000 5.33505000 0.49395000
-10.16700100 3.31605000 2.14395000
-10.16700100 3.31605000 2.14395000
-5.34105000 1.07700000 4.23300030
-13.21095100 -0.92895010 3.10905000
-7.81500050 -4.91400000 2.00805020
-8.06595000 -5.79105040 1.34700010
-6.36300040 -5.86800050 1.20105000
-7.42695050 -8.27205100 3.08100000
-6.90900040 -9.17505100 2.38800000
-4.87395000 -9.63705100 -0.17805001
-1.60905000 -7.87005040 1.39200010
0.90495000 -10.71000000 2.97495000
0.90495000 -10.71000000 2.97495000
2.66295000 -9.73995000 4.78305000
5.92005000 -5.54205040 4.36905000
5.54100040 -5.92695050 3.87795020
6.11100000 -6.69105050 3.89700000
6.11100000 -6.69105050 3.89700000
5.52000050 -9.11805100 1.26495000
7.92405030 -6.94095040 2.34795020
7.91700030 -3.53505020 3.22905020
7.91700030 -3.53505020 3.22905020
7.90500000 -7.14900000 2.20395020
8.46600100 -5.36205000 1.58400010
12.46305100 -0.95505005 -0.12105001
12.46305100 -0.95505005 -0.12105001
8.97795000 -0.59895000 -0.95205003
8.68800100 1.75695010 0.42195000
10.27395100 2.94000000 -0.81300000
9.12705000 3.88395020 1.40400000
7.52505000 4.11900000 0.97995010
6.79395060 4.51095000 0.49200000
6.79395060 4.51095000 0.49200000
8.93805000 5.92005000 0.89895004
6.26505040 6.13305040 1.60995010
9.05700000 5.20095000 1.64805010
9.05700000 5.20095000 1.64805010
6.82995030 6.72195050 0.56595004
1.38795010 11.17695000 -2.08695000
-1.12800000 9.03300000 -0.81495005
-4.41405000 7.23900030 0.10395000
-4.41405000 7.23900030 0.10395000
-7.18200000 6.21705000 1.54995010
-10.47300100 4.78200000 3.17895000
-7.81200030 5.21805050 0.55605000
-7.81200030 5.21805050 0.55605000
-8.42805000 3.53400020 -0.19005000
-8.73195100 2.33895020 0.31200000
-9.18195100 2.00595020 1.40895010
-8.44695000 7.25895000 -1.08600010
-8.44695000 7.25895000 -1.08600010
-11.58195000 1.75995000 1.88805010
-9.13905050 4.77705000 1.19100010
-7.57695060 0.65100000 -0.37005000
-9.17505100 -2.16495010 -0.60900000
-6.96000050 -5.92305040 -0.75300000
-7.44300030 -7.03905000 0.18000000
-6.07800000 -9.05295100 0.80295000
-6.07800000 -9.05295100 0.80295000
-0.76095000 -11.11305000 -2.14905000
-4.90500000 -9.27300100 -0.93705004
3.55095000 -10.69395100 -1.93800010
2.55495020 -7.86000060 0.90405005
2.05395000 -10.10400000 -0.93705004
2.05395000 -10.10400000 -0.93705004
5.16105030 -10.32000100 -0.64005005
8.93295000 -5.35005040 1.05405010
9.22695100 -1.17600000 1.31805000
9.22695100 -1.17600000 1.31805000
9.24900100 1.34505010 0.33600003
9.38505100 2.27895020 -0.73605000
13.45695000 4.22595020 -2.55900000
6.70800000 7.54800030 0.69495004
6.70800000 7.54800030 0.69495004
9.57900000 6.17805050 0.34500003
9.57900000 6.17805050 0.34500003
7.40700050 5.30400040 -3.42795010
6.06600050 7.54800030 -4.03605030
5.54895000 6.45600030 -3.73200000
5.52000050 3.53895020 -2.94405000
5.52000050 3.53895020 -2.94405000
-8.18295000 5.86905050 -8.02905100
-0.90705000 6.52800040 -4.55595000
-4.17195030 7.63005000 -3.99600030
-5.75505000 6.57105000 -3.42105000
-6.43500040 3.14595000 -3.80400010
-6.43500040 3.14595000 -3.80400010
-8.18100100 0.90495000 -1.13595010
-13.50795100 -2.56005000 -3.73200000
-10.82505000 1.41900000 -0.53700000
-12.21900100 -0.29400000 -0.49905002
-12.21900100 -0.29400000 -0.49905002
-8.10195100 -4.48800040 1.42605010
-10.31505000 -3.41700000 1.53795000
-10.31505000 -3.41700000 1.53795000
-8.68605000 -5.61795040 1.35600010
-6.62400050 -6.93795000 1.63605010
-5.55105000 -8.18100100 3.43995020
-4.03995040 -7.43595030 2.56995000
-4.03995040 -7.43595030 2.56995000
-3.50805020 -6.89505050 3.03300020
-3.15105000 -8.18595000 4.36200000
-6.55995040 -9.37395000 3.19305010
0.51405000 -6.82305050 4.34805000
-0.79995006 -9.03105100 3.74205020
-2.80200000 -9.18195100 5.84205000
-0.30105000 -9.46695000 5.29605000
2.31495020 -9.73095000 4.78095000
1.79595000 -7.44600060 3.39705010
1.49595010 -7.73805050 3.37800030
1.49595010 -7.73805050 3.37800030
4.23105000 -6.32700000 2.42205000
8.02005000 -8.37300000 2.25705000
8.27895100 -6.61200050 1.85895010
4.84005000 -1.58505010 2.56095000
4.84005000 -1.58505010 2.56095000
10.46595100 -3.36000010 0.87195003
11.00400100 -0.03600000 -1.24095010
10.56600100 0.46905002 -1.66500010
12.30000000 2.50200000 -0.68595004
12.30000000 2.50200000 -0.68595004
5.97000030 6.37500050 1.64595010
4.54500000 8.80800100 -0.32895002
3.05295010 8.28600000 -0.30000000
3.05295010 8.28600000 -0.30000000
1.22805010 8.95695000 0.97500000
8.64105000 9.76905100 0.26205000
2.66295000 8.68095000 2.19000000
-1.31205010 8.34105000 -0.72600000
1.09905000 11.50695000 1.77300010
-1.27605010 11.69895100 1.80195010
-1.27605010 11.69895100 1.80195010
-2.68905020 10.59000000 2.04600000
-2.56200000 8.25000000 1.76295010
-5.49600030 9.58905000 -1.96200010
-5.85105040 7.70400050 -0.11805001
-6.37500050 5.05995040 -1.50195000
-6.37500050 5.05995040 -1.50195000
-8.82795050 2.49495000 -0.78195006
-9.66405000 0.27495003 -0.68295000
-9.57000100 0.48795003 1.52895010
-8.74605100 -1.52505000 -1.23405000
-8.74605100 -1.52505000 -1.23405000
-13.38795100 -2.35905000 1.40895010
-6.42300030 -1.61400010 -0.31200000
-6.42300030 -1.61400010 -0.31200000
-9.00300000 0.09705000 3.58605030
-7.20405050 -8.05395000 4.14405000
-3.25005000 -10.74105100 2.62095020
-0.02400000 -9.52005000 2.62800000
-0.02400000 -9.52005000 2.62800000
2.14995000 -8.91405000 1.74900010
3.69495000 -6.42795040 0.09405001
8.43705100 -5.40105000 0.23505001
9.00900100 -1.04595000 1.64595010
9.00900100 -1.04595000 1.64595010
7.57695060 1.69500000 0.83895004
8.63805000 2.19300000 1.03305010
9.53400000 1.79805000 1.58400010
10.71900100 -0.10800000 -0.09195001
11.36895100 -1.35300000 -0.03900000
8.65305000 0.15000000 0.22800002
7.62300000 4.86105000 2.62095020
6.59805000 10.12800000 -0.66705000
6.98100040 7.04295000 2.90295000
-1.60200010 7.28505040 0.45300000
-1.60200010 7.28505040 0.45300000
-4.54800030 8.55195000 0.07200000
-7.09095050 8.93505000 2.94900010
-9.14400000 7.50495050 3.68895000
-10.21695000 1.70700010 1.45695010
-10.21695000 1.70700010 1.45695010
-6.89295050 8.88495100 3.62895000
-9.13395000 5.53905000 -1.17000010
-8.53305100 2.71800020 0.66405004
-7.42905040 -1.74105010 3.64800020
-9.07905000 -3.81495020 2.53005000
-9.07905000 -3.81495020 2.53005000
-8.31000000 -4.81095030 4.37895000
-6.16905000 -6.05205000 3.21705000
-6.16905000 -6.05205000 3.21705000
-3.73605010 -7.32900050 3.65100030
-2.65305020 -9.53205000 2.26605000
-1.93695010 -9.34800100 5.21700050
-4.14495040 -10.08795100 3.01095000
-1.35000000 -8.76105000 3.64605020
-1.35000000 -8.76105000 3.64605020
-1.14705000 -9.02700000 4.46505000
-0.35400000 -8.70600000 2.38800000
0.54795000 -8.36100000 0.51300000
4.27005000 -9.49095100 0.74505000
4.27005000 -9.49095100 0.74505000
6.30300050 -6.94995000 -0.23805001
9.08400100 -3.19200020 -3.94800020
7.17000060 2.63595000 -6.10995000
7.32300040 7.18200000 -6.43905000
3.71895030 7.41705040 -3.85005020
1.19895000 9.43305000 -3.21495000
-0.15105000 11.46195000 -2.06805010
-0.15105000 11.46195000 -2.06805010
-3.00105020 9.97200000 -2.52495000
-3.83595010 9.78495000 -4.77195020
-8.36805100 2.52600000 -4.97295050
-8.32200050 9.97905100 -0.29805002
-8.32200050 9.97905100 -0.29805002
-9.13395000 5.61795040 1.16505000
-9.53205000 2.58795020 0.80805004
-8.65005000 -0.76605004 -1.27005000
-8.86800000 -3.66705010 -0.87300000
-8.20005000 -6.36105000 -1.07400000
-8.20005000 -6.36105000 -1.07400000
-5.32095000 -8.06100100 0.09405001
-4.56495000 -8.52795000 -1.23705000
-2.80395000 -8.18400000 0.22800002
-2.13600020 -9.95595100 -0.40995002
1.53495000 -9.58200100 1.52400000
-0.42795002 -10.03500100 1.70595000
-1.93695010 -10.18095000 0.85305005
0.99600005 -8.61495000 3.03495030
-1.19205010 -9.66795100 4.21095040
1.76895010 -9.16305100 3.13800020
1.76895010 -9.16305100 3.13800020
3.49095000 -10.65495000 2.72595020
4.42995000 -5.97105030 0.24000001
7.40700050 -5.37405000 1.24800000
8.58795100 -2.79000020 -0.68805003
8.58795100 -2.79000020 -0.68805003
8.80095000 0.03300000 -1.56495010
9.98895100 6.21195030 -0.50895000
9.98895100 6.21195030 -0.50895000
6.16395040 8.43900000 -3.20805030
4.44195030 6.71700050 -3.72495000
4.44195030 6.71700050 -3.72495000
0.75900006 5.74695000 -2.62305020
-1.67100010 7.34700000 -2.03895020
-4.19805000 2.87100000 -4.37205030
-5.56800030 9.53100000 -2.15400000
-7.23495050 4.74105020 -1.57200000
-7.23495050 4.74105020 -1.57200000
-8.23905100 6.58605050 1.22205010
-9.08205000 1.83105000 3.97200010
-8.75805000 1.27605010 3.07605000
-9.89805000 -1.12305010 4.54200030
-9.89805000 -1.12305010 4.54200030
-9.45000100 0.06600000 2.10105010
-8.15700100 6.76800000 1.63905010
-10.29105100 0.74895006 2.85495020
-10.29105100 0.74895006 2.85495020
-9.75195000 2.40405000 -0.15405001
-8.81595000 -3.10800000 0.70995003
-8.81595000 -3.10800000 0.70995003
-9.46995100 -3.71205020 -0.05595000
-7.16595030 -4.38705000 0.93900007
-7.16595030 -4.38705000 0.93900007
-5.13705000 -8.12805100 -1.70100010
-6.73200040 -8.16405000 -0.77700000
-3.02505020 -6.61995030 0.39105000
0.30105000 -10.47300100 -3.39000000
1.80000010 -9.19395100 0.49395000
1.80000010 -9.19395100 0.49395000
0.18405001 -9.49395100 1.36800000
0.93600005 -11.19600000 1.84200010
2.96400020 -10.41600000 1.46400010
5.81205030 -7.49895050 0.20895001
6.80100000 -7.34505030 1.13100000
7.35405000 -5.96595050 0.42900002
7.95105030 -5.84805000 0.21900001
8.57595100 -6.43005040 -0.53505003
8.40105100 -5.22795000 -2.26905010
4.24305000 -4.61295030 -0.29805002
12.28305100 -2.61300020 -1.29600000
8.94495000 -1.81005010 1.59600010
10.46100000 0.35595003 6.34005000
10.46100000 0.35595003 6.34005000
8.51805000 -2.20095010 3.23100020
11.40705000 -2.14095020 3.20505020
8.87100000 -0.16305001 3.02295020
9.54405000 3.24195000 2.13000000
9.54405000 3.24195000 2.13000000
8.16900100 4.02795030 2.95800020
2.44200020 10.17795100 0.82005006
11.74200100 2.26305000 5.20995040
11.74200100 2.26305000 5.20995040
5.12895000 7.90500000 0.34095000
4.43700030 11.27505000 2.80500000
4.21200040 8.39595000 5.79900030
4.21200040 8.39595000 5.79900030
3.80295010 5.37600040 2.98500010
-6.01395030 11.43300100 2.06805010
-6.01395030 11.43300100 2.06805010
-3.99195030 8.72400000 0.06300000
-6.29895000 6.86295030 -1.42605010
-4.99995040 5.59395030 -0.81300000
-4.51695000 6.05400040 1.84005010
-4.51695000 6.05400040 1.84005010
-2.60295000 6.32205000 1.40205000
-1.85595010 5.39295000 0.91305006
-10.51905100 6.18600030 5.27895000
-6.34905050 5.29200030 2.68500020
-6.34905050 5.29200030 2.68500020
-7.75995000 1.47000000 4.73295000
-8.53800000 -1.64805010 2.44095020
-7.38600000 -5.62305000 4.51995040
-7.38600000 -5.62305000 4.51995040
-8.02500100 -9.22305000 5.00100040
-2.83305030 -7.18200000 2.25705000
-2.83305030 -7.18200000 2.25705000
-5.89095000 -6.16200000 5.28405050
-5.30895040 -8.04195000 3.14805000
-2.25795000 -6.93600030 4.39800020
0.16500000 -8.54805100 5.82300040
0.16500000 -8.54805100 5.82300040
2.38500020 -7.36005000 6.02400000
-0.56505000 -8.87805100 4.14900000
1.09905000 -7.43895050 3.18600000
9.15105100 -10.68195100 4.97700000
2.91405000 -7.49895050 6.45795000
2.91405000 -7.49895050 6.45795000
6.72705030 -7.44795040 5.13300040
8.40600000 -5.86005000 4.95795000
8.60895100 -3.50805020 4.94595000
6.63600000 -1.40595010 2.67300000
8.04405000 -3.34305020 1.85400010
8.04405000 -3.34305020 1.85400010
10.65195100 -3.50100020 3.27705030
9.82905000 -3.16800020 3.01395000
9.10305000 0.48300000 0.90105003
8.59005100 -3.08700010 1.18395010
8.34795000 -1.77705010 2.05800000
8.34795000 -1.77705010 2.05800000
12.06105000 0.56700003 4.76400040
11.43300100 1.09605000 3.61005020
9.79005050 0.70095000 1.54800010
6.61200050 2.54505010 -3.79695000
8.67900100 2.91900010 -1.39905010
8.67900100 2.91900010 -1.39905010
8.92605000 4.96695040 0.71205000
2.78205010 8.78895000 3.28905000
2.78205010 8.78895000 3.28905000
5.36205000 10.06605100 4.06500000
9.61305000 3.78600030 -0.77205000
2.25300000 4.83495040 5.69805050
4.02495000 10.80600100 5.73000050
8.89395000 7.75395060 4.23495000
6.25800040 7.15995030 4.64700030
3.88605020 7.05000000 4.13400030
2.10195020 4.53795000 3.19095020
-3.85095020 1.51800010 3.95205020
-1.97805010 3.04305000 9.04200100
-7.87695030 4.14705040 4.89105030
-10.95705000 2.72205020 4.61100000
-9.22305000 1.44105000 2.73795000
-6.76095000 -0.42600003 3.43695020
-1.82895000 -3.96105030 2.01705000
-1.82895000 -3.96105030 2.01705000
-8.78505000 -12.57600000 -4.27095030
-5.98695040 -5.03595000 1.72005010
-4.93800000 -9.00300000 -3.40905020
9.45000100 -9.17505100 3.82500030
7.77795030 -12.38400100 11.61405100
7.77795030 -12.38400100 11.61405100
3.12000010 -5.57505040 3.79395000
6.94305040 -5.50095030 4.16295000
5.88600000 -4.76100000 6.76695000
9.19605100 -3.70005000 7.19505020
14.18700000 -5.88405040 8.26095000
7.01400040 -5.10405000 2.25405000
2.91900010 1.04805000 1.29600000
22.84305200 9.01200000 4.22505000
10.63095100 6.98805050 4.51305000
10.63095100 6.98805050 4.51305000
6.14700030 4.78200000 3.75405030
3.69195000 5.47395040 3.42300000
-9.75495100 9.98400000 2.52300000
-4.29195000 7.24695000 2.99205020
-8.28195000 13.33500100 5.78505040
-8.28195000 13.33500100 5.78505040
-11.07900000 3.84105010 3.46905020
-12.75300000 -10.48500100 -1.84500000
-12.75300000 -10.48500100 -1.84500000
-4.63395000 -3.63300010 -1.00005010
-6.27000050 -6.59595000 2.71200010
-4.65600000 -10.00605000 3.52395000
11.43300100 -6.43995050 2.04405000
11.43300100 -6.43995050 2.04405000
3.93000030 -10.54995100 5.28900000
15.12900100 -4.35195000 -1.73505010
15.12900100 -4.35195000 -1.73505010
9.74895000 -2.95005000 1.80405010
-1.11600000 -0.37605003 2.55600020
3.15795020 5.48595050 3.35100000
15.62700100 5.63505030 -1.56495010
15.62700100 5.63505030 -1.56495010
5.29200030 3.39795020 0.61605000
3.52500000 7.06200030 -0.28605002
-7.42395000 10.38600100 2.72595020
-4.17705000 9.53100000 2.87205000
-5.19405030 2.58795020 0.07995001
-8.16900100 7.57005020 2.58705020
-9.47400000 1.23705000 -1.39200010
-5.53695000 1.07895000 -2.08005000
-7.84305050 1.34805010 -5.56695030
-11.18895100 4.95195000 -4.75305030
-13.98195100 3.82905000 -4.31205030
-12.13305100 1.47900010 -3.27495030
-8.65800000 -0.29400000 -3.02100010
-6.07605030 -2.28705000 -2.89395020
-6.07605030 -2.28705000 -2.89395020
-6.49995040 -4.01400040 -0.19005000
-7.12200000 -5.08695030 0.34305000
-6.85395050 -8.93295000 2.44095020
-4.01595000 -9.19695100 3.39000000
-3.46995020 -7.94400020 3.93300000
-3.20895000 -7.69005060 4.15605000
-3.20895000 -7.69005060 4.15605000
-6.79905030 -5.22600030 2.58000020
-6.91605040 -7.89600040 4.31595040
-6.91605040 -7.89600040 4.31595040
-1.64700010 -7.91505050 4.29000040
-1.00095010 -7.73100040 2.54400010
-0.15795001 -11.24400000 5.35605050
-2.79195020 -10.92795100 2.15595000
-2.42595000 -11.11500100 0.97095007
1.91295000 -10.93995100 1.59105000
5.34000000 -8.27505000 -0.93000007
7.62300000 -5.21100040 -1.85505010
7.45005040 -2.80905000 -2.39595000
7.29195000 -0.82395005 -4.08705000
7.29195000 -0.82395005 -4.08705000
8.12295100 0.29595003 -4.46505000
8.43195100 2.86800000 -3.92595030
8.25300000 2.85405020 -3.63405010
8.28105100 3.31200030 -3.50895020
7.12500050 4.09995030 -4.45095000
7.12500050 4.09995030 -4.45095000
6.25800040 7.45305000 -4.39095000
5.06505000 7.46895030 -4.85100030
4.03695000 8.19000100 -4.74495030
4.03695000 8.19000100 -4.74495030
1.24500000 9.54795100 -4.34295030
-1.91100010 7.93200000 -4.85805030
-1.91100010 7.93200000 -4.85805030
-3.10095020 7.90305040 -3.88995030
-6.67905040 6.05100000 -2.53200000
-6.71295000 7.92900040 -5.03505040
-6.32205000 6.56400000 -5.49000020
-5.41200000 3.97695020 -4.38795040
-7.85805030 6.75105050 -1.79700000
-8.64795000 3.97995020 -0.27600002
-10.62195000 3.23505020 1.53795000
-10.09695100 -1.12500000 -0.80805004
-8.39400000 -3.61095020 0.49905002
-8.06595000 -6.81795020 1.41405010
-6.45405050 -7.49595000 2.44395020
-6.45405050 -7.49595000 2.44395020
-5.89605050 -8.01300050 1.90695010
-4.42995000 -7.88700060 2.19900010
-2.17905020 -8.45400000 2.15595000
0.46395000 -9.88200100 0.65400004
0.46395000 -9.88200100 0.65400004
-1.00095010 -8.89200000 3.14505000
1.01205000 -10.58295100 2.66400000
1.01205000 -10.58295100 2.66400000
-0.86400000 -8.62695000 1.52400000
-2.19795010 -9.81495100 3.14505000
-1.04895010 -10.34100100 2.21595000
0.96000004 -9.52995000 3.92595030
0.96000004 -9.52995000 3.92595030
1.08405000 -8.89995000 2.07495000
3.38595000 -9.95295050 1.91400000
3.44100020 -9.36195100 1.37505010
6.00600050 -7.89105030 1.56000010
7.28505040 -4.18395040 1.62705000
9.57495000 -0.14295001 -0.84600000
9.57495000 -0.14295001 -0.84600000
7.96500000 3.11805000 -3.45900000
5.20395040 6.00600050 -4.22805000
1.57800010 7.85505060 -5.14995000
-1.39395010 9.60795000 -4.80495000
-2.76600000 8.66895000 -5.81805040
-2.76600000 8.66895000 -5.81805040
-8.20305100 2.99505020 -6.82905050
-7.80000000 5.25195030 -5.66295000
-8.22405050 1.46295010 -5.53995040
-8.69400000 6.38895030 -1.34205010
-8.69400000 6.38895030 -1.34205010
-9.50805100 2.50905010 -1.52895010
-10.82805100 0.50895000 -0.65895003
-10.38405000 -2.21295000 -0.21900001
-10.38405000 -2.21295000 -0.21900001
-8.98095000 -5.47995040 1.31295000
-4.03305000 -8.47305000 3.77295020
-4.03305000 -8.47305000 3.77295020
-4.48095040 -8.52405100 3.88305020
-3.43200020 -7.65705000 3.54795030
-0.49800003 -9.28305100 3.83505000
1.22295010 -9.49395100 5.33205030
1.77600010 -8.69595050 4.42200040
1.84605010 -8.27895100 4.54905030
1.09905000 -8.65305000 3.21495000
3.72600000 -6.71295000 3.69105030
5.68995050 -6.95205000 2.55600020
8.35605050 -5.57805000 0.35295000
10.14195100 -2.33700010 -0.33795002
9.72600100 -1.19700000 -2.94405000
12.93000000 1.41000010 -1.47105000
13.10700000 1.18005000 -0.94395006
6.79395060 0.38205000 -1.83105000
4.86600000 0.56895000 -3.72705000
5.14905000 1.60905000 -5.41395040
5.14905000 1.60905000 -5.41395040
4.54005000 7.31400000 -5.44695040
5.06700040 8.46795100 -5.20005040
3.25395000 11.02395100 -3.01605000
3.25395000 11.02395100 -3.01605000
4.06800030 8.97300100 -2.51595020
1.81005010 10.14900000 -3.60795020
0.44205000 9.94095000 -5.02995000
0.44205000 9.94095000 -5.02995000
-0.53400004 8.37900100 -5.18400000
-1.48005010 7.13895030 -5.23905040
-4.80900000 5.45295050 -7.56705050
-6.90405040 5.11695000 -6.34305050
-6.90405040 5.11695000 -6.34305050
-3.45105030 5.36205000 -6.68295050
-2.24100020 7.09995030 -5.90895030
-3.56295010 1.17495000 -5.53305000
-6.70605040 6.88695050 -3.80205000
-8.61705000 3.02400020 -5.37495040
-11.30700000 0.06195000 -2.46300000
-11.30700000 0.06195000 -2.46300000
-7.90305040 -6.22005030 0.38595003
-5.36205000 -8.23905100 0.20205002
-3.79305030 -8.33205000 2.39100000
-3.79305030 -8.33205000 2.39100000
-2.18400000 -9.40305000 1.78995010
-1.08900010 -10.70805100 1.90905010
1.21395000 -10.43700000 2.35305000
3.57300020 -9.58695000 0.26895002
1.86705000 -9.34500000 1.60500000
1.86705000 -9.34500000 1.60500000
3.99195030 -8.50200100 2.01705000
3.99195030 -8.50200100 2.01705000
5.65395000 -9.02205100 3.80895020
4.11405040 -7.01505040 -1.63695010
6.80805000 -6.46200040 2.25000000
6.80805000 -6.46200040 2.25000000
6.49005030 -4.89300000 1.68705010
6.49005030 -4.89300000 1.68705010
8.52300100 -7.09605030 0.07200000
8.52300100 -7.09605030 0.07200000
8.00400100 -5.64000030 -1.86705000
8.09205100 -3.11295000 -3.27195020
8.05095000 -1.08495010 -2.92005010
8.75805000 2.17395020 -4.06800030
10.45800000 4.47105030 -3.48300030
9.72300100 1.53000010 -3.61005020
8.16195000 -0.15495001 -3.79005030
6.72900000 1.60905000 -5.61495000
9.16305100 1.30500010 -6.00000050
7.51005030 4.38900040 -4.94205050
6.84000000 5.64705040 -4.72395040
6.84000000 5.64705040 -4.72395040
5.78100000 7.57200050 -4.51305000
6.41295050 6.88500000 -4.42905040
2.55705020 9.41895000 -5.79000040
2.99595020 9.34905050 -3.54795030
-0.18900001 8.97795000 -2.99700020
-0.18900001 8.97795000 -2.99700020
-3.20895000 7.63200040 -2.18505000
-5.66895000 6.55905000 -0.52305000
-5.57295040 8.79105000 -0.88200000
-4.29600000 3.79305030 0.64695000
-11.32995000 3.14595000 -0.91605000
-9.83400100 2.03700020 1.16895010
-10.88295100 2.80905000 2.30505010
-10.88295100 2.80905000 2.30505010
-10.78200100 -1.78905010 -1.01100000
-11.07705000 -4.35600040 -2.70195000
-7.25205040 -3.55395000 -1.73700010
-6.91605040 -3.13995000 -3.71100020
-7.09800050 -4.45005040 -3.22905020
-7.51005030 -6.19095040 -2.63805000
-5.72895050 -6.45195000 -1.57395000
-11.68695100 -9.49800000 -1.00695000
-5.91105030 -8.22705100 -1.72995010
-3.55605000 -8.55705100 -1.64100000
-3.55605000 -8.55705100 -1.64100000
0.10500000 -8.86605100 2.41695020
4.74105020 -7.91100030 1.55700000
5.15295030 -8.64300100 -0.13500000
5.15295030 -8.64300100 -0.13500000
4.37700030 -7.18200000 0.23505001
-0.73305005 0.27900000 0.34800002
17.41800100 -10.37700100 14.71305100
-3.16305020 6.50700040 16.21995200
-3.16305020 6.50700040 16.21995200
11.73000050 1.06500000 5.71500000
7.59900050 2.31495020 2.37600020
4.33905030 2.28600000 -3.02595020
4.33905030 2.28600000 -3.02595020
9.87900100 8.34795000 0.58305000
8.77200000 9.18195100 -0.17100000
0.62700003 9.17700000 -0.35505003
0.62700003 9.17700000 -0.35505003
1.27395010 9.33000100 -1.72500000
2.21700000 8.40300100 -1.98105010
2.21700000 8.40300100 -1.98105010
4.31295000 10.09695100 -1.93800010
1.03200010 10.12500100 -0.24000001
6.33900000 8.96895000 2.14395000
3.42195000 8.80305000 0.42495003
3.34500030 8.94000100 1.89705010
2.13300010 11.08605100 1.60995010
-2.79000020 7.78095050 -0.46305000
-4.32300040 6.87105040 -3.38295000
-7.73805050 3.99195030 -4.12305000
-12.47805000 6.48000050 -3.04995010
-6.78495030 5.14395050 -2.49405000
-9.47700000 0.67005000 -2.83905000
-9.14595000 1.35195000 -2.29305000
-9.14595000 1.35195000 -2.29305000
-10.76295100 -0.24600000 -4.16595030
-8.62200100 -6.28395030 -1.85205010
-6.41595030 -6.99795060 -2.47995020
-6.41595030 -6.99795060 -2.47995020
-2.50695010 -8.91195000 -1.03305010
1.35495010 -10.98105050 1.94805010
-0.12195001 -8.59995100 -3.75600030
1.82205010 -8.98800100 -1.70400010
1.82205010 -8.98800100 -1.70400010
1.47900010 -9.26595000 -1.07895000
3.13005020 -8.46900100 -0.68295000
-0.67995006 -9.53205000 -1.14795000
1.13700010 -8.72505000 0.42900002
3.08895020 -7.40805050 1.02600000
6.20700030 -9.16995050 1.93095000
6.20700030 -9.16995050 1.93095000
8.72700000 -6.78000000 -0.43905002
7.61805060 -4.68900000 -1.65105010
6.70500040 -0.14805001 -1.02105010
10.24500100 0.02100000 -1.60095010
10.24500100 0.02100000 -1.60095010
9.46905000 1.52205000 -1.12605000
12.55200100 -2.38305020 -5.58405000
8.17395000 4.47600030 -1.81095000
3.54195020 8.58105100 3.19800020
3.30000020 9.07905000 4.24200000
3.30000020 9.07905000 4.24200000
5.12205030 8.60700000 2.19405000
4.75800040 10.99695000 0.94200003
4.75800040 10.99695000 0.94200003
1.57995010 10.43895100 3.44205020
4.11600000 3.33795020 3.99795000
4.11600000 3.33795020 3.99795000
-2.01600000 13.57905100 -0.19995001
-0.78495000 7.69395000 1.96005010
-6.93300060 7.23705050 -1.22895000
-5.73300030 5.17200040 -0.19200000
-6.39195000 3.33795020 -0.55905000
-6.39195000 3.33795020 -0.55905000
-12.72405050 2.37495020 -2.35695000
-11.66595100 -4.38300040 -2.62305020
-10.26195050 -1.08000000 -0.45105000
-9.26400100 -2.81595020 -1.67700000
-9.26400100 -2.81595020 -1.67700000
-9.88605000 -6.19305040 -0.38400000
-7.87695030 -7.45800000 0.09900001
-4.48605000 -8.71305100 0.06795000
-2.74200000 -9.53700100 0.83895004
0.84000003 -11.43105000 1.41405010
0.84000003 -11.43105000 1.41405010
-0.81600004 -10.01595000 -1.15005000
2.45205020 -10.80600100 -1.65600010
6.73695040 -7.79100040 -0.62295000
6.73695040 -7.79100040 -0.62295000
2.34600020 -7.83405000 -0.73800004
6.32505040 -7.07895040 -0.20400001
3.41895000 -5.84805000 0.85800004
5.17995000 -7.90305040 0.50805000
7.08600040 -6.11895040 0.85305005
10.42200100 -7.27305030 0.73305005
8.38905050 -4.04295000 -0.89895004
10.73100100 -4.31295000 -1.58595000
9.01905100 -2.29695000 -1.57200000
9.40905000 -2.10300020 -2.41995000
6.78900050 6.86595000 -4.83405000
6.78900050 6.86595000 -4.83405000
8.92305100 4.58100030 -3.89700000
7.76895050 7.15305040 -1.33005010
2.77500000 8.64795000 2.09595010
2.77500000 8.64795000 2.09595010
-0.69405000 7.89795000 1.34205010
-1.06500000 9.82395100 -1.78995010
1.98705000 10.72200000 0.36195000
1.98705000 10.72200000 0.36195000
-0.78795004 10.27605100 3.48795000
-4.25595000 6.23100040 -0.42195000
-10.28595100 8.69295000 6.05505040
-10.28595100 8.69295000 6.05505040
-7.23705050 4.16400000 1.86900010
-8.11905000 5.13195040 3.14295000
-8.11905000 5.13195040 3.14295000
-10.65000100 2.88495020 -1.82595010
-9.72600100 -2.29905000 -5.15505030
-9.72600100 -2.29905000 -5.15505030
-10.31295000 3.60900020 -0.67605000
-7.89105030 -0.37305000 -3.18105000
-9.10995000 -4.08105040 -5.19795040
-7.78095050 -4.87395000 0.46800002
-8.16195000 -3.61095020 -4.66095000
-8.22900000 -3.99705030 -4.05300000
-5.77395000 -6.39405000 -3.87105010
-6.97395040 -7.53705020 -2.16600010
-4.92600000 -9.27105000 -1.53795000
-0.98595005 -9.18000000 -1.31595000
1.72605010 -10.48800100 -0.54705000
1.77900000 -9.29700100 -0.18495001
3.04605000 -8.38500000 -1.48995010
4.23405030 -7.98495050 -1.19400000
5.07000000 -8.05905100 -0.70500004
5.07000000 -8.05905100 -0.70500004
4.53105000 -7.68795000 1.15695000
5.01000000 -8.23095000 2.53500000
4.55205000 -8.39895100 1.66500010
6.11595000 -7.31205030 0.84105000
7.63695050 -6.81600050 1.65105010
8.53305100 -6.46605000 1.24095010
8.58495000 -5.97105030 -0.21600000
9.38805000 -2.43495000 0.47700003
9.09600100 -2.46195000 -2.10405020
11.14305000 -0.97905004 0.43200000
10.04595100 2.44500020 -1.59300000
10.04595100 2.44500020 -1.59300000
9.47400000 2.77995010 -1.60800000
6.74100000 5.46495000 -0.94695000
4.76505040 7.32795050 -0.85605000
6.45600030 5.30700000 -3.46605010
6.45600030 5.30700000 -3.46605010
9.23205100 1.33095000 -0.29100000
10.19295000 4.82295040 3.12405010
10.36500100 6.19995000 0.85605000
7.69905040 6.51105000 -0.91095006
7.69905040 6.51105000 -0.91095006
8.80095000 6.18600030 -2.46000000
3.52005000 7.66095000 -0.66705000
3.52005000 7.66095000 -0.66705000
2.70795000 7.56000040 -0.38400000
-0.05700000 9.06405100 -1.29600000
4.78500030 10.55205100 -4.43400000
2.73900000 9.03105100 -0.69495004
-0.17400001 11.87595100 -1.93095000
2.39400000 9.04995100 -0.32700002
-0.39705002 8.63595000 -3.99600030
-0.21795002 6.85095020 -2.12805000
-0.21795002 6.85095020 -2.12805000
-6.80400040 5.50500000 -3.50895020
-9.36705000 4.28400040 -0.77700000
-3.39300010 -11.13900100 2.41995000
-3.83205000 -11.41200100 2.90595000
2.52405020 -8.59500000 3.08295000
-0.53100000 -8.37495000 3.59595010
-0.20295002 -8.22900000 1.56495010
-0.20295002 -8.22900000 1.56495010
10.69095000 -5.19495000 6.71100040
0.27705002 -4.12395000 0.85305005
4.12095000 -7.44105050 6.29700040
6.60495040 -9.41700100 -0.35295000
6.60495040 -9.41700100 -0.35295000
5.08200030 -6.73905040 3.10695000
7.57500030 -5.18295000 6.58005050
7.39800020 -4.66305000 11.76300050
9.88800050 -2.48100020 9.56400000
11.46705100 1.13400010 8.86500100
11.46705100 1.13400010 8.86500100
9.49800000 1.02000010 5.19300030
7.52895000 6.09000000 2.61405010
7.52895000 6.09000000 2.61405010
-1.97100010 8.92995100 2.41500020
2.40405000 11.30595000 3.87795020
2.40405000 11.30595000 3.87795020
0.66000000 7.14600040 3.92595030
-3.34095030 4.77705000 3.56895020
-3.49200000 10.65195100 -1.29195010
-7.10295060 1.22805010 0.59505004
-7.10295060 1.22805010 0.59505004
-7.61595060 -5.53695000 -4.28295040
-3.44595030 -7.80300050 -4.45605040
0.76095000 -9.82905000 -6.02700040
0.94500005 -8.98605100 -6.43095000
4.89705040 -6.08595040 -4.05300000
4.89705040 -6.08595040 -4.05300000
10.36500100 -4.68405000 -0.21600000
7.53900050 -6.35895000 -1.66305000
7.53900050 -6.35895000 -1.66305000
11.08395100 -4.77795030 0.82500005
8.49900100 -7.06695030 1.08300010
8.49900100 -7.06695030 1.08300010
7.92405030 -8.31300100 1.27005000
9.27000000 -7.41195060 0.51300000
10.49205000 -1.82700010 5.28195050
10.12305100 1.70895000 2.64495020
10.12305100 1.70895000 2.64495020
4.41300000 4.27905040 1.52595010
2.91900010 4.58595040 1.28400000
4.36995030 6.50895000 0.34095000
12.50895000 13.84995100 0.97095007
4.95000030 11.45700100 3.96405030
0.82095003 9.57705000 4.01505040
3.19905020 7.97505040 3.68205020
-8.65500100 5.31105040 0.62805000
-4.87800030 4.27005000 2.32395000
-8.03700100 2.04195000 1.57695010
-8.03700100 2.04195000 1.57695010
-11.09595000 3.12195010 6.55095050
-10.62195000 4.38195040 5.53095000
-7.71195030 3.46500020 2.78595020
-5.20200000 0.86895007 4.69200040
-9.91695000 -3.82500030 4.14405000
-9.91695000 -3.82500030 4.14405000
-7.36905050 -2.18205000 1.65105010
-7.30005030 -5.57805000 2.12505000
-7.30005030 -5.57805000 2.12505000
-5.69295020 -7.52295000 3.29400010
1.52700010 -10.81800100 1.88805010
1.07205010 -10.04895000 1.32705010
7.17495000 -7.23000050 1.29900000
7.17495000 -7.23000050 1.29900000
6.80595000 -8.12100000 -0.33105000
14.05800100 -9.97305000 -2.20395020
14.05800100 -9.97305000 -2.20395020
9.81405100 -4.20495030 -0.98505000
8.19495000 -9.31395100 0.44805002
8.19495000 -9.31395100 0.44805002
7.61595060 -4.66500040 -0.68805003
13.27305000 11.32800000 -3.60795020
11.43105000 -2.11695000 0.34995002
7.61595060 5.40195040 0.54405004
7.61595060 5.40195040 0.54405004
5.09400030 8.85600000 0.72900003
1.05105010 8.78895000 2.26200000
3.73800020 9.99600000 3.11205000
1.33305000 9.34695100 2.80995000
1.33305000 9.34695100 2.80995000
3.15405000 8.79900100 3.11895010
3.22800020 8.67405000 1.31295000
3.22800020 8.67405000 1.31295000
3.06705020 9.05505100 2.49105000
5.03400040 7.64205030 2.28495000
6.45405050 9.22695100 3.21495000
4.94505020 6.63600000 0.46305000
4.94505020 6.63600000 0.46305000
0.69900006 8.27895100 1.19100010
-12.30495100 9.06195100 6.33795000
-4.19100000 6.77505000 2.46705000
-12.64095000 7.29900030 6.08595040
-12.64095000 7.29900030 6.08595040
-11.83095100 3.14205030 0.59895000
-10.56405100 -0.85200006 -0.29805002
-8.32005000 -3.75000020 -0.30495003
-8.71995100 -1.12095010 -0.06495000
-4.88295030 -4.88295030 0.57300000
-10.87305100 -4.37100030 0.27795002
-9.06495000 -1.40805010 -0.85605000
-4.82805000 -11.05800100 -0.08505000
4.82505040 -8.79405000 -6.07500030
7.00995000 -6.52605000 -2.66595000
8.74800000 -2.40000000 -2.41005020
9.77595000 -1.66695010 -1.20300010
9.93405100 1.32795010 0.41505003
7.75695040 0.80400000 -0.66900000
10.03395100 -4.33995000 -0.18000000
9.25605000 -1.08495010 2.90805000
9.25605000 -1.08495010 2.90805000
11.20305100 1.07895000 4.41000030
10.93995100 2.28405020 0.24000001
10.93995100 2.28405020 0.24000001
9.00000000 1.73595010 -0.05805000
8.51100100 2.14995000 0.26595002
9.85005100 2.65095020 0.81000006
12.04905000 0.43305000 1.05195010
12.05805000 1.84800000 0.86505000
11.31600100 1.06500000 0.80100006
8.92800000 0.78495000 1.28700010
8.13300000 0.68205005 0.31005000
7.93605040 0.96405005 -0.42195000
8.38395000 2.05695000 -0.58500004
9.20595100 2.46600000 -0.12300000
10.05105000 1.85100010 0.19500001
10.05105000 1.85100010 0.19500001
10.83705000 0.78195006 1.88100000
10.06800100 1.64700010 1.78305010
10.08000100 0.35805002 0.27405003
10.00605000 0.93600005 0.72195005
10.00605000 0.93600005 0.72195005
9.91500100 1.63695010 0.28095000
9.39000000 1.53705010 0.88905007
9.39000000 1.53705010 0.88905007
9.97005100 1.00005010 0.67800003
9.95805100 1.04595000 0.86805004
10.02705000 1.69500000 1.26495000
9.49800000 2.14995000 0.91800004
9.49800000 2.14995000 0.91800004
9.22695100 2.16000000 0.79095006
10.03395100 2.00595020 0.13695000
9.62505100 1.56795010 0.30195000
9.75405000 2.30595020 0.72405005
9.60105000 2.21700000 0.85800004
9.98400000 1.80705010 1.08105000
9.86400000 1.60395000 1.35900010
9.88605000 1.46295010 1.34205010
9.82905000 1.57500000 1.12095010
9.82905000 1.57500000 1.12095010
9.72600100 1.52205000 1.14795000
9.86400000 1.83900010 1.11900010
9.72105000 1.52505000 1.25805010
9.70905000 1.55595000 1.34895000
9.84495100 1.61805010 1.38705000
9.85695100 1.65900000 1.45905000
9.87405000 1.58700010 1.47405000
9.88395000 1.65705010 1.57395000
9.82395100 1.59705010 1.56195010
9.82395100 1.59705010 1.56195010
9.68505000 1.52205000 1.45395000
9.73305000 1.75995000 1.44000000
