-0.19635 0.096525 -0.087175
0.0037125 0.110275 -0.37675
0.0037125 0.110275 -0.37675
-0.2910875 -0.182325 -0.3128125
-0.7913125 -0.12485 -0.661925
-0.7913125 -0.12485 -0.661925
-0.3007125 -0.0334125 -0.643775
0.3537875 0.0325875 -0.2968625
0.4208875 0.46145 -0.0521125
-0.19635 0.31033748 -0.0968
-0.125125 0.00605 -0.3309625
0.188925 -0.313225 -0.34375
0.188925 -0.313225 -0.34375
0.0845625 -0.4164875 -0.4873
0.1483625 -0.02585 -1.0322125
0.36025 0.00385 -2.330625
0.1186625 1.077725 -2.7445
-0.383625 2.09715 -2.6827624
-0.383625 2.09715 -2.6827624
-0.8476875 1.7428125 -3.245825
0.6507875 -0.35475 -2.165625
1.005125 -1.293325 -1.9177125
1.11045 -0.738925 -3.18725
1.11045 -0.738925 -3.18725
1.2051874 0.2391125 -2.8221874
-0.4624125 0.3700125 -2.1346874
-0.042075 -0.242 -1.4132249
-0.042075 -0.242 -1.4132249
-0.0963875 -0.7250375 -0.9906875
-0.1750375 0.8276125 -1.4366
-0.203775 -1.5701125 -2.7094374
-0.203775 -1.5701125 -2.7094374
0.2655125 0.9563125 -2.458225
0.2655125 0.9563125 -2.458225
-0.9519125 2.564375 -2.3997874
-0.4379375 1.24795 -2.27315
0.038775 -0.3100625 -2.43705
0.2899875 0.030525 -2.784925
0.5102625 0.8265125 -2.66255
-0.0878625 1.1543125 -1.2365375
0.2718375 0.1156375 -1.085425
0.2718375 0.1156375 -1.085425
-0.4444 -0.410025 -2.7647126
-0.0048125 0.55935 -3.047825
-0.0048125 0.55935 -3.047825
0.8210125 1.9386125 -2.7467
1.281775 2.402675 -2.1263
0.4783625 0.0336875 -3.08935
0.2985125 -0.430375 -3.15315
0.2985125 -0.430375 -3.15315
1.5819374 -1.1114125 -1.7985
0.95507497 -2.3692625 -2.2486749
0.660275 -0.87725 -2.7402375
0.660275 -0.87725 -2.7402375
0.2580875 -0.09185 -2.230525
-0.566775 -0.217525 -1.6281375
0.1197625 -0.4175875 -1.3366375
-0.236775 0.830775 -1.9303625
-0.236775 0.830775 -1.9303625
-0.32945 -0.5314375 -3.7151124
-0.663575 -0.8305 -4.715425
-0.2569875 -1.818025 -3.5076249
-0.0059125 -1.5052125 -2.40075
-0.549725 -0.411125 -2.92435
0.333575 0.9021375 -2.2433126
-0.80079997 0.9967375 -2.4402125
-0.80079997 0.9967375 -2.4402125
-0.648725 -0.22605 -2.33585
1.0626 -0.76876247 -1.9336625
1.0626 -0.76876247 -1.9336625
0.3773 -0.68035 -1.0715375
0.3793625 0.19965 -0.9673125
0.058025 0.372075 -1.19295
-0.1271875 -0.118525 -1.594175
-0.03465 -0.462275 -1.078
-0.0122375 -0.09295 -1.086525
-0.0122375 -0.09295 -1.086525
0.0803 -0.0578875 -1.070575
-0.0526625 -0.1441 -0.3394875
-0.0526625 -0.1441 -0.3394875
-0.0771375 0.3603875 -0.0308
-0.0495 0.2827 -0.088275
-0.0495 0.2827 -0.088275
0.1568875 -0.0471625 -0.0914375
0.0814 -0.004675 -0.0957
-0.0537625 0.0240625 -0.0169125
-0.0537625 0.0240625 -0.0169125
-0.0836 0.10395 -0.0265375
-0.0836 0.10395 -0.0265375
0.038775 -0.0004125 -0.0532125
-0.00165 -0.052525 -0.21065
-0.253825 0.1007875 -0.8173
-0.253825 0.1007875 -0.8173
-0.565675 0.0655875 -1.64835
-0.108075 0.33275 -0.659725
-0.37193748 -0.8166125 -0.1318625
0.539 -0.0897875 -2.321
0.539 -0.0897875 -2.321
-0.271975 -0.395175 -2.4124374
-0.271975 -0.395175 -2.4124374
0.77 1.24905 -1.86065
0.434775 0.8393 -1.803175
-0.8210125 -1.1114125 -2.5917375
-0.8210125 -1.1114125 -2.5917375
-0.1144 -1.1006875 -2.506625
0.713625 -1.4179 -3.69105
1.725625 0.27101249 -3.1866999
1.725625 0.27101249 -3.1866999
0.4379375 -0.214225 -3.096225
-0.1238875 -0.4387625 -2.2138875
0.29645 -0.7090875 -1.133825
0.29645 -0.7090875 -1.133825
-0.2143625 0.096525 -0.7772875
-1.2137125 0.29865 -2.798125
-1.2137125 0.29865 -2.798125
-0.0165 0.5413375 -3.174875
-0.39325 -0.49307498 -3.4452
0.2453 -1.3050125 -2.7704875
-0.0122375 -1.6828625 -2.244825
-0.0122375 -1.6828625 -2.244825
0.0686125 0.33385 -3.6293125
-1.5202 0.715825 -2.6162124
-0.5825875 1.31285 -3.5622125
-1.658525 -0.30153748 -3.1887624
0.40713748 0.2613875 -2.8567
0.40713748 0.2613875 -2.8567
-0.3282125 0.8009375 -1.1763124
0.0697125 -0.32175 -0.5462875
0.0697125 -0.32175 -0.5462875
0.304975 -0.4675 -2.1426625
0.927575 -0.39833748 -3.4643126
0.6689375 1.896125 -3.4463
0.861575 1.70775 -2.4033625
0.861575 1.70775 -2.4033625
0.8413625 1.518275 -2.454375
-0.44 -1.10825 -2.5641
-0.44 -1.10825 -2.5641
-0.283525 -0.9241375 -2.5394876
-0.283525 -0.9241375 -2.5394876
0.7891125 -0.952875 -2.5416875
-0.0803 -1.5115374 -3.0971875
-0.0803 -1.5115374 -3.0971875
-0.1835625 0.1412125 -2.90675
-0.1568875 0.538175 -2.1404624
0.4156625 -0.4302375 -1.0593
-0.003575 -0.1535875 -0.8155125
-0.003575 -0.1535875 -0.8155125
-0.478225 0.522225 -0.7517125
-0.0132 0.69355 -2.3171499
-0.512325 0.1326875 -3.3015125
-0.512325 0.1326875 -3.3015125
-1.11045 -1.4062124 -3.5547874
-1.6542625 -2.0084624 -3.55905
-1.5882624 -2.0447624 -2.8045876
-1.0177749 -0.2696375 -1.915925
-1.0177749 -0.2696375 -1.915925
-0.2079 1.7109125 -1.9020375
0.3922875 1.0575125 -1.3624874
-0.2121625 1.844975 -2.812975
-0.0323125 2.3249874 -3.09925
-0.68475 0.9073625 -2.717275
-0.68475 0.9073625 -2.717275
-0.4112625 0.2795375 -2.9748125
0.141075 -0.379225 -2.504425
-0.3037375 1.2425874 -1.1166375
-0.3037375 1.2425874 -1.1166375
-0.2388375 0.3498 -0.6824125
1.1308 0.1219625 -1.799875
1.188275 0.0848375 -3.075875
1.2639 0.3806 -3.1791375
1.2639 0.3806 -3.1791375
0.49335 0.46048748 -2.4842124
-0.15895 -1.45915 -2.129875
-0.0823625 -0.8855 -2.1704376
-0.1376375 -0.549175 -1.8000125
-0.709225 -1.1771375 -2.8290625
0.730675 -0.566225 -2.983475
0.730675 -0.566225 -2.983475
0.8402625 -0.34595 -3.422925
-0.002475 0.7033125 -1.07745
-0.87835 0.5522 -2.71095
-0.87835 0.5522 -2.71095
-0.7326 0.3064875 -3.1312876
-0.33673748 -0.4481125 -2.8535376
-0.33673748 -0.4481125 -2.8535376
-0.65065 -1.9540125 -2.833325
0.03575 -1.6889125 -2.7801125
0.2187625 1.1790625 -2.525875
0.2187625 1.1790625 -2.525875
-0.839025 0.76725 -2.8813124
-0.509025 1.3737625 -2.5427876
-1.3498375 0.1830125 -2.573725
-0.889075 0.429825 -0.382525
-0.889075 0.429825 -0.382525
0.69135 0.5108125 -0.759275
0.33165 0.021175 -2.0043375
0.36781248 0.99715 -2.97275
0.36781248 0.99715 -2.97275
0.8009375 2.321 -3.2558625
1.14895 2.6360126 -3.2228625
1.14895 2.6360126 -3.2228625
0.5465625 -1.7378625 -1.85955
0.8595125 -1.532575 -1.0624624
0.10395 -1.2122 -2.7726874
0.10395 -1.2122 -2.7726874
-0.0089375 -1.2793 -2.9929626
-0.0089375 -1.2793 -2.9929626
-0.101475 -0.435325 -3.274975
-0.232375 0.334125 -2.8589
-0.232375 0.334125 -2.8589
1.6022875 -0.7227 -0.78265
0.3284875 -0.3172125 -1.8404375
0.3284875 -0.3172125 -1.8404375
-0.4409625 0.4246 -3.03875
-0.8655625 -1.32605 -3.1505375
-0.0419375 0.1936 -1.492425
-0.0419375 0.1936 -1.492425
0.30827498 0.63635 -0.9497125
0.158125 0.07975 -0.43353748
0.158125 0.07975 -0.43353748
0.0644875 -0.066 -0.2855875
0.10175 0.1062875 -0.7720625
-0.1706375 -0.3097875 -0.7038625
-0.29947498 -0.83765 -0.75075
-0.414425 -0.9365125 -0.644325
-0.414425 -0.9365125 -0.644325
-0.984775 0.40645 -0.6634375
0.1942875 0.301125 -1.3563
-0.087725 1.9740875 -2.6588376
-0.7591375 1.477025 -2.32155
-0.7591375 1.477025 -2.32155
-0.46873748 0.6639875 -2.3588126
-1.47015 0.5757125 -2.198075
-1.47015 0.5757125 -2.198075
0.9871125 1.0588875 -1.7584875
1.253175 0.269225 -2.8716874
1.253175 0.269225 -2.8716874
0.3092375 0.27981248 -1.3828375
-0.275 -0.4566375 -0.22605
-0.275 -0.4566375 -0.22605
-0.414425 -0.2270125 0.1518
-0.9007625 -0.1727 0.2624875
-0.5251125 -0.23773749 -0.4131875
-0.152625 0.0209 -0.5110875
0.2369125 0.39765 -0.7739875
0.5380375 0.088 -1.114575
0.5380375 0.088 -1.114575
0.5124625 -0.2270125 -2.208525
0.3592875 -0.61545 -3.1631875
-0.2132625 -1.0209374 -3.041775
0.03575 -0.99756247 -2.944975
0.03575 -0.99756247 -2.944975
-0.119625 0.44233748 -2.878975
-0.407 0.82445 -2.5331626
0.3763375 0.3199625 -0.720775
0.3763375 0.3199625 -0.720775
0.452925 -0.003575 -0.8559375
0.06985 -0.80808747 -3.2269876
-0.0174625 -2.0021374 -3.0397124
-0.22605 -2.1797874 -2.7033875
-0.22605 -2.1797874 -2.7033875
0.010175 1.141525 -2.3926375
-0.9103875 1.2309 -3.13555
0.06875 1.7428125 -3.4793
-1.1796125 -0.281325 -3.2792375
0.681725 -0.543125 -2.864125
0.1219625 -0.7272375 -2.111725
0.0207625 0.44233748 -1.023
-0.3964125 0.20185 -0.35475
-0.3964125 0.20185 -0.35475
0.3496625 0.847825 -1.5263875
-0.1227875 0.03685 -0.48565
0.4167625 -0.7324625 -0.3441625
0.4167625 -0.7324625 -0.3441625
-0.120725 -1.2912625 -2.54595
0.4624125 2.2632499 -3.7027376
-0.006875 1.9875625 -3.5985124
-0.006875 1.9875625 -3.5985124
-0.1579875 1.21605 -2.9599624
-0.564575 -2.2554126 -2.6577375
-0.0356125 -0.2057 -1.8552874
0.9285375 0.5572875 -1.7340125
0.9285375 0.5572875 -1.7340125
1.073325 0.56581247 -1.752025
1.071125 -0.197175 -2.4586375
1.071125 -0.197175 -2.4586375
0.4805625 0.00495 -2.7396874
0.4805625 0.00495 -2.7396874
-0.7220125 0.5402375 -2.1170876
0.0814 0.4147 -3.03655
0.0814 0.4147 -3.03655
-0.2228875 0.372075 -4.4616
-0.8380625 -1.3294874 -3.5132625
-0.8380625 -1.3294874 -3.5132625
0.0847 -1.04225 -3.1312876
0.5401 -0.903925 -2.2149875
0.5401 -0.903925 -2.2149875
0.3784 1.9173 -1.392325
-0.497475 2.06415 -2.425775
0.2464 2.270675 -2.8578
0.2123 -0.082225 -1.4360499
0.2123 -0.082225 -1.4360499
0.696575 -0.1962125 -2.931225
0.696575 -0.1962125 -2.931225
0.6370375 0.9670375 -1.606275
0.3592875 0.07205 -1.4466375
-0.7123875 -1.7403375 -2.340525
-0.7123875 -1.7403375 -2.340525
-1.10935 -1.0921625 -4.5370874
1.464925 3.2060876 -3.438875
0.79667497 3.63715 -2.948275
0.092125 1.6044875 -2.2778249
0.092125 1.6044875 -2.2778249
0.322025 -1.7381375 -3.4920874
0.548625 -0.5218125 -2.34905
1.156375 0.5891875 -2.5023625
1.156375 0.5891875 -2.5023625
1.3872375 1.0660375 -2.2033
1.3872375 1.0660375 -2.2033
0.9552125 0.6136625 -2.948275
-0.3537875 -0.1610125 -2.1074624
-0.3537875 -0.1610125 -2.1074624
-0.580525 -0.26427498 -3.674
-1.0008625 -1.69345 -3.5228875
-0.0419375 -1.3220625 -3.091825
0.6061 -1.2497375 -1.9925125
0.6061 -1.2497375 -1.9925125
0.417725 1.9525 -3.813425
0.1837 1.5948625 -3.320625
-1.0146124 -0.5388625 -2.423575
-1.0146124 -0.5388625 -2.423575
-0.9189125 -0.870925 -3.0866
-1.181675 0.1634875 -1.6797
1.1499125 0.1742125 -1.1433125
1.1499125 0.1742125 -1.1433125
-0.3037375 -0.557975 -2.7300625
0.0804375 0.4668125 -3.7591126
0.9318375 2.2334125 -3.52825
0.9318375 2.2334125 -3.52825
0.597575 1.6460125 -3.1312876
0.65505 0.0422125 -3.06955
-0.479325 -1.8297125 -2.9907625
0.6413 -0.9560375 -1.8403
0.6413 -0.9560375 -1.8403
1.44045 -0.3696 -2.6948626
1.1308 0.1464375 -3.320625
0.33261248 0.0518375 -2.1234124
-0.143 0.022 -2.34795
-0.6699 0.4125 -2.0926125
-0.054725 -0.411125 -4.010325
-0.004675 -1.506175 -3.9474876
-0.004675 -1.506175 -3.9474876
-0.11 -1.2423126 -2.5969625
-0.0653125 -0.8251375 -2.3171499
-0.06215 1.01805 -3.1524625
-0.06215 1.01805 -3.1524625
-0.135575 0.7467625 -1.1496375
0.68488747 -0.1780625 -1.4774375
0.3741375 0.3614875 -1.7733375
-0.6293375 0.5583875 -2.355375
-0.6293375 0.5583875 -2.355375
-0.78265 -0.167475 -2.800325
-1.330725 0.7722 -2.128775
-1.330725 0.7722 -2.128775
-0.1068375 0.391325 -2.0989375
-0.233475 -0.1684375 -1.5126375
-1.3976874 0.356125 -2.7471125
-1.3976874 0.356125 -2.7471125
1.0019625 0.617925 -2.3544126
2.3535874 2.0546625 -2.31605
1.1105875 1.6119125 -1.9393
1.1105875 1.6119125 -1.9393
0.39655 -1.27105 -3.273875
-0.381425 -0.4015 -2.05315
-0.381425 -0.4015 -2.05315
0.5795625 0.98725 -3.191925
1.0030625 0.5636125 -3.4005125
0.2443375 -0.478225 -3.0545626
-0.6879125 -0.67925 -1.4806
-0.6879125 -0.67925 -1.4806
0.3518625 -0.2674375 -2.274525
0.158125 -0.5687 -4.0997
-1.200925 -2.1085625 -3.6304126
-0.20693749 -0.560175 -2.9099126
-0.20693749 -0.560175 -2.9099126
-0.4261125 0.46145 -2.1245124
0.779625 1.8503375 -1.263625
0.1815 0.848925 -3.3419375
0.1815 0.848925 -3.3419375
0.5135625 0.3273875 -2.1181874
0.0644875 -0.0215875 -3.5292125
0.0240625 -0.084425 -3.634675
0.0240625 -0.084425 -3.634675
0.270875 0.080575 -1.4295875
0.49225 0.407275 -1.95635
-0.5740625 -1.17205 -3.62615
0.7178875 0.472175 -3.846425
1.3542374 3.057175 -3.2462375
1.3297625 3.5402124 -3.2025125
0.7805875 2.042975 -2.5320625
0.6188875 -0.4313375 -3.4271874
-0.5922125 -1.2805375 -2.7599
0.704 -1.0570999 -2.0266125
1.0445875 -0.2195875 -1.7095375
1.0445875 -0.2195875 -1.7095375
1.7895625 0.7222875 -2.241525
1.450075 0.1401125 -3.535675
0.205975 0.1890625 -1.622225
0.4475625 -0.69629997 -2.3852124
0.4475625 -0.69629997 -2.3852124
0.0059125 -1.1316249 -3.243075
-1.1807125 -1.8456625 -3.8071
-0.3708375 -1.8712375 -3.5495625
-0.3708375 -1.8712375 -3.5495625
0.270875 -1.1092125 -2.1979375
0.76147497 0.8190875 -2.1649375
-0.416625 1.96735 -3.10255
-0.416625 1.96735 -3.10255
-0.68365 0.406175 -1.79245
-0.4357375 -0.077 -2.4959
-0.4357375 -0.077 -2.4959
-0.8210125 -0.2770625 -2.9844375
-0.661375 0.07315 -2.079825
-0.661375 0.07315 -2.079825
0.2091375 0.4615875 -1.386
0.3400375 0.4338125 -1.5934875
0.3400375 0.4338125 -1.5934875
-0.236775 0.62865 -3.43035
1.2211375 0.880825 -4.60845
0.9977 1.5928 -3.5123
0.9977 1.5928 -3.5123
1.3967249 0.847825 -3.1090124
-0.7965375 -1.7488625 -3.276075
0.9125875 -1.737175 -2.340525
0.009075 -1.30075 -1.6478
0.9604375 -0.05995 -2.5097876
0.9604375 -0.05995 -2.5097876
0.5614125 -0.1546875 -3.0419126
-0.5944125 -0.9911 -2.684275
-0.4772625 -0.69629997 -1.378575
-0.4772625 -0.69629997 -1.378575
-1.2413499 1.026575 -1.378575
-0.2963125 1.1213125 -3.3930874
-0.2165625 0.521125 -2.8908
0.2666125 0.88715 -0.14093749
0.39325 2.09935 -2.4767876
0.39325 2.09935 -2.4767876
0.98285 0.487025 -1.74625
0.6912125 -0.43353748 -2.933975
0.6912125 -0.43353748 -2.933975
0.2740375 -0.250525 -2.738175
-0.2506625 -0.4728625 -2.3571625
0.4635125 -0.5665 -3.1648376
0.4635125 -0.5665 -3.1648376
0.352825 -1.3838 -4.2620873
0.450725 -0.20253749 -4.1289873
0.6571125 1.2585375 -3.366
-0.27719998 1.3490125 -2.76045
-0.4954125 0.8276125 -1.869725
-0.4954125 0.8276125 -1.869725
-0.270875 0.3284875 -0.01375
0.06435 -0.3185875 -2.7163124
0.6274125 -0.8261 -3.5751374
0.6274125 -0.8261 -3.5751374
1.08075 0.38279998 -4.042225
1.1477125 1.569425 -3.3037124
0.384725 -0.2908125 -1.3828375
1.1424875 0.0911625 -1.1752125
1.1424875 0.0911625 -1.1752125
0.8454875 -0.4057625 -1.526525
0.6689375 -0.02695 -1.6350125
0.6689375 -0.02695 -1.6350125
-0.2633125 1.0990375 -0.9922
0.22935 0.732875 -1.688225
0.3581875 -0.69107497 -1.2326875
-0.023925 0.2849 -2.422475
0.19855 0.2508 -1.5552624
-0.0814 -0.444125 -2.210725
-0.2985125 -1.474275 -2.4352624
0.1155 -1.7870874 -2.0713
-0.1463 -1.33485 -0.9816125
0.23045 -0.1610125 0.2220625
0.2453 -0.20253749 -0.3111625
0.2453 -0.20253749 -0.3111625
0.3730375 0.1551 -0.73039997
-0.480425 -0.148225 -3.6474624
-0.302775 0.488125 -2.5598376
-0.302775 0.488125 -2.5598376
0.7508875 -0.804925 -0.5698
1.2307625 -0.92509997 -2.735425
1.2307625 -0.92509997 -2.735425
0.4857875 -0.3334375 -1.3316875
1.0307 0.9191875 -1.983025
1.0307 0.9191875 -1.983025
0.157025 0.2732125 -0.656975
0.353925 -1.3178 -0.7442875
-0.5698 -0.2451625 -1.767975
-0.5698 -0.2451625 -1.767975
-0.8284375 0.8424625 -1.573275
-1.281775 1.2863125 -1.76385
-1.332925 2.255825 -1.9329749
-1.1647625 1.3660625 -0.348425
-0.4676375 -0.4739625 0.8094625
0.5836875 -0.3972375 -0.176
1.3158749 -0.9070875 -0.3185875
1.3158749 -0.9070875 -0.3185875
0.8987 -0.8718875 -2.90565
0.9763875 -1.95525 -5.0139375
0.88275 0.355025 -1.968725
0.88275 0.355025 -1.968725
1.1626999 1.4607999 -1.528175
-1.054075 -0.283525 -1.1397375
-0.2506625 -0.8518125 0.385275
-0.2506625 -0.8518125 0.385275
0.1505625 0.0070125 -0.236225
0.09845 0.8669375 -1.15665
-0.628375 -0.362175 -0.2937
-0.023925 -0.150425 0.744975
1.0082875 0.3774375 -0.96195
1.0082875 0.3774375 -0.96195
1.43825 1.60765 -1.5142875
0.2655125 0.9648375 -1.05985
-0.924275 -3.3452375 -0.412775
-0.924275 -3.3452375 -0.412775
-0.0771375 -0.364375 -0.726825
0.449625 0.10395 -1.183325
0.449625 0.10395 -1.183325
1.5841374 -0.3408625 -2.1198375
1.5841374 -0.3408625 -2.1198375
1.3063875 -0.17173749 -1.738825
0.80079997 -0.1450625 -1.4994375
0.0111375 -0.6133875 -1.1045375
-0.465575 -0.642125 -0.658625
-0.00165 0.2784375 -0.7214625
-1.023275 0.9733625 -2.1049874
-0.7689 -0.1610125 -3.0999374
-0.7689 -0.1610125 -3.0999374
-0.5911125 -0.88261247 -3.25215
0.1090375 -0.133375 -2.76155
0.3240875 -0.0578875 -2.3178375
0.3240875 -0.0578875 -2.3178375
0.7954375 0.028325 -1.9283
0.2134 0.5137 -0.887425
0.22935 1.4320625 -0.5831375
0.22935 1.4320625 -0.5831375
-0.026125 1.961025 0.1544125
0.9849125 1.141525 0.2182125
0.794475 0.436975 0.6183375
0.6241125 0.6892875 0.237325
0.6241125 0.6892875 0.237325
0.022825 0.82445 -0.7544625
0.16445 -0.0664125 -0.825825
-0.4411 -1.1859375 -2.0059874
-0.4411 -1.1859375 -2.0059874
-0.268675 -1.915925 -2.1921625
-0.49225 -1.0784125 -1.7612375
-0.49225 -1.0784125 -1.7612375
-0.2677125 -0.4962375 -2.998875
0.1590875 -0.217525 -3.38415
0.32725 0.3018125 -1.348325
0.32725 0.3018125 -1.348325
-0.5198875 -0.1057375 -1.477025
-0.794475 -1.3135375 -0.80025
-0.696575 -1.1316249 -2.4454374
0.498575 0.4338125 -2.7253876
1.1232375 1.8396125 -2.5199625
0.95507497 2.5356374 -3.2054
0.95507497 2.5356374 -3.2054
0.3207875 0.3518625 -2.2156749
0.892375 -0.835725 -1.3908125
0.892375 -0.835725 -1.3908125
0.0484 0.1230625 -0.5245625
-0.58905 -0.003575 -1.234475
0.1804 -0.9081875 -2.1379874
0.2996125 0.259325 -1.4058
0.2996125 0.259325 -1.4058
0.42405 0.862675 -0.9449
0.794475 -0.4824875 -0.7800375
0.3315125 -1.7978125 -2.07515
-0.058025 -1.6754375 -2.4135375
-0.058025 -1.6754375 -2.4135375
-0.1516625 -0.803825 -2.4646876
-0.13255 -0.199375 -2.7094374
0.2325125 0.7104625 -2.1847374
0.2325125 0.7104625 -2.1847374
-0.6444625 0.0985875 -1.38765
-1.0488499 -0.5038 -1.120625
-0.435875 -0.099275 -0.872575
-0.926475 0.23485 -1.511125
-0.3826625 0.0644875 -1.7931374
-0.3826625 0.0644875 -1.7931374
0.5262125 1.6097125 -2.8307126
1.4117125 1.9173 -3.1084626
0.695475 0.159225 -2.949925
0.695475 0.159225 -2.949925
0.7678 -0.9389875 -1.7835125
0.234575 -0.8559375 -1.3600125
0.0495 0.187 0.3597
0.0495 0.187 0.3597
-0.18259999 0.72008747 -0.2319625
0.0196625 0.1720125 -0.8503
-0.9604375 0.4104375 -0.2627625
-0.9604375 0.4104375 -0.2627625
0.7869125 -0.68145 -0.9024125
0.7954375 -1.914825 -1.6281375
-0.4219875 -1.639275 -2.6541624
-0.4219875 -1.639275 -2.6541624
-0.6593125 -0.9933 -0.9928875
-0.2453 0.3837625 -1.233375
-0.2453 0.3837625 -1.233375
0.2123 0.0422125 -1.5217125
-0.4890875 -0.77935 -1.0236875
-0.7678 -0.17379999 -0.6650875
-0.7678 -0.17379999 -0.6650875
-1.1946 0.6754 -1.0025125
-0.3752375 -0.5388625 -1.1460625
0.0760375 0.7627125 -0.3916
0.0760375 0.7627125 -0.3916
-0.383625 -1.1869 -2.246475
-0.3081375 -1.8712375 -3.3033
0.52305 -0.3036 -2.76155
0.2091375 -0.0748 -2.984025
0.2091375 -0.0748 -2.984025
-1.1892375 -0.0705375 -3.84065
-2.0161624 0.342375 -3.4447875
0.58575 0.62645 0.0
0.58575 0.62645 0.0
0.7049625 0.258225 -0.578875
0.055825 -0.214225 -0.857725
0.22605 -0.36107498 -0.8449375
-1.252075 0.9255125 -0.6725125
-1.252075 0.9255125 -0.6725125
0.7891125 -1.754225 0.1203125
1.673375 -1.0624624 1.169575
1.395625 -0.510125 -0.2393875
-0.859375 0.4019125 -2.8829625
-1.08185 -0.1120625 -2.1954625
-0.8072625 -0.3345375 -3.292575
-0.139975 0.27307498 -2.9297125
-0.139975 0.27307498 -2.9297125
0.300575 0.5786 -1.953875
0.0834625 -0.2259125 -1.119525
0.0834625 -0.2259125 -1.119525
-0.36987498 -1.3231624 -2.3582625
1.1881375 -0.9868375 -3.2511876
1.1881375 -0.9868375 -3.2511876
1.2914 -0.3493875 -2.8722374
0.544225 -0.48675 -3.22245
-0.79983747 -0.6059625 -3.3958375
-0.79983747 -0.6059625 -3.3958375
-0.0836 -0.38885 -3.557675
0.3218875 -0.197175 -2.9414
0.6730625 0.275275 -2.46675
-0.384725 -0.02915 -1.2461625
-0.384725 -0.02915 -1.2461625
-0.1815 -0.5537125 0.1852125
-0.4464625 -1.8371375 0.9142375
-0.4464625 -1.8371375 0.9142375
-0.384725 -1.8946124 -0.78429997
0.5325375 -0.509025 -0.86405
0.497475 -1.5041125 -2.43595
0.497475 -1.5041125 -2.43595
0.924275 -2.64495 -5.9393125
-0.4560875 0.83393747 -3.41605
-0.1698125 -1.0720875 -3.35115
-0.0708125 -1.1284626 -2.0389874
0.743325 -1.122 -1.7430875
0.743325 -1.122 -1.7430875
0.32395 -1.353 -2.148575
0.3091 -1.8286124 -1.8634
-0.65395 -1.424225 -1.0077375
-0.484825 -1.0954624 -0.987525
-0.484825 -1.0954624 -0.987525
0.1249875 -0.1205875 -1.824075
-0.803 -1.1944625 -1.4812875
-0.7264125 -1.287 -1.8442875
-0.7264125 -1.287 -1.8442875
-0.2910875 -0.42185 -1.754775
-0.319825 -1.75945 -1.7271374
0.3059375 -0.05995 -1.4356375
0.3059375 -0.05995 -1.4356375
0.4431625 0.162525 -0.9332125
0.29741248 0.2699125 -0.4246
-0.073975 0.4189625 -0.104225
1.035925 0.85635 -1.32495
0.775225 -0.232375 -0.3213375
0.5049 -1.130525 -0.103125
-0.1601875 0.6700375 -1.2291125
-0.1601875 0.6700375 -1.2291125
-0.8668 -1.5615875 -1.6963375
-1.01695 -1.7084374 -2.86055
-0.7316375 -1.254 -2.156
-0.7316375 -1.254 -2.156
0.4049375 -0.3718 -1.2727
0.1175625 -1.7457 -2.2996874
-0.3667125 -2.293775 -3.2990375
0.548625 0.79035 -0.5416125
0.548625 0.79035 -0.5416125
-0.42625 -0.510125 -2.213475
-0.0133375 -0.132275 -1.7037625
-0.2486 -0.165275 -2.1220374
-0.499675 0.7519875 -4.4856625
-0.499675 0.7519875 -4.4856625
0.3037375 0.4912875 -3.6108875
-0.027225 -0.7591375 -0.97473747
-0.027225 -0.7591375 -0.97473747
-0.4698375 -0.17173749 -1.6484874
-0.4613125 0.0209 -0.9141
-0.874225 -1.95525 0.1032625
-0.95094997 -0.6463875 -1.0439
-1.303225 0.1082125 -1.741025
0.316525 0.187 -1.3355374
0.316525 0.187 -1.3355374
0.308 -0.168575 -0.6246625
0.9614 0.2816 -1.0099375
1.8489625 0.4019125 -3.564
-0.10065 -0.4048 -2.6764374
0.1909875 1.0797875 -2.3890624
-0.2985125 0.8680375 -3.5864124
-0.2985125 0.8680375 -3.5864124
0.2547875 -1.0241 -1.5164875
0.105875 -0.7910375 -1.4707
0.4208875 -0.7623 -0.7183
0.170775 -1.3231624 0.4576
0.170775 -1.3231624 0.4576
-0.105875 1.0649375 -1.200375
-1.513875 0.2721125 -1.9485124
-1.513875 0.2721125 -1.9485124
0.3474625 -0.8837125 -2.4294875
-0.23045 -1.63075 -4.1482377
-1.5064499 -0.29095 -4.0588627
-1.5064499 -0.29095 -4.0588627
-1.3212374 -0.8889375 -3.7725875
-1.0201125 -0.6336 -3.7544374
-0.1038125 0.2784375 -2.9424999
-0.1038125 0.2784375 -2.9424999
-0.2102375 -0.3729 -1.8495125
-0.6252125 -0.0972125 -0.6864
-0.1134375 0.322025 0.1128875
-0.1750375 -0.1057375 -0.120175
-0.2165625 -0.2110625 -0.48633748
-1.8183 -0.0705375 -1.5547125
-2.3120625 -0.573925 -3.5363624
-2.3120625 -0.573925 -3.5363624
-0.3667125 0.82445 -1.9453499
0.374 -0.8507125 -5.3858747
-1.1308 -0.5484875 -5.290175
-1.1308 -0.5484875 -5.290175
-1.0488499 -0.589875 -4.1556625
-0.187825 -0.183425 -1.8528125
-0.17407499 0.0730125 -1.2706375
-0.17407499 0.0730125 -1.2706375
-0.842325 0.7115625 0.9865625
1.888425 -0.0642125 -1.594175
1.888425 -0.0642125 -1.594175
0.22935 0.666875 -3.0383375
-0.056925 -2.1085625 -3.2734625
-0.36025 -2.4938376 -3.0999374
-0.36025 -2.4938376 -3.0999374
-1.1276375 -1.3253624 -3.0415
0.250525 1.67365 -1.952775
0.250525 1.67365 -1.952775
1.3498375 0.3370125 -1.314225
0.6826875 -0.8314625 -0.138325
0.234575 -0.71445 -0.3064875
-0.9977 0.4360125 -0.268125
-0.9977 0.4360125 -0.268125
-0.8328375 -0.4048 -0.401225
-0.6370375 -0.7495125 -0.4778125
-1.0318 -2.431 -3.4342
-1.073325 -1.7030749 -3.9758124
-1.073325 -1.7030749 -3.9758124
-0.95617497 -1.5285875 -4.504775
-1.0126874 -1.2423126 -4.1067123
-1.446775 -1.7711375 -3.3565125
-1.4628625 -0.4824875 -2.6274874
-0.499675 -0.476025 -2.7467
-0.5358375 -0.69313747 -3.5204124
-1.105225 -0.7858125 -3.051125
-1.105225 -0.7858125 -3.051125
-0.5209875 -1.1666875 -2.6126375
-0.0867625 -0.7005625 -2.183775
-0.089925 -0.6197125 -0.7618875
-1.921425 0.093225 -2.5125375
-1.921425 0.093225 -2.5125375
-1.0264375 0.7425 -2.8967125
0.2132625 1.47675 -4.0035872
-0.385825 0.799975 -4.2205625
-0.4422 -1.080475 -3.8226376
-0.762575 -2.0042 -3.3320374
-0.368775 -0.7836125 -3.1405
-0.368775 -0.7836125 -3.1405
-0.109175 -0.1643125 -2.1198375
-0.109175 1.02025 -1.577125
-0.1368125 1.034 -1.199275
0.8199125 -0.084425 -1.6015999
1.8415375 -2.05315 -1.4249125
1.085975 -0.47079998 0.0383625
1.085975 -0.47079998 0.0383625
0.498575 -0.09075 0.0298375
0.414425 -0.45374998 -1.0652125
0.414425 -0.45374998 -1.0652125
0.0803 -1.5104375 -1.2111
-0.418825 -2.7641625 -2.8392375
-0.1857625 -0.6942375 -3.7470124
-0.499675 -0.91025 -3.652275
-0.499675 -0.91025 -3.652275
-0.65615 -1.4966875 -3.7236376
-1.6554999 -1.572175 -3.5704625
-0.089925 -1.950025 -3.002175
-0.089925 -1.950025 -3.002175
0.903925 -1.82545 -3.25435
-0.122925 -2.1671374 -2.95955
-0.122925 -2.1671374 -2.95955
-0.7338375 -1.3732125 -3.2990375
-0.4731375 -1.3869625 -4.1823373
-1.4628625 -0.1535875 -1.8656
-1.0423875 -1.457225 -2.1476126
-1.0423875 -1.457225 -2.1476126
-2.169475 -1.358225 -2.0167124
-1.727825 -0.9942625 -2.0134125
-0.747725 -0.3845875 -1.2046375
-0.52415 -0.73039997 -0.0680625
-0.52415 -0.73039997 -0.0680625
0.32395 1.1468875 0.93334997
-1.08075 1.0404625 0.0457875
1.2945625 -0.143 0.0606375
-0.0165 0.505175 -0.300025
-0.0165 0.505175 -0.300025
-0.3443 0.799975 -0.7225625
-0.56787497 0.961675 -3.1618125
-0.56787497 0.961675 -3.1618125
-0.1464375 0.225225 -2.0890374
0.03135 0.685025 -2.9074376
0.03135 0.685025 -2.9074376
-0.19855 0.7052375 -3.9546375
0.06325 0.2613875 -3.0138624
0.06325 0.2613875 -3.0138624
1.5945874 1.4150125 -0.5225
1.1232375 0.1859 -0.024475
1.1232375 0.1859 -0.024475
-0.13365 0.4912875 -0.66934997
-0.19965 -1.1455125 -1.6676
0.0686125 -0.5016 -1.987975
0.3133625 -0.2844875 -1.414325
0.3133625 -0.2844875 -1.414325
0.2963125 -0.9549375 -0.660825
0.29947498 -0.8166125 -0.9992125
0.3623125 -0.32381248 -1.5580125
1.0305625 -0.5548125 -2.2561
0.94655 0.4252875 -2.0156126
0.202675 2.2026124 1.22595
-1.268025 2.402675 0.7566625
-1.268025 2.402675 0.7566625
-0.9807875 0.5115 0.859925
0.2132625 -0.0781 -1.528175
0.759275 -0.2270125 -2.330625
0.7198125 -0.295075 -2.460425
0.7198125 -0.295075 -2.460425
0.6474875 0.0273625 -2.8733375
-0.0292875 -0.2525875 -3.1064
0.2484625 0.26895 -0.3938
0.2484625 0.26895 -0.3938
-0.1197625 -0.5069625 -1.342
-0.4549875 -0.314325 -0.9482
-0.122925 -0.020625 0.2629
0.252725 -0.1780625 -2.755225
0.252725 -0.1780625 -2.755225
1.0082875 -0.3727625 -3.9109125
1.0082875 -0.3727625 -3.9109125
0.81675 0.2189 -1.9846749
0.512325 0.3179 -1.7538124
0.071775 -0.2270125 -0.7907625
-0.1549625 -1.310375 -0.01485
-0.24213749 -1.5498999 0.6012875
-0.24213749 -1.5498999 0.6012875
-0.7104625 0.10175 -0.9535625
-1.631025 0.2391125 -2.6211624
-0.632775 -0.495275 -0.86845
-0.632775 -0.495275 -0.86845
0.0462 -0.3196875 -1.743225
-0.485925 -0.1962125 -2.2996874
-0.65505 -0.4686 -3.6405876
-0.65505 -0.4686 -3.6405876
-0.927575 -1.457225 -3.41825
-0.827475 -0.8954 -2.5403125
0.0856625 -0.57928747 -0.4448125
0.0856625 -0.57928747 -0.4448125
1.0476125 0.5913875 -0.7854
1.083775 1.582075 -1.317525
-0.1804 1.0894125 -2.428525
-0.1804 1.0894125 -2.428525
-0.6199875 -0.1068375 -1.4345375
-0.028325 -1.0624624 -0.5555
-0.5476625 0.242275 -2.380675
-0.1964875 0.799975 -2.07845
0.5655375 -0.43353748 -1.0993125
0.9827125 -0.3026375 -1.6218125
0.9827125 -0.3026375 -1.6218125
1.0060875 -0.445225 -2.3849375
-0.2017125 -0.99962497 -1.68355
-0.2805 -0.8996625 -1.7846125
-0.9774875 -0.8294 -0.7535
-0.9774875 -0.8294 -0.7535
-2.16095 -0.1035375 0.0765875
-0.910525 -0.2440625 -0.2512125
-0.3400375 -0.328075 -1.3525875
0.462275 -0.0738375 -1.0802
-0.42625 1.034 -0.63635
-0.42625 1.034 -0.63635
-0.62535 0.7115625 -1.315325
-0.0900625 -0.73356247 -1.0791
-0.0900625 -0.73356247 -1.0791
0.5900125 -2.5448499 -1.7996
-0.356125 0.82115 -1.0355124
-0.356125 0.82115 -1.0355124
-0.2134 1.173425 -1.2441
-0.290125 1.4916 -2.2262626
-0.3815625 0.9744625 -0.908875
-0.3815625 0.9744625 -0.908875
-0.205975 -1.4529625 0.6565625
-1.8151375 -1.490225 -0.198
-1.6979874 0.3933875 -0.9428375
0.06215 0.751025 0.0776875
1.0902375 0.832975 -1.8975
0.544225 -0.166375 -2.8116
0.234575 -0.9730875 -3.2384
0.234575 -0.9730875 -3.2384
-0.3559875 0.1964875 -4.3536625
0.037675 -0.0972125 -2.53275
-1.1308 -0.6197125 -2.5711124
-1.3223375 0.5891875 -3.849175
-0.826375 1.2639 -4.4845624
0.153725 1.3905375 -3.6683624
0.71885 0.7360375 -0.9823
0.71885 0.7360375 -0.9823
0.8592375 2.7985375 -2.557225
0.8177125 2.4462626 -5.6392875
0.8177125 2.4462626 -5.6392875
3.0749125 -1.230625 -2.6169
0.8347625 -1.4466375 -0.1969
0.8347625 -1.4466375 -0.1969
2.2097626 -0.1419 -3.3958375
-0.826375 1.08625 -0.3246375
-0.826375 1.08625 -0.3246375
-0.2996125 -1.1869 -1.624975
1.1072875 -2.488475 -3.5363624
0.069575 -2.4512124 -4.701675
1.0987625 0.3188625 -3.9461124
-1.7502375 -0.5952375 -2.222
-1.7502375 -0.5952375 -2.222
-1.435225 -1.23695 -4.3558626
-0.9477875 -1.56365 -4.0013876
-0.9477875 -1.56365 -4.0013876
-0.8498875 1.8173375 -5.142225
-0.681725 1.5151125 -1.91345
-0.3911875 -0.491975 -1.3696375
-0.3911875 -0.491975 -1.3696375
-0.24007499 -0.91987497 -3.6757874
-0.3359125 0.553025 -0.8173
-0.3359125 0.553025 -0.8173
1.021075 -0.248325 -2.6604874
0.219725 -0.61654997 -3.8576999
-1.1638 0.6446 -5.813775
-1.1638 0.6446 -5.813775
0.169675 -0.2781625 -2.66585
-1.96515 -0.0972125 -4.618625
-1.041425 1.256475 -4.244075
-1.041425 1.256475 -4.244075
0.9070875 2.00255 -5.38175
-0.7583125 0.8105625 -3.05855
-0.3997125 -0.6920375 -1.6740625
0.58575 -1.3178 -2.8787
0.58575 -1.3178 -2.8787
-1.4361875 -0.099275 -2.690325
-0.8328375 0.636075 -4.98575
-0.633875 1.6597625 -4.13545
1.4158375 1.863125 -5.4179125
0.478225 1.0297375 -3.18835
2.049025 -0.494175 -1.4111625
-1.107425 2.7165875 -3.834325
-1.107425 2.7165875 -3.834325
-2.268475 0.4838625 0.3128125
-2.1236875 -2.668325 -1.4185874
-0.6837875 -0.785675 -1.609025
-0.0218625 0.6956125 -1.8294375
0.26221249 -0.296175 -2.1476126
0.8933375 -1.393425 -2.4732125
0.8933375 -1.393425 -2.4732125
0.6336 -1.785025 -2.5488374
1.100825 -1.2199 -2.4635875
1.0231375 0.733975 -1.35685
0.341 0.6700375 -1.1451
0.35805 0.686125 0.188375
0.35805 0.686125 0.188375
1.413775 1.5076874 0.21285
0.8987 -0.4472875 -0.34375
0.8987 -0.4472875 -0.34375
-0.6945125 -0.31955 -1.168475
-0.6083 -0.044 -0.19373749
-0.80189997 -0.58134997 -0.0979
-1.2936 -1.9765625 -1.0088375
-1.4905 -3.517525 -2.9128
-2.022625 -2.4002 -4.0343876
-0.95094997 -2.1638374 -4.159925
-0.95094997 -2.1638374 -4.159925
-0.9051625 -1.10715 -2.8562875
-0.8669375 -0.590975 -2.214575
-0.8669375 -0.590975 -2.214575
-0.5721375 -0.1706375 -2.2295625
-0.517825 0.1423125 -1.4856875
-0.1538625 0.0666875 -0.697125
0.0919875 -0.4706625 -1.2728375
0.0589875 -0.7027625 -1.5676374
0.0589875 -0.7027625 -1.5676374
-0.19855 0.00385 -2.149675
0.0493625 -0.230175 -2.0890374
0.3122625 -0.429275 -1.8986
0.3122625 -0.429275 -1.8986
0.218625 -1.3487375 -1.837825
0.6782875 -1.671175 -2.2262626
0.0738375 -1.0784125 -1.478125
0.0738375 -1.0784125 -1.478125
-0.0325875 -0.952875 -1.168475
-0.46461248 -0.7005625 -1.088725
-0.5284125 -0.0099 -0.874775
-1.2830125 -0.32381248 -0.041525
-1.5181375 -0.2919125 -1.903825
-1.40855 -0.7357625 -2.0805125
-0.78595 -0.724075 -3.2841876
-0.5550875 -0.3152875 -3.58325
-0.6732 -0.3579125 -3.6427875
-0.713625 -1.6435375 -2.982925
-0.4060375 -1.76165 -2.7489
-0.4060375 -1.76165 -2.7489
-0.1720125 -0.9241375 -2.1795125
-0.3166625 0.2167 -1.408
-0.3900875 0.5966125 -1.8431875
-0.188925 0.929775 -1.6548125
-0.188925 0.929775 -1.6548125
-0.077275 1.05105 -0.8949875
1.0231375 0.2732125 -0.5949625
-0.0836 0.6765 0.6758125
-0.0836 0.6765 0.6758125
-0.18053749 0.9021375 1.19185
-0.1315875 0.456225 0.6150375
-0.061325 -0.363275 -0.73645
-0.061325 -0.363275 -0.73645
-0.49555 -1.556225 -1.725075
0.232375 -2.7682874 -1.5005375
0.3048375 -2.21705 -2.264625
0.1472625 -1.8297125 -3.6279376
-0.306075 -1.5807 -4.701675
-0.175175 -1.898875 -5.3040624
-0.175175 -1.898875 -5.3040624
0.02915 -2.8492749 -5.3997626
-0.143275 -3.0971875 -4.227025
-0.649825 -2.782175 -3.591775
-0.241175 -2.4693625 -3.7555375
-0.03575 -2.079825 -3.5343
-0.03575 -2.079825 -3.5343
0.61985 -1.56585 -2.379575
-0.0506 -1.228425 -0.941875
-0.8157875 0.2220625 -0.4214375
-1.6108125 0.3944875 -1.4834875
-1.6108125 0.3944875 -1.4834875
-1.6885 0.3509 -1.6633375
-1.21495 -1.049675 -2.2466125
-1.190475 -1.6478 -2.9148624
-1.190475 -1.6478 -2.9148624
-0.551925 -1.898875 -2.9990125
-0.5710375 -2.3991 -3.0850875
-0.0644875 -1.865875 -2.4871
-0.0644875 -1.865875 -2.4871
-0.1208625 0.20075 -2.1880374
-0.27513748 2.0046124 -2.1049874
0.1313125 1.6842375 -1.086525
0.4569125 -0.2674375 -0.67155
0.134475 -1.0027875 -1.414325
-0.126225 -2.3692625 -1.4771625
-1.138225 -1.0443125 -2.1901
-1.138225 -1.0443125 -2.1901
-0.795575 -1.3615249 -3.180925
-0.2145 -1.7584875 -3.4128876
-0.2591875 -2.0607126 -2.966975
-1.0318 0.1178375 -0.9504
-1.0318 0.1178375 -0.9504
0.42185 -1.089 -0.31075
0.9273 -3.85275 -1.9294
0.447425 -1.72975 -1.42175
0.447425 -1.72975 -1.42175
-0.109175 -0.1695375 -2.7850626
-0.7030375 0.75734997 -2.6382124
-0.7349375 0.66055 -1.5591125
-0.7349375 0.66055 -1.5591125
-0.076175 0.700975 -0.9471
0.1951125 -0.2748625 -0.9174
0.6804875 -0.94325 -1.29085
0.6804875 -0.94325 -1.29085
0.755975 -0.77715 -1.03125
0.7772875 -0.6527125 -1.1642125
1.2434125 -0.9156125 -1.88045
-0.00275 0.3625875 -1.200375
-0.00275 0.3625875 -1.200375
-0.126225 0.91162497 -1.3770624
-0.2486 0.535975 -0.5566
-0.356125 -0.4494875 -0.5182375
-1.091475 0.160325 -2.7520626
-0.6774625 -1.5456375 -1.611225
0.22385 -3.3345125 -3.572525
0.22385 -3.3345125 -3.572525
0.23773749 -2.4107876 -4.178075
0.8113875 -0.0886875 -3.8801124
1.07745 -0.199375 -4.0195374
1.07745 -0.199375 -4.0195374
1.3264625 -0.8058875 -3.25545
1.0720875 -0.8602 -2.0933
-0.0869 -0.6452875 -1.5643375
-0.928675 -0.297275 -1.2153625
0.4164875 -0.7750875 -0.155375
0.4164875 -0.7750875 -0.155375
0.3133625 0.1753125 -0.791725
-0.4720375 0.6424 -0.8630875
-0.4720375 0.6424 -0.8630875
-0.533775 -0.0408375 -1.2153625
0.7379625 -0.3482875 -1.35795
0.7379625 -0.3482875 -1.35795
0.1739375 -0.458975 -1.5335375
-0.24213749 -0.6336 -0.828025
-0.24213749 -0.6336 -0.828025
-0.5072375 -1.9350375 -2.0986624
-0.5072375 -1.9350375 -2.0986624
-0.8817875 -1.39975 -1.6399624
-0.958375 -1.0773125 -1.5708
-1.6075125 -0.54945 -1.0929875
-1.124475 0.7755 -0.86845
0.216425 0.2519 -0.105325
0.80396247 -1.2007875 -1.6900125
-0.026125 -1.0443125 -1.4399
-0.026125 -1.0443125 -1.4399
-0.649825 -0.6219125 -0.7214625
-1.1276375 -0.297275 -0.5033875
-1.1276375 -0.297275 -0.5033875
-0.974325 -0.61435 -1.184425
0.3102 -0.2930125 -1.9613
-0.8977375 -0.02805 -2.7583876
-1.04665 0.258225 -2.14115
-1.0594375 0.2167 -3.376725
-1.0594375 0.2167 -3.376725
-0.8647375 -0.626175 -3.098975
-0.6444625 -0.9708875 -2.346575
-1.056275 1.306525 -1.0077375
-0.7264125 -0.0460625 -0.76835
-0.7264125 -0.0460625 -0.76835
0.2963125 0.0891 0.6587625
-1.3160125 -1.165725 -1.9251375
-0.893475 0.78925 -2.5125375
-0.6721 0.65835 -1.9017625
0.5038 1.01805 -2.853125
0.5038 1.01805 -2.853125
0.32505 1.3937 -2.6956875
-0.6061 0.7786625 -1.1004125
-0.17613749 0.59455 -0.810975
0.6741625 -0.0056375 -1.480325
0.48785 -0.0471625 -0.889625
0.84975 0.7403 0.826925
-0.00275 -0.6623375 -0.4789125
-0.388025 -1.0570999 -2.8722374
0.3229875 -0.9134125 -2.869075
0.3229875 -0.9134125 -2.869075
0.5368 -0.802725 -2.7691126
0.4283125 0.534875 -3.6980624
0.1782 0.111375 -2.5933876
0.1782 0.111375 -2.5933876
1.297725 0.112475 -2.723325
1.104125 0.62865 -2.7775
0.004675 2.1536624 -2.3923626
1.5659875 1.2777874 -5.0039
1.5659875 1.2777874 -5.0039
1.3275625 -0.91245 -0.40755
0.4442625 -2.3714626 -0.27775
0.75185 -1.8126625 -3.0435624
0.75185 -1.8126625 -3.0435624
-0.5869875 0.0985875 -1.0322125
-0.06765 -0.5366625 -1.7655
0.1824625 0.6818625 -3.5853124
1.1625625 1.1585749 -2.6796
1.0296 0.75845 -1.2749
0.1920875 -0.3845875 0.0383625
0.1920875 -0.3845875 0.0383625
-0.746625 -0.818675 0.9461375
-1.24355 -0.804925 1.06205
-0.29535 1.2607375 1.2046375
0.643225 2.1280875 -0.8438375
0.269775 0.6648125 -1.5005375
0.4772625 -1.1231 -1.7452875
0.4772625 -1.1231 -1.7452875
1.1369874 -1.034825 -2.5158374
0.5187875 0.5402375 -3.08935
-0.14739999 1.11705 -3.2905126
-0.14739999 1.11705 -3.2905126
0.29425 -0.8985625 -2.3241625
-0.0858 -0.6006 -2.3156376
-0.0858 -0.6006 -2.3156376
-0.4879875 -0.1535875 -2.4433749
-0.5380375 -0.0429 -3.1607125
0.561275 0.306075 -3.9919
0.561275 0.306075 -3.9919
1.0296 1.6161749 -2.855325
0.6677 0.7308125 -2.3764124
-0.681725 -2.1734624 -1.7644
0.46873748 0.5231875 -0.1915375
0.46873748 0.5231875 -0.1915375
0.45595 -0.5047625 -0.644875
0.06435 -0.0556875 -0.336325
0.4943125 0.5913875 0.033
0.8028625 0.127325 -1.1482625
0.6048625 0.4488 -1.6143875
0.5187875 -0.35365 -2.493425
-0.3433375 -0.6111875 -2.2859375
-0.3433375 -0.6111875 -2.2859375
-0.8562125 -1.5934875 -3.002175
-1.0360625 -1.309275 -3.7959626
-0.06655 0.8765625 -0.5842375
-0.06655 0.8765625 -0.5842375
0.1579875 0.4285875 -1.3206875
-0.3251875 -0.05885 -1.5824875
-1.3575375 0.0900625 -2.7743375
-1.089275 1.255375 -2.5636876
-1.089275 1.255375 -2.5636876
-1.3564374 0.5231875 -2.24015
-0.55935 0.424325 -1.4163874
-0.55935 0.424325 -1.4163874
-0.0144375 0.7755 -1.2887875
-0.697675 -0.0578875 -1.4100626
-0.23155 -0.4228125 -0.67045
-0.23155 -0.4228125 -0.67045
0.1005125 -1.3211 -0.14795
0.1005125 -1.3211 -0.14795
0.2877875 -1.525425 -3.899225
0.105875 0.683925 -0.8162
0.8316 1.5203375 -3.997125
0.0994125 2.0354125 -3.473525
0.626175 1.2181125 -3.9120126
0.6028 0.456225 -3.7332625
0.6028 0.456225 -3.7332625
0.595375 -0.0323125 -2.0868375
-0.42955 -0.74855 -1.0748374
-0.3155625 0.1890625 -0.727925
-0.3155625 0.1890625 -0.727925
-0.23045 -0.7079875 -2.3923626
0.317625 -1.3710124 -2.7446375
0.1346125 -0.625075 -2.8573875
-0.0081125 0.46475 -2.495625
-0.238975 0.9042 -2.6775374
-0.95411247 -1.3476375 -2.7020125
-0.95411247 -1.3476375 -2.7020125
-0.4486625 -0.6441875 -1.888975
0.285725 -0.12595 -0.843975
0.285725 -0.12595 -0.843975
-0.616825 0.20927499 -2.3849375
0.539 0.4263875 -1.251525
0.5038 0.4934875 0.3788125
0.5038 0.4934875 0.3788125
-0.402875 -1.2104125 -1.5591125
0.3389375 -0.31955 -2.0719874
-0.65505 -0.68035 -1.42175
-0.1942875 -0.5027 -1.888975
-0.6721 -1.6839625 -2.96175
-0.52635 -0.4026 -2.0475125
-0.62425 -0.4015 -2.510475
0.0334125 0.829675 -1.0333124
0.0334125 0.829675 -1.0333124
-1.6820375 -0.4005375 -2.413675
-1.3820125 0.03685 -2.691425
-1.056275 0.6105 -2.8510625
-1.056275 0.6105 -2.8510625
-0.6274125 0.5721375 -3.08935
-1.01695 -1.1242 -0.4703875
-0.763675 0.79667497 -0.0202125
-0.763675 0.79667497 -0.0202125
-0.40713748 -0.57928747 0.34265
-0.6029375 -0.4164875 -0.564025
-0.696575 2.8953376 -4.4452376
-0.98175 -0.31955 -1.200375
-0.98175 -0.31955 -1.200375
-0.303875 0.2943875 -1.530375
0.4613125 2.0365124 -2.396625
0.4613125 2.0365124 -2.396625
0.45374998 2.5133624 -1.12915
0.45374998 2.5133624 -1.12915
0.071775 0.7957125 -0.9120375
0.5718625 -0.22385 -1.0461
0.562375 -0.149325 -1.4697375
0.12925 -0.9581 -0.37675
-0.42845 -0.1280125 -1.8357625
0.9103875 0.698775 -1.19515
0.58685 0.455125 -0.676775
0.58685 0.455125 -0.676775
0.496375 -0.91025 -3.5343
-0.0793375 0.4125 -3.2489874
0.4005375 0.4167625 -2.8903875
0.6006 0.2039125 -2.2902
0.6006 0.2039125 -2.2902
0.75075 1.059575 -1.3398
0.055825 1.025475 -1.1004125
0.16005 -0.099275 0.67155
0.16005 -0.099275 0.67155
0.6059625 0.0358875 1.6559125
0.539 -0.1929125 -0.40974998
0.480425 -1.165725 -1.775125
0.5495875 -0.92509997 -1.5802875
0.5495875 -0.92509997 -1.5802875
-0.143275 -1.0773125 -2.052875
-0.95411247 -0.7495125 -1.4931124
0.005775 -0.8325625 -1.5037
-0.3581875 -0.4079625 -1.5186875
-0.1379125 -0.26221249 -1.1334125
-0.1379125 -0.26221249 -1.1334125
-0.4082375 -0.133375 -1.3451625
-0.337975 -0.39833748 -2.345475
-0.49225 -0.8166125 -2.0241375
-0.19855 -1.14125 -0.6331875
0.185625 -0.6697625 0.582175
-0.061325 0.1199 0.7651875
-0.061325 0.1199 0.7651875
0.4175875 1.893925 -1.12805
0.78045 1.3267375 -2.3115125
0.8954 -0.044 -1.1801625
0.8954 -0.044 -1.1801625
0.58575 -0.4367 -0.4310625
-0.3114375 -0.524975 -2.363625
-0.2699125 -0.736725 -1.6473875
-0.2699125 -0.736725 -1.6473875
0.0994125 -0.71555 -0.97377497
0.3601125 -0.4175875 0.155375
-0.7605125 0.0741125 -0.7524
-0.0198 -0.4142875 -0.4140125
0.1335125 -0.198275 0.826925
0.398475 -0.31955 -0.8449375
-0.4774 -0.671825 -1.919775
-0.4774 -0.671825 -1.919775
0.3515875 -0.4962375 -4.8379374
-0.4178625 -0.97625 -4.767675
0.74965 -1.0305625 -4.62605
1.4796375 -1.4636875 -4.6336126
1.4796375 -1.4636875 -4.6336126
0.45485 -1.1199375 -2.347675
1.04335 -0.4345 -2.052875
0.45595 0.764775 -0.11495
0.45595 0.764775 -0.11495
-0.52635 -2.079825 2.4541
0.9295 1.6768125 -1.0588875
1.47015 0.9042 -0.7194
-0.6083 0.0741125 -1.759175
-0.6083 0.0741125 -1.759175
-0.0963875 1.0074625 -1.5708
-0.0963875 1.0074625 -1.5708
2.638625 -1.3880625 -2.659525
2.35125 1.8492374 -2.953225
2.35125 1.8492374 -2.953225
1.7766374 -0.836825 -2.8914876
1.2434125 -2.0042 -4.3643875
-0.438075 -3.2929876 -2.411475
-0.438075 -3.2929876 -2.411475
-1.4724874 -1.1284626 -0.9834
-1.4724874 -1.1284626 -0.9834
-1.2617 0.36574998 -2.0879376
0.348425 1.9992499 -3.0861876
0.4431625 1.4629999 -3.150125
-0.16445 0.5445 -2.230525
-0.16445 0.5445 -2.230525
-0.534875 1.3341625 -2.7127376
0.4921125 2.409 -4.1195
0.74855 2.9049625 -3.4214125
0.414425 2.3824625 -3.015925
0.29741248 1.4713875 -1.4931124
0.45168748 2.2451 -1.4856875
0.45168748 2.2451 -1.4856875
1.789425 0.34553748 -0.5193375
1.560625 -2.4341624 1.6399624
1.560625 -2.4341624 1.6399624
1.17645 1.01805 -0.531025
2.8578 -0.4654375 -1.2142625
2.8578 -0.4654375 -1.2142625
1.8936499 0.4167625 -2.2870374
1.084875 0.1912625 -3.0309124
1.695925 0.1241625 -3.900325
1.695925 0.1241625 -3.900325
1.9130375 0.7286125 -4.2526
1.6236 1.5203375 -3.5789876
0.3795 0.5764 -1.8038625
-0.379225 -0.8655625 -0.6821375
-1.2667875 -1.40195 -3.38525
-0.4228125 -0.6920375 -3.0553875
0.3997125 -0.8144125 -2.4976876
0.3997125 -0.8144125 -2.4976876
0.0496375 0.553025 -3.1180875
-1.001825 -0.4250125 -3.0394375
-0.87945 -1.1859375 -2.8659124
-0.87945 -1.1859375 -2.8659124
-0.869825 -1.8957125 -1.152525
0.4093375 0.6722375 -0.6257625
0.16775 1.1287374 -1.61975
1.5800124 0.242275 -2.53385
-0.4483875 -0.9284 -3.0776625
-0.4483875 -0.9284 -3.0776625
0.227425 0.2943875 -2.6317499
-0.608025 -0.5473875 -2.1593
-0.608025 -0.5473875 -2.1593
-1.8074375 -0.81125 -3.4469874
-0.71555 -0.3249125 -2.2592626
-0.6516125 1.143725 -1.9592375
-0.6516125 1.143725 -1.9592375
-0.0408375 -0.6026625 -2.0230374
-0.066275 -0.5357 -2.920225
-1.0124125 0.1486375 0.1777875
-1.0124125 0.1486375 0.1777875
-1.1826375 0.5104 -0.418275
-0.9367875 -0.560175 -0.50875
-0.9367875 -0.560175 -0.50875
-0.020625 0.0837375 -3.696
1.173425 0.0911625 -1.2450625
0.388025 0.4753375 -4.5016127
-0.066275 1.010625 -5.83825
-0.066275 1.010625 -5.83825
-0.5707625 0.5253875 -3.1926124
-0.803825 -1.065625 -0.792825
-1.001825 -3.26645 1.530375
-1.001825 -3.26645 1.530375
-0.6675625 -1.7136625 1.1908875
0.4274875 0.388025 -0.2352625
-0.6441875 0.36355 0.55233747
-0.6441875 0.36355 0.55233747
-1.0528375 -0.88577497 1.22705
-0.5803875 -0.753775 -0.55233747
1.18085 1.3629 -1.8049625
0.7712375 1.8227 -3.869525
0.7712375 1.8227 -3.869525
0.113575 2.0279875 -4.915625
-0.71555 -0.94435 -0.19373749
-0.9933 1.57355 -5.0252123
-0.9933 1.57355 -5.0252123
0.227425 1.8184375 -1.29195
-0.0908875 0.175175 -2.4316876
0.2699125 -0.0152625 -3.3055
-0.1439625 -0.0493625 -2.6211624
1.8715125 1.338425 -1.2780625
2.0717125 0.4508625 1.7527125
0.9383 -0.6527125 0.0628375
0.9383 -0.6527125 0.0628375
-1.6808 0.2497 -5.8977876
0.9233125 -0.61435 -4.3877625
0.5445 0.732875 -4.43355
-0.1227875 0.6626125 -1.7358
-0.1227875 0.6626125 -1.7358
-0.0215875 0.5732375 -0.8204625
-0.0215875 0.5732375 -0.8204625
0.0433125 1.1798875 -0.450175
0.0433125 1.1798875 -0.450175
1.0456874 0.079475 -1.0694749
0.979825 -0.803825 -1.5239125
0.13585 -0.3377 -0.5671875
0.13585 -0.3377 -0.5671875
0.121 -0.2184875 -0.5225
0.3040125 0.372075 0.0968
0.3870625 0.4338125 0.3213375
-0.003575 -0.066275 0.2490125
-0.25685 -0.1120625 0.582175
-0.4877125 -0.2047375 0.3873375
-0.2739 -0.4068625 -0.2415875
-0.2739 -0.4068625 -0.2415875
0.00495 -0.035475 -0.3661625
-0.30153748 0.390225 -0.0298375
-0.2866875 0.4488 0.0947375
-0.2866875 0.4488 0.0947375
-0.101475 0.38279998 0.16499999
-0.037675 -0.0099 0.056375
-0.0152625 -0.3909125 -0.0765875
0.047575 -0.510125 0.139425
0.047575 -0.510125 0.139425
-0.2536875 0.0570625 0.3480125
-0.0738375 -0.165275 -0.287375
0.225225 0.1731125 -0.2160125
0.225225 0.1731125 -0.2160125
0.0103125 0.1412125 -0.041525
-0.1089 0.1401125 -0.0798875
0.0485375 -0.0790625 -0.0319
0.0485375 -0.0790625 -0.0319
0.0422125 -0.0983125 -0.1425875
-0.1791625 -0.1535875 -0.1192125
0.022 -0.0864875 0.0341
0.03795 0.0581625 -0.1192125
0.012375 0.1423125 0.0979
-0.0215875 0.275275 0.1766875
-0.0215875 0.275275 0.1766875
0.014575 0.0528 0.0213125
0.0251625 -0.0801625 -0.0628375
0.077275 -0.068475 -0.0394625
0.077275 -0.068475 -0.0394625
-0.0397375 0.03905 -0.0319
-0.02915 0.0603625 0.1010625
0.0262625 0.078375 0.0435875
0.0900625 0.077275 -0.05005
0.0869 0.0581625 -0.066
0.0869 0.0581625 -0.066
-0.001375 0.0848375 0.0191125
-0.0056375 0.0336875 0.0191125
-0.0056375 0.0336875 0.0191125
0.0103125 -0.0226875 0.008525
0.0166375 -0.020625 -0.057475
0.03685 0.031625 -0.033
