-20.8125 -18.65625 -28.44375
-20.8125 -18.65625 -28.44375
-33.112503 26.456251 5.15625
-33.112503 26.456251 5.15625
-33.600002 25.800001 5.5125003
-33.600002 25.800001 5.5125003
-33.600002 25.800001 5.5125003
-33.956253 24.843752 5.9437504
-33.956253 24.843752 5.9437504
-34.6875 23.643751 5.9437504
-34.6875 23.643751 5.9437504
-34.6875 23.643751 5.9437504
-34.6875 23.643751 5.9437504
-35.4 21.900002 6.4125004
-35.4 21.900002 6.4125004
-35.4 21.900002 6.4125004
-36.7125 17.94375 5.8125
-36.7125 17.94375 5.8125
-36.7125 17.94375 5.8125
-36.112503 11.2875 3.54375
-36.112503 11.2875 3.54375
-33.600002 3.4125001 2.34375
-33.600002 3.4125001 2.34375
-33.600002 3.4125001 2.34375
-27.956251 -4.4437504 2.4
-27.956251 -4.4437504 2.4
-20.34375 -10.9125 1.9125
-20.34375 -10.9125 1.9125
-20.34375 -10.9125 1.9125
-20.34375 -10.9125 1.9125
-1.85625 -16.2 1.0125
-1.85625 -16.2 1.0125
6.7125 -13.8 -0.05625
6.7125 -13.8 -0.05625
13.8 -7.8562503 1.2
13.8 -7.8562503 1.2
13.8 -7.8562503 1.2
16.3875 0.71250004 4.0875
16.3875 0.71250004 4.0875
15.1125 9.84375 4.8
15.1125 9.84375 4.8
15.1125 9.84375 4.8
9.543751 17.94375 5.45625
9.543751 17.94375 5.45625
9.543751 17.94375 5.45625
1.2 22.3125 4.14375
1.2 22.3125 4.14375
-7.5000005 22.612501 1.3875
-7.5000005 22.612501 1.3875
-7.5000005 22.612501 1.3875
-15.4875 17.212502 0.3
-15.4875 17.212502 0.3
-18.6 5.64375 0.90000004
-18.6 5.64375 0.90000004
-18.6 5.64375 0.90000004
-18.7875 -4.0875 -0.1125
-18.7875 -4.0875 -0.1125
-15.1125 -13.14375 -0.65625
-15.1125 -13.14375 -0.65625
-15.1125 -13.14375 -0.65625
-7.14375 -17.8125 -0.54375005
-7.14375 -17.8125 -0.54375005
1.6875001 -18.35625 -3.35625
1.6875001 -18.35625 -3.35625
1.6875001 -18.35625 -3.35625
1.6875001 -18.35625 -3.35625
10.556251 -14.45625 -3.1875002
10.556251 -14.45625 -3.1875002
16.6875 -7.3875003 -1.7437501
16.6875 -7.3875003 -1.7437501
16.6875 -7.3875003 -1.7437501
16.6875 -7.3875003 -1.7437501
20.15625 2.04375 -1.6875001
20.15625 2.04375 -1.6875001
19.5 11.94375 -3.05625
19.5 11.94375 -3.05625
19.5 11.94375 -3.05625
16.143751 21.35625 -4.14375
16.143751 21.35625 -4.14375
16.143751 21.35625 -4.14375
11.15625 30.056252 -5.1000004
11.15625 30.056252 -5.1000004
11.15625 30.056252 -5.1000004
11.15625 30.056252 -5.1000004
3.7125 34.74375 -5.7000003
3.7125 34.74375 -5.7000003
-2.8875 36.84375 -5.2875004
-2.8875 36.84375 -5.2875004
-2.8875 36.84375 -5.2875004
-9.0 37.2 -5.4
-9.0 37.2 -5.4
-13.6125 36.24375 -5.15625
-13.6125 36.24375 -5.15625
-13.6125 36.24375 -5.15625
-17.75625 34.6875 -4.74375
-17.75625 34.6875 -4.74375
-17.75625 34.6875 -4.74375
-21.300001 31.85625 -4.3875003
-21.300001 31.85625 -4.3875003
-21.300001 31.85625 -4.3875003
-24.35625 27.112501 -4.9125004
-24.35625 27.112501 -4.9125004
-24.35625 27.112501 -4.9125004
-26.587502 20.5125 -5.64375
-26.587502 20.5125 -5.64375
-26.400002 11.15625 -5.0437503
-26.400002 11.15625 -5.0437503
-26.400002 11.15625 -5.0437503
-23.75625 1.44375 -3.4875002
-23.75625 1.44375 -3.4875002
-19.087502 -7.6125 -2.2875001
-19.087502 -7.6125 -2.2875001
-19.087502 -7.6125 -2.2875001
-19.087502 -7.6125 -2.2875001
-11.94375 -14.512501 -1.5
-11.94375 -14.512501 -1.5
-11.94375 -14.512501 -1.5
-2.9437501 -18.0 -1.6125001
-2.9437501 -18.0 -1.6125001
-2.9437501 -18.0 -1.6125001
6.1125 -17.212502 -1.5
6.1125 -17.212502 -1.5
13.087501 -12.656251 1.3875
13.087501 -12.656251 1.3875
13.087501 -12.656251 1.3875
16.612501 -5.9437504 3.7875001
16.612501 -5.9437504 3.7875001
16.987501 3.35625 5.5125003
16.987501 3.35625 5.5125003
16.987501 3.35625 5.5125003
16.987501 3.35625 5.5125003
12.4125 10.856251 5.34375
12.4125 10.856251 5.34375
5.2875004 15.187501 3.4125001
5.2875004 15.187501 3.4125001
5.2875004 15.187501 3.4125001
-3.1875002 15.243751 2.2125
-3.1875002 15.243751 2.2125
-3.1875002 15.243751 2.2125
-10.6875 10.6125 2.5875
-10.6875 10.6125 2.5875
-10.6875 10.6125 2.5875
-14.45625 2.8125 2.8125
-14.45625 2.8125 2.8125
-14.700001 -6.6562505 1.3875
-14.700001 -6.6562505 1.3875
-14.700001 -6.6562505 1.3875
-11.212501 -15.6 0.05625
-11.212501 -15.6 0.05625
-11.212501 -15.6 0.05625
-4.8562503 -21.956251 -1.85625
-4.8562503 -21.956251 -1.85625
-4.8562503 -21.956251 -1.85625
4.0875 -23.1 -4.4437504
4.0875 -23.1 -4.4437504
4.0875 -23.1 -4.4437504
12.900001 -19.800001 -4.0125003
12.900001 -19.800001 -4.0125003
12.900001 -19.800001 -4.0125003
19.087502 -12.356251 -2.4562502
19.087502 -12.356251 -2.4562502
19.087502 -12.356251 -2.4562502
20.643751 -2.8125 -1.44375
20.643751 -2.8125 -1.44375
18.300001 6.95625 -0.54375005
18.300001 6.95625 -0.54375005
18.300001 6.95625 -0.54375005
18.300001 6.95625 -0.54375005
13.012501 15.4875 -0.7875
13.012501 15.4875 -0.7875
5.45625 20.34375 -2.2125
5.45625 20.34375 -2.2125
5.45625 20.34375 -2.2125
-3.7125 20.587502 -2.9437501
-3.7125 20.587502 -2.9437501
-12.3 15.4875 -1.6875001
-12.3 15.4875 -1.6875001
-12.3 15.4875 -1.6875001
-17.1 7.4437504 -0.35625002
-17.587502 -1.9875001 -0.41250002
-17.587502 -1.9875001 -0.41250002
-17.587502 -1.9875001 -0.41250002
-13.25625 -10.6875 -0.71250004
-13.25625 -10.6875 -0.71250004
-6.7875004 -16.3125 -0.90000004
-6.7875004 -16.3125 -0.90000004
-6.7875004 -16.3125 -0.90000004
1.44375 -18.056252 -1.0125
1.44375 -18.056252 -1.0125
9.4875 -14.75625 1.0875001
9.4875 -14.75625 1.0875001
9.4875 -14.75625 1.0875001
14.64375 -8.400001 4.0875
17.456251 0.0 6.6000004
17.456251 0.0 6.6000004
17.456251 0.0 6.6000004
15.6 8.887501 8.043751
15.6 8.887501 8.043751
9.243751 15.243751 7.4437504
9.243751 15.243751 7.4437504
9.243751 15.243751 7.4437504
0.41250002 17.75625 5.2875004
0.41250002 17.75625 5.2875004
0.41250002 17.75625 5.2875004
-8.512501 15.4875 4.6875
-8.512501 15.4875 4.6875
-8.512501 15.4875 4.6875
-14.700001 8.400001 5.2875004
-14.700001 8.400001 5.2875004
-14.700001 8.400001 5.2875004
-14.700001 8.400001 5.2875004
-17.04375 -0.3 5.34375
-17.04375 -0.3 5.34375
-14.812501 -9.1875 4.5
-9.1875 -15.356251 2.9437501
-9.1875 -15.356251 2.9437501
-1.25625 -19.143751 1.1437501
-1.25625 -19.143751 1.1437501
-1.25625 -19.143751 1.1437501
8.587501 -19.85625 1.25625
8.587501 -19.85625 1.25625
8.587501 -19.85625 1.25625
18.65625 -17.212502 2.5875
18.65625 -17.212502 2.5875
18.65625 -17.212502 2.5875
27.243752 -11.8125 1.8000001
32.456253 -3.54375 0.84375006
32.456253 -3.54375 0.84375006
34.2 5.7000003 0.1125
34.2 5.7000003 0.1125
31.800001 15.000001 0.1125
31.800001 15.000001 0.1125
31.800001 15.000001 0.1125
23.5125 21.300001 2.34375
23.5125 21.300001 2.34375
14.45625 24.056252 3.05625
14.45625 24.056252 3.05625
14.45625 24.056252 3.05625
4.0125003 23.400002 2.34375
4.0125003 23.400002 2.34375
-6.1875005 21.712502 1.6875001
-6.1875005 21.712502 1.6875001
-6.1875005 21.712502 1.6875001
-15.843751 19.2 1.8000001
-15.843751 19.2 1.8000001
-15.843751 19.2 1.8000001
-24.7875 15.056251 1.6125001
-24.7875 15.056251 1.6125001
-31.143751 7.3875003 1.3875
-31.143751 7.3875003 1.3875
-31.143751 7.3875003 1.3875
-33.112503 -2.7 0.41250002
-33.112503 -2.7 0.41250002
-29.156252 -11.887501 -0.24375
-29.156252 -11.887501 -0.24375
-29.156252 -11.887501 -0.24375
-22.556252 -19.25625 -0.1875
-22.556252 -19.25625 -0.1875
-12.843751 -21.65625 1.6125001
-12.843751 -21.65625 1.6125001
-2.4562502 -20.587502 1.9125
-2.4562502 -20.587502 1.9125
6.6000004 -16.987501 2.5875
6.6000004 -16.987501 2.5875
6.6000004 -16.987501 2.5875
12.4875 -11.1 4.55625
12.4875 -11.1 4.55625
15.543751 -2.9437501 6.1125
15.543751 -2.9437501 6.1125
15.543751 -2.9437501 6.1125
14.812501 6.4125004 7.2000003
14.812501 6.4125004 7.2000003
10.556251 15.4125 8.15625
10.556251 15.4125 8.15625
10.556251 15.4125 8.15625
10.556251 15.4125 8.15625
3.3000002 21.956251 8.8125
3.3000002 21.956251 8.8125
-5.8875003 22.9125 6.6000004
-5.8875003 22.9125 6.6000004
-5.8875003 22.9125 6.6000004
-14.156251 18.112501 6.3
-14.156251 18.112501 6.3
-19.85625 10.012501 5.8875003
-19.85625 10.012501 5.8875003
-19.85625 10.012501 5.8875003
-19.85625 10.012501 5.8875003
-20.04375 -0.05625 5.2875004
-20.04375 -0.05625 5.2875004
-20.04375 -0.05625 5.2875004
-15.900001 -9.1875 4.9125004
-15.900001 -9.1875 4.9125004
-15.900001 -9.1875 4.9125004
-8.512501 -15.056251 4.55625
-8.512501 -15.056251 4.55625
-8.512501 -15.056251 4.55625
-1.0125 -16.987501 3.9
-1.0125 -16.987501 3.9
-1.0125 -16.987501 3.9
6.9 -15.3 4.2562504
6.9 -15.3 4.2562504
6.9 -15.3 4.2562504
6.9 -15.3 4.2562504
12.843751 -9.3 7.0125003
12.843751 -9.3 7.0125003
14.400001 -0.6 8.8125
14.400001 -0.6 8.8125
14.400001 -0.6 8.8125
12.7875 7.4437504 11.34375
12.7875 7.4437504 11.34375
6.9 12.656251 11.043751
6.9 12.656251 11.043751
6.9 12.656251 11.043751
6.9 12.656251 11.043751
-0.6 13.9875 9.1125
-0.6 13.9875 9.1125
-8.2875 10.743751 7.5000005
-8.2875 10.743751 7.5000005
-8.2875 10.743751 7.5000005
-12.712501 3.4125001 7.2000003
-12.712501 3.4125001 7.2000003
-13.312501 -4.74375 6.3
-13.312501 -4.74375 6.3
-10.012501 -12.056251 4.8562503
-3.24375 -15.656251 2.9437501
-3.24375 -15.656251 2.9437501
-3.24375 -15.656251 2.9437501
-3.24375 -15.656251 2.9437501
4.2000003 -15.95625 0.24375
11.043751 -11.1 0.1875
11.043751 -11.1 0.1875
11.043751 -11.1 0.1875
11.043751 -11.1 0.1875
14.400001 -3.35625 2.7
14.400001 -3.35625 2.7
14.45625 5.45625 4.6125
14.45625 5.45625 4.6125
14.45625 5.45625 4.6125
9.356251 12.1125 5.34375
9.356251 12.1125 5.34375
1.9125 14.700001 3.24375
1.9125 14.700001 3.24375
1.9125 14.700001 3.24375
-5.64375 13.012501 2.8125
-5.64375 13.012501 2.8125
-5.64375 13.012501 2.8125
-10.9875 6.7125 4.8
-10.9875 6.7125 4.8
-13.087501 -0.65625 6.7125
-13.087501 -0.65625 6.7125
-13.087501 -0.65625 6.7125
-10.387501 -7.55625 7.55625
-10.387501 -7.55625 7.55625
-4.55625 -11.2875 5.64375
-4.55625 -11.2875 5.64375
-4.55625 -11.2875 5.64375
1.8000001 -12.187501 4.3875003
1.8000001 -12.187501 4.3875003
9.900001 -9.7875 3.54375
9.900001 -9.7875 3.54375
9.900001 -9.7875 3.54375
16.0125 -3.05625 5.2875004
16.0125 -3.05625 5.2875004
16.0125 -3.05625 5.2875004
17.5125 6.1125 6.3
17.5125 6.1125 6.3
17.5125 6.1125 6.3
14.587501 15.056251 6.4125004
14.587501 15.056251 6.4125004
7.6125 21.1875 5.34375
7.6125 21.1875 5.34375
7.6125 21.1875 5.34375
7.6125 21.1875 5.34375
-10.6875 17.34375 4.9125004
-10.6875 17.34375 4.9125004
-10.6875 17.34375 4.9125004
-10.6875 17.34375 4.9125004
-15.712501 8.887501 5.5875
-17.1 0.54375005 6.7875004
-17.1 0.54375005 6.7875004
-17.1 0.54375005 6.7875004
-17.1 0.54375005 6.7875004
-14.75625 -7.2000003 7.8
-14.75625 -7.2000003 7.8
-8.212501 -11.887501 7.2000003
-8.212501 -11.887501 7.2000003
-8.212501 -11.887501 7.2000003
-0.3 -13.9125 7.0875
-0.3 -13.9125 7.0875
7.55625 -12.0 9.1125
7.55625 -12.0 9.1125
7.55625 -12.0 9.1125
12.4125 -6.3562503 11.700001
12.4125 -6.3562503 11.700001
12.4125 -6.3562503 11.700001
13.9875 1.5562501 13.25625
13.9875 1.5562501 13.25625
10.743751 8.45625 14.400001
10.743751 8.45625 14.400001
10.743751 8.45625 14.400001
4.14375 11.64375 11.15625
4.14375 11.64375 11.15625
-3.05625 10.9875 8.212501
-3.05625 10.9875 8.212501
-3.05625 10.9875 8.212501
-9.95625 6.1125 7.2562504
-9.95625 6.1125 7.2562504
-13.500001 -0.54375005 7.2562504
-13.500001 -0.54375005 7.2562504
-13.500001 -0.54375005 7.2562504
-13.500001 -0.54375005 7.2562504
-12.7875 -7.55625 6.1875005
-12.7875 -7.55625 6.1875005
-7.5000005 -12.187501 3.4875002
-7.5000005 -12.187501 3.4875002
-7.5000005 -12.187501 3.4875002
-0.84375006 -13.687501 0.41250002
-0.84375006 -13.687501 0.41250002
6.4875 -10.9875 -0.71250004
6.4875 -10.9875 -0.71250004
6.4875 -10.9875 -0.71250004
6.4875 -10.9875 -0.71250004
11.700001 -4.8 2.6437502
11.700001 -4.8 2.6437502
13.743751 3.6000001 5.5875
13.743751 3.6000001 5.5875
13.743751 3.6000001 5.5875
13.743751 3.6000001 5.5875
12.6 12.6 6.95625
12.6 12.6 6.95625
6.4875 18.487501 5.4
6.4875 18.487501 5.4
6.4875 18.487501 5.4
-1.5562501 19.743752 3.4125001
-1.5562501 19.743752 3.4125001
-1.5562501 19.743752 3.4125001
-10.012501 15.4125 4.3875003
-10.012501 15.4125 4.3875003
-10.012501 15.4125 4.3875003
-14.700001 7.6125 6.3
-14.700001 7.6125 6.3
-16.143751 -1.6125001 6.0
-16.143751 -1.6125001 6.0
-16.143751 -1.6125001 6.0
-5.15625 -11.64375 3.3000002
-5.15625 -11.64375 3.3000002
2.04375 -12.7875 3.7125
2.04375 -12.7875 3.7125
2.04375 -12.7875 3.7125
9.543751 -9.3 5.15625
9.543751 -9.3 5.15625
13.14375 -2.1000001 6.9
13.14375 -2.1000001 6.9
13.14375 -2.1000001 6.9
13.087501 5.5125003 7.6125
13.087501 5.5125003 7.6125
13.087501 5.5125003 7.6125
8.15625 10.5 7.14375
8.15625 10.5 7.14375
8.15625 10.5 7.14375
8.15625 10.5 7.14375
1.9875001 13.9875 5.9437504
1.9875001 13.9875 5.9437504
-6.4875 12.712501 5.2875004
-6.4875 12.712501 5.2875004
-6.4875 12.712501 5.2875004
-12.543751 5.5125003 5.9437504
-15.187501 -2.4562502 4.55625
-15.187501 -2.4562502 4.55625
-15.187501 -2.4562502 4.55625
-14.812501 -11.212501 3.7875001
-14.812501 -11.212501 3.7875001
-9.7875 -19.3875 3.6562502
-9.7875 -19.3875 3.6562502
-9.7875 -19.3875 3.6562502
-9.7875 -19.3875 3.6562502
-1.8000001 -24.656252 3.7875001
-1.8000001 -24.656252 3.7875001
8.15625 -24.4125 5.2125
8.15625 -24.4125 5.2125
8.15625 -24.4125 5.2125
17.643751 -20.75625 6.6000004
17.643751 -20.75625 6.6000004
26.1 -14.700001 7.0125003
26.1 -14.700001 7.0125003
26.1 -14.700001 7.0125003
30.487501 -6.0 6.8437505
30.487501 -6.0 6.8437505
30.900002 4.0875 7.14375
30.900002 4.0875 7.14375
30.900002 4.0875 7.14375
30.900002 4.0875 7.14375
28.687502 13.500001 6.24375
28.687502 13.500001 6.24375
23.75625 21.65625 4.0875
23.75625 21.65625 4.0875
23.75625 21.65625 4.0875
16.6875 28.0125 1.85625
16.6875 28.0125 1.85625
16.6875 28.0125 1.85625
8.400001 31.3875 -0.7875
8.400001 31.3875 -0.7875
-0.35625002 32.4 -2.7
-0.35625002 32.4 -2.7
-0.35625002 32.4 -2.7
-8.8125 32.756252 -3.9
-8.8125 32.756252 -3.9
-17.8125 29.5125 -4.8
-17.8125 29.5125 -4.8
-17.8125 29.5125 -4.8
-17.8125 29.5125 -4.8
-24.6 22.087502 -5.8875003
-24.6 22.087502 -5.8875003
-29.156252 13.687501 -6.4125004
-29.156252 13.687501 -6.4125004
-29.156252 13.687501 -6.4125004
-31.987501 5.0437503 -6.4875
-31.987501 5.0437503 -6.4875
-31.987501 5.0437503 -6.4875
-33.05625 -3.1875002 -6.9
-33.05625 -3.1875002 -6.9
-33.05625 -3.1875002 -6.9
-31.800001 -11.2875 -7.4437504
-31.800001 -11.2875 -7.4437504
-29.587502 -19.3875 -7.14375
-29.587502 -19.3875 -7.14375
-29.587502 -19.3875 -7.14375
-29.587502 -19.3875 -7.14375
-26.1 -27.7875 -6.1875005
-19.5 -32.7 -4.4437504
-19.5 -32.7 -4.4437504
-19.5 -32.7 -4.4437504
-19.5 -32.7 -4.4437504
-11.887501 -34.443752 -1.9125
-11.887501 -34.443752 -1.9125
-4.3125 -34.256252 0.41250002
-4.3125 -34.256252 0.41250002
-4.3125 -34.256252 0.41250002
4.6875 -31.087502 2.4562502
4.6875 -31.087502 2.4562502
13.012501 -24.900002 4.4437504
13.012501 -24.900002 4.4437504
13.012501 -24.900002 4.4437504
19.2 -16.612501 6.1125
19.2 -16.612501 6.1125
19.2 -16.612501 6.1125
24.112501 -7.8562503 8.34375
24.112501 -7.8562503 8.34375
27.900002 1.6125001 9.1875
27.900002 1.6125001 9.1875
27.900002 1.6125001 9.1875
29.94375 10.25625 8.8125
29.94375 10.25625 8.8125
29.212502 18.7875 7.5000005
29.212502 18.7875 7.5000005
29.212502 18.7875 7.5000005
25.9125 27.056252 6.5437503
25.9125 27.056252 6.5437503
18.243752 32.100002 6.24375
18.243752 32.100002 6.24375
18.243752 32.100002 6.24375
18.243752 32.100002 6.24375
9.543751 33.24375 5.8125
9.543751 33.24375 5.8125
9.543751 33.24375 5.8125
1.0875001 30.843752 6.7875004
1.0875001 30.843752 6.7875004
1.0875001 30.843752 6.7875004
-7.2562504 25.743752 4.3125
-7.2562504 25.743752 4.3125
-14.64375 18.35625 2.5125
-14.64375 18.35625 2.5125
-14.64375 18.35625 2.5125
-21.300001 10.387501 0.6
-21.300001 10.387501 0.6
-25.087502 0.71250004 -0.54375005
-25.087502 0.71250004 -0.54375005
-25.087502 0.71250004 -0.54375005
-25.087502 0.71250004 -0.54375005
-26.156252 -9.543751 -1.0125
-22.44375 -19.087502 -1.25625
-22.44375 -19.087502 -1.25625
-22.44375 -19.087502 -1.25625
-14.887501 -25.9125 -1.3125
-14.887501 -25.9125 -1.3125
-14.887501 -25.9125 -1.3125
-5.4 -28.44375 -1.7437501
-5.4 -28.44375 -1.7437501
-5.4 -28.44375 -1.7437501
13.687501 -23.587502 2.1000001
13.687501 -23.587502 2.1000001
13.687501 -23.587502 2.1000001
21.056252 -16.743752 4.2562504
21.056252 -16.743752 4.2562504
21.056252 -16.743752 4.2562504
24.243752 -6.7875004 6.1875005
24.243752 -6.7875004 6.1875005
24.656252 3.3000002 6.95625
24.656252 3.3000002 6.95625
24.656252 3.3000002 6.95625
22.800001 13.387501 7.0875
22.800001 13.387501 7.0875
18.487501 21.65625 7.2562504
18.487501 21.65625 7.2562504
12.243751 27.843752 6.8437505
12.243751 27.843752 6.8437505
3.9562502 32.2125 7.3125005
3.9562502 32.2125 7.3125005
3.9562502 32.2125 7.3125005
-4.9125004 34.256252 8.1
-4.9125004 34.256252 8.1
-4.9125004 34.256252 8.1
-13.8 32.8125 8.34375
-13.8 32.8125 8.34375
-13.8 32.8125 8.34375
-20.5125 28.3875 8.2875
-20.5125 28.3875 8.2875
-25.3875 22.987501 8.700001
-25.3875 22.987501 8.700001
-25.3875 22.987501 8.700001
-28.612501 14.75625 9.900001
-28.612501 14.75625 9.900001
-29.212502 5.34375 11.8125
-29.212502 5.34375 11.8125
-29.212502 5.34375 11.8125
-29.212502 5.34375 11.8125
-25.987501 -4.2000003 12.187501
-25.987501 -4.2000003 12.187501
-20.34375 -12.543751 12.3
-20.34375 -12.543751 12.3
-20.34375 -12.543751 12.3
-13.387501 -19.25625 12.187501
-13.387501 -19.25625 12.187501
-5.5125003 -24.35625 12.056251
-5.5125003 -24.35625 12.056251
-5.5125003 -24.35625 12.056251
12.0 -30.112501 13.687501
12.0 -30.112501 13.687501
20.34375 -26.643751 14.1
20.34375 -26.643751 14.1
20.34375 -26.643751 14.1
25.500002 -19.556252 14.2875
25.500002 -19.556252 14.2875
25.500002 -19.556252 14.2875
27.187502 -11.512501 15.3
27.187502 -11.512501 15.3
27.187502 -11.512501 15.3
25.743752 -1.9875001 14.587501
25.743752 -1.9875001 14.587501
20.587502 6.1875005 14.343751
20.587502 6.1875005 14.343751
20.587502 6.1875005 14.343751
12.6 11.94375 14.1
12.6 11.94375 14.1
4.3125 15.843751 12.95625
4.3125 15.843751 12.95625
4.3125 15.843751 12.95625
4.3125 15.843751 12.95625
-4.6875 18.7875 12.4875
-4.6875 18.7875 12.4875
-13.556251 18.4125 13.25625
-13.556251 18.4125 13.25625
-13.556251 18.4125 13.25625
-20.1 13.556251 14.2875
-20.1 13.556251 14.2875
-20.1 13.556251 14.2875
-24.112501 6.5437503 16.44375
-24.112501 6.5437503 16.44375
-24.112501 6.5437503 16.44375
-23.456251 -1.44375 19.85625
-23.456251 -1.44375 19.85625
-17.587502 -7.5000005 21.712502
-17.587502 -7.5000005 21.712502
-17.587502 -7.5000005 21.712502
-8.75625 -10.3125 23.587502
-8.75625 -10.3125 23.587502
-8.75625 -10.3125 23.587502
1.7437501 -9.84375 25.087502
1.7437501 -9.84375 25.087502
1.7437501 -9.84375 25.087502
10.9875 -8.400001 24.7875
10.9875 -8.400001 24.7875
19.143751 -5.4 22.9125
19.143751 -5.4 22.9125
19.143751 -5.4 22.9125
25.3875 0.7875 20.1
25.3875 0.7875 20.1
29.2875 8.34375 16.44375
29.2875 8.34375 16.44375
29.2875 8.34375 16.44375
29.812502 15.543751 13.25625
29.812502 15.543751 13.25625
29.812502 15.543751 13.25625
26.643751 22.25625 11.700001
26.643751 22.25625 11.700001
21.6 28.143751 9.900001
21.6 28.143751 9.900001
21.6 28.143751 9.900001
14.45625 31.25625 9.0
14.45625 31.25625 9.0
6.1875005 31.9125 8.94375
6.1875005 31.9125 8.94375
6.1875005 31.9125 8.94375
-2.6437502 28.500002 8.587501
-2.6437502 28.500002 8.587501
-10.856251 22.85625 8.8125
-10.856251 22.85625 8.8125
-10.856251 22.85625 8.8125
-18.112501 15.6 9.6
-18.112501 15.6 9.6
-18.112501 15.6 9.6
-23.7 7.0125003 9.900001
-23.7 7.0125003 9.900001
-23.7 7.0125003 9.900001
-26.156252 -2.5125 9.7875
-26.156252 -2.5125 9.7875
-26.156252 -2.5125 9.7875
-24.843752 -12.4875 10.6125
-24.843752 -12.4875 10.6125
-24.843752 -12.4875 10.6125
-19.6875 -20.400002 11.512501
-19.6875 -20.400002 11.512501
-11.75625 -25.556252 11.64375
-11.75625 -25.556252 11.64375
-11.75625 -25.556252 11.64375
-2.4562502 -27.900002 11.75625
-2.4562502 -27.900002 11.75625
-2.4562502 -27.900002 11.75625
6.95625 -27.656252 11.64375
6.95625 -27.656252 11.64375
6.95625 -27.656252 11.64375
15.3 -22.25625 10.743751
15.3 -22.25625 10.743751
20.400002 -13.200001 10.6875
20.400002 -13.200001 10.6875
20.400002 -13.200001 10.6875
20.8125 -3.8437502 10.8
20.8125 -3.8437502 10.8
16.800001 4.6125 10.387501
16.800001 4.6125 10.387501
16.800001 4.6125 10.387501
10.44375 11.587501 9.65625
10.44375 11.587501 9.65625
10.44375 11.587501 9.65625
2.2125 15.543751 9.900001
2.2125 15.543751 9.900001
-5.9437504 15.95625 10.9875
-5.9437504 15.95625 10.9875
-5.9437504 15.95625 10.9875
-11.587501 12.656251 12.187501
-11.587501 12.656251 12.187501
-14.156251 5.7562504 13.087501
-14.156251 5.7562504 13.087501
-14.156251 5.7562504 13.087501
-13.743751 -3.6562502 13.200001
-13.743751 -3.6562502 13.200001
-13.743751 -3.6562502 13.200001
-8.512501 -11.1 14.2875
-8.512501 -11.1 14.2875
-8.512501 -11.1 14.2875
0.1125 -13.556251 13.500001
0.1125 -13.556251 13.500001
0.1125 -13.556251 13.500001
7.74375 -13.687501 13.500001
7.74375 -13.687501 13.500001
7.74375 -13.687501 13.500001
15.656251 -11.512501 12.187501
23.1 -5.64375 11.043751
23.1 -5.64375 11.043751
23.1 -5.64375 11.043751
23.1 -5.64375 11.043751
27.056252 3.3000002 10.25625
25.743752 12.843751 10.556251
25.743752 12.843751 10.556251
25.743752 12.843751 10.556251
25.743752 12.843751 10.556251
20.643751 20.7 12.187501
13.312501 24.056252 13.500001
13.312501 24.056252 13.500001
13.312501 24.056252 13.500001
5.34375 20.8875 16.556252
5.34375 20.8875 16.556252
0.95625 14.512501 18.7875
0.95625 14.512501 18.7875
0.95625 14.512501 18.7875
-2.34375 6.8437505 21.35625
-2.34375 6.8437505 21.35625
-3.54375 -0.4875 22.9125
-3.54375 -0.4875 22.9125
-3.54375 -0.4875 22.9125
-2.7 -5.7000003 24.4125
-2.7 -5.7000003 24.4125
-2.7 -5.7000003 24.4125
1.25625 -9.0 24.956251
1.25625 -9.0 24.956251
1.25625 -9.0 24.956251
7.6125 -9.243751 24.900002
7.6125 -9.243751 24.900002
7.6125 -9.243751 24.900002
14.212501 -5.8125 22.3875
14.212501 -5.8125 22.3875
20.2875 0.71250004 20.04375
20.2875 0.71250004 20.04375
20.2875 0.71250004 20.04375
22.800001 9.056251 16.85625
22.800001 9.056251 16.85625
20.7 18.0 14.156251
20.7 18.0 14.156251
20.7 18.0 14.156251
14.2875 24.112501 13.25625
14.2875 24.112501 13.25625
14.2875 24.112501 13.25625
5.8125 25.0125 13.200001
5.8125 25.0125 13.200001
5.8125 25.0125 13.200001
-0.95625 20.643751 14.887501
-0.95625 20.643751 14.887501
-0.95625 20.643751 14.887501
-3.9562502 13.687501 15.4875
-3.9562502 13.687501 15.4875
-3.9562502 13.687501 15.4875
-3.9562502 13.687501 15.4875
-4.0875 5.64375 15.95625
-3.24375 -1.44375 15.1125
-3.24375 -1.44375 15.1125
-3.24375 -1.44375 15.1125
-3.24375 -1.44375 15.1125
-1.7437501 -9.6 15.3
-1.7437501 -9.6 15.3
-1.7437501 -9.6 15.3
3.8437502 -17.94375 15.712501
3.8437502 -17.94375 15.712501
3.8437502 -17.94375 15.712501
12.4875 -21.84375 16.143751
12.4875 -21.84375 16.143751
12.4875 -21.84375 16.143751
20.94375 -20.2875 16.143751
20.94375 -20.2875 16.143751
20.94375 -20.2875 16.143751
20.94375 -20.2875 16.143751
25.85625 -14.45625 15.4875
25.85625 -14.45625 15.4875
27.487501 -6.4125004 15.1125
27.487501 -6.4125004 15.1125
27.487501 -6.4125004 15.1125
25.44375 1.5562501 16.2
21.112501 9.1125 18.1875
21.112501 9.1125 18.1875
16.44375 16.987501 19.6875
16.44375 16.987501 19.6875
16.44375 16.987501 19.6875
10.5 24.6 20.34375
10.5 24.6 20.34375
3.0 30.000002 19.0125
3.0 30.000002 19.0125
3.0 30.000002 19.0125
-4.2000003 32.8875 17.15625
-4.2000003 32.8875 17.15625
-11.043751 32.15625 15.000001
-11.043751 32.15625 15.000001
-11.043751 32.15625 15.000001
-11.043751 32.15625 15.000001
-18.243752 27.900002 12.4875
-18.243752 27.900002 12.4875
-24.0 22.143751 9.84375
-24.0 22.143751 9.84375
-24.0 22.143751 9.84375
-28.0125 15.243751 7.5000005
-28.0125 15.243751 7.5000005
-30.187502 6.3562503 5.34375
-30.187502 6.3562503 5.34375
-30.187502 6.3562503 5.34375
-30.187502 6.3562503 5.34375
-29.343752 -2.5875 4.55625
-26.587502 -11.64375 4.9875
-26.587502 -11.64375 4.9875
-26.587502 -11.64375 4.9875
-23.34375 -20.7 4.9125004
-23.34375 -20.7 4.9125004
-23.34375 -20.7 4.9125004
-17.7 -27.843752 4.2000003
-17.7 -27.843752 4.2000003
-17.7 -27.843752 4.2000003
-9.4875 -31.9125 4.0125003
-0.05625 -32.456253 3.9562502
-0.05625 -32.456253 3.9562502
-0.05625 -32.456253 3.9562502
9.243751 -28.9125 2.5875
9.243751 -28.9125 2.5875
16.9125 -22.2 0.95625
16.9125 -22.2 0.95625
16.9125 -22.2 0.95625
22.087502 -14.212501 -0.84375006
22.087502 -14.212501 -0.84375006
25.25625 -4.9125004 -2.2875001
25.25625 -4.9125004 -2.2875001
25.25625 -4.9125004 -2.2875001
26.400002 5.15625 -3.24375
26.400002 5.15625 -3.24375
26.400002 5.15625 -3.24375
24.243752 14.887501 -4.14375
24.243752 14.887501 -4.14375
24.243752 14.887501 -4.14375
18.54375 23.587502 -4.8562503
18.54375 23.587502 -4.8562503
18.54375 23.587502 -4.8562503
18.54375 23.587502 -4.8562503
11.45625 29.5125 -4.2000003
11.45625 29.5125 -4.2000003
3.3000002 32.100002 -2.1000001
3.3000002 32.100002 -2.1000001
3.3000002 32.100002 -2.1000001
3.3000002 32.100002 -2.1000001
-5.5875 32.4 0.35625002
-5.5875 32.4 0.35625002
-5.5875 32.4 0.35625002
-13.556251 30.7875 3.4125001
-13.556251 30.7875 3.4125001
-13.556251 30.7875 3.4125001
-21.35625 26.5125 4.74375
-21.35625 26.5125 4.74375
-27.7875 20.04375 4.8
-27.7875 20.04375 4.8
-27.7875 20.04375 4.8
-31.800001 13.14375 6.24375
-31.800001 13.14375 6.24375
-33.1875 5.7562504 6.8437505
-33.1875 5.7562504 6.8437505
-33.1875 5.7562504 6.8437505
-33.1875 5.7562504 6.8437505
-31.612501 -3.6562502 6.1875005
-26.2875 -12.056251 5.34375
-26.2875 -12.056251 5.34375
-26.2875 -12.056251 5.34375
-16.987501 -16.612501 4.3125
-16.987501 -16.612501 4.3125
-16.987501 -16.612501 4.3125
-7.6125 -17.212502 3.54375
-7.6125 -17.212502 3.54375
-7.6125 -17.212502 3.54375
-7.6125 -17.212502 3.54375
-1.5562501 -13.14375 4.9875
-1.5562501 -13.14375 4.9875
2.9437501 -6.4875 5.34375
2.9437501 -6.4875 5.34375
2.9437501 -6.4875 5.34375
2.9437501 -6.4875 5.34375
5.64375 0.0 4.8
5.64375 0.0 4.8
5.45625 5.8875003 5.5125003
5.45625 5.8875003 5.5125003
1.3125 11.043751 6.05625
1.3125 11.043751 6.05625
1.3125 11.043751 6.05625
-4.3125 11.887501 7.0125003
-4.3125 11.887501 7.0125003
-7.8562503 8.700001 7.9125004
-7.8562503 8.700001 7.9125004
-7.8562503 8.700001 7.9125004
-9.543751 3.6000001 6.7125
-9.543751 3.6000001 6.7125
-5.8875003 -1.3125 5.64375
-0.35625002 -6.1125 7.3125005
-0.35625002 -6.1125 7.3125005
-0.35625002 -6.1125 7.3125005
4.55625 -6.9 8.700001
4.55625 -6.9 8.700001
4.55625 -6.9 8.700001
7.9875 -5.5125003 10.6125
7.9875 -5.5125003 10.6125
8.700001 -3.35625 11.45625
8.700001 -3.35625 11.45625
8.700001 -3.35625 11.45625
7.4437504 -0.84375006 11.45625
7.4437504 -0.84375006 11.45625
2.7 1.0125 13.200001
2.7 1.0125 13.200001
2.7 1.0125 13.200001
2.7 1.0125 13.200001
-0.7875 0.0 14.400001
-0.7875 0.0 14.400001
-3.1875002 -2.5875 15.900001
-3.1875002 -2.5875 15.900001
-3.1875002 -2.5875 15.900001
-6.24375 -5.2875004 18.056252
-7.0875 -12.4875 19.5
-7.0875 -12.4875 19.5
-7.0875 -12.4875 19.5
-2.7 -19.556252 19.44375
-2.7 -19.556252 19.44375
6.3 -22.2 19.743752
6.3 -22.2 19.743752
6.3 -22.2 19.743752
15.712501 -18.956251 19.85625
15.712501 -18.956251 19.85625
23.1 -12.900001 18.84375
23.1 -12.900001 18.84375
23.1 -12.900001 18.84375
27.000002 -4.9875 18.900002
27.000002 -4.9875 18.900002
27.000002 -4.9875 18.900002
28.0125 1.7437501 17.34375
28.0125 1.7437501 17.34375
29.75625 7.8562503 14.45625
29.75625 7.8562503 14.45625
29.75625 7.8562503 14.45625
28.312502 16.2 13.25625
28.312502 16.2 13.25625
22.743752 23.04375 12.900001
22.743752 23.04375 12.900001
22.743752 23.04375 12.900001
22.743752 23.04375 12.900001
14.45625 25.987501 13.6125
14.45625 25.987501 13.6125
5.7562504 25.556252 15.1125
5.7562504 25.556252 15.1125
5.7562504 25.556252 15.1125
-2.5875 22.9125 16.3125
-2.5875 22.9125 16.3125
-10.5 18.6 17.212502
-10.5 18.6 17.212502
-10.5 18.6 17.212502
-16.612501 12.6 19.800001
-16.612501 12.6 19.800001
-20.7 5.8125 22.9125
-20.7 5.8125 22.9125
-20.7 5.8125 22.9125
-20.7 5.8125 22.9125
-20.75625 -2.5875 25.25625
-17.212502 -10.5 25.743752
-17.212502 -10.5 25.743752
-17.212502 -10.5 25.743752
-17.212502 -10.5 25.743752
-9.4875 -15.3 25.312502
-9.4875 -15.3 25.312502
-0.41250002 -16.2 23.8875
-0.41250002 -16.2 23.8875
-0.41250002 -16.2 23.8875
8.75625 -13.9875 21.54375
8.75625 -13.9875 21.54375
16.3125 -8.94375 20.212502
16.3125 -8.94375 20.212502
16.3125 -8.94375 20.212502
21.4125 -2.1000001 17.456251
21.4125 -2.1000001 17.456251
24.900002 4.8 14.343751
24.900002 4.8 14.343751
24.900002 4.8 14.343751
27.54375 12.3 11.75625
27.54375 12.3 11.75625
27.54375 12.3 11.75625
28.44375 20.94375 9.84375
28.44375 20.94375 9.84375
23.75625 28.687502 7.8562503
23.75625 28.687502 7.8562503
23.75625 28.687502 7.8562503
23.75625 28.687502 7.8562503
14.400001 30.000002 8.043751
14.400001 30.000002 8.043751
6.1125 25.687502 11.043751
6.1125 25.687502 11.043751
6.1125 25.687502 11.043751
6.1125 25.687502 11.043751
2.4562502 19.25625 14.043751
2.4562502 19.25625 14.043751
1.3875 12.4875 17.1
1.3875 12.4875 17.1
1.3875 12.4875 17.1
0.3 5.2875004 19.25625
0.3 5.2875004 19.25625
0.65625 -1.25625 20.2875
0.65625 -1.25625 20.2875
0.65625 -1.25625 20.2875
3.4125001 -5.5875 20.04375
3.4125001 -5.5875 20.04375
8.15625 -8.043751 18.487501
8.15625 -8.043751 18.487501
8.15625 -8.043751 18.487501
8.15625 -8.043751 18.487501
16.0125 -5.9437504 17.04375
16.0125 -5.9437504 17.04375
21.84375 0.6 12.656251
21.84375 0.6 12.656251
21.84375 0.6 12.656251
21.84375 8.45625 8.1
21.84375 8.45625 8.1
17.04375 14.812501 4.9125004
17.04375 14.812501 4.9125004
17.04375 14.812501 4.9125004
11.45625 21.1875 1.9125
11.45625 21.1875 1.9125
3.8437502 25.743752 1.85625
3.8437502 25.743752 1.85625
3.8437502 25.743752 1.85625
-6.0 24.712502 3.4875002
-6.0 24.712502 3.4875002
-6.0 24.712502 3.4875002
-14.812501 19.556252 6.1125
-14.812501 19.556252 6.1125
-21.900002 12.4875 7.9875
-21.900002 12.4875 7.9875
-21.900002 12.4875 7.9875
-26.8875 4.2562504 11.512501
-26.8875 4.2562504 11.512501
-27.54375 -4.6125 15.187501
-27.54375 -4.6125 15.187501
-27.54375 -4.6125 15.187501
-24.712502 -12.4875 17.212502
-24.712502 -12.4875 17.212502
-20.15625 -20.15625 19.143751
-20.15625 -20.15625 19.143751
-20.15625 -20.15625 19.143751
-20.15625 -20.15625 19.143751
-11.700001 -24.35625 18.6
-11.700001 -24.35625 18.6
-2.5125 -22.143751 18.1875
-2.5125 -22.143751 18.1875
-2.5125 -22.143751 18.1875
5.15625 -15.712501 17.5125
5.15625 -15.712501 17.5125
5.15625 -15.712501 17.5125
10.9125 -8.043751 16.25625
10.9125 -8.043751 16.25625
10.9125 -8.043751 16.25625
10.9125 -8.043751 16.25625
14.887501 0.4875 14.1
14.887501 0.4875 14.1
16.5 9.4125 11.212501
16.5 9.4125 11.212501
16.5 9.4125 11.212501
16.5 9.4125 11.212501
16.087502 18.4125 8.75625
16.087502 18.4125 8.75625
12.95625 27.243752 8.400001
12.95625 27.243752 8.400001
12.95625 27.243752 8.400001
12.95625 27.243752 8.400001
5.34375 32.287502 9.4875
5.34375 32.287502 9.4875
-2.5125 33.0 10.856251
-2.5125 33.0 10.856251
-2.5125 33.0 10.856251
-9.3 30.4125 13.312501
-9.3 30.4125 13.312501
-9.3 30.4125 13.312501
-14.887501 26.04375 16.2
-14.887501 26.04375 16.2
-14.887501 26.04375 16.2
-19.556252 19.3875 18.956251
-19.556252 19.3875 18.956251
-19.556252 19.3875 18.956251
-21.7875 10.087501 21.300001
-21.7875 10.087501 21.300001
-20.8875 0.54375005 23.15625
-20.8875 0.54375005 23.15625
-20.8875 0.54375005 23.15625
-18.243752 -8.587501 22.85625
-18.243752 -8.587501 22.85625
-12.4125 -15.656251 21.300001
-12.4125 -15.656251 21.300001
-12.4125 -15.656251 21.300001
-5.15625 -20.456251 20.2875
-5.15625 -20.456251 20.2875
2.7 -23.400002 19.743752
2.7 -23.400002 19.743752
2.7 -23.400002 19.743752
2.7 -23.400002 19.743752
10.44375 -24.187502 19.087502
10.44375 -24.187502 19.087502
18.056252 -21.7875 18.487501
18.056252 -21.7875 18.487501
18.056252 -21.7875 18.487501
23.15625 -14.512501 17.587502
23.15625 -14.512501 17.587502
24.300001 -5.2875004 16.6875
24.300001 -5.2875004 16.6875
24.300001 -5.2875004 16.6875
21.7875 4.0125003 15.6
21.7875 4.0125003 15.6
15.000001 10.6875 13.312501
15.000001 10.6875 13.312501
15.000001 10.6875 13.312501
6.6562505 15.243751 11.400001
6.6562505 15.243751 11.400001
6.6562505 15.243751 11.400001
-2.5125 16.44375 9.7875
-2.5125 16.44375 9.7875
-2.5125 16.44375 9.7875
-11.34375 14.1 7.8562503
-11.34375 14.1 7.8562503
-19.5 9.900001 5.9437504
-19.5 9.900001 5.9437504
-19.5 9.900001 5.9437504
-19.5 9.900001 5.9437504
-27.487501 3.9562502 4.8
-27.487501 3.9562502 4.8
-32.643753 -3.7875001 2.9437501
-32.643753 -3.7875001 2.9437501
-32.643753 -3.7875001 2.9437501
-33.600002 -12.243751 3.54375
-29.812502 -19.556252 6.7875004
-29.812502 -19.556252 6.7875004
-29.812502 -19.556252 6.7875004
-23.587502 -25.9125 8.887501
-23.587502 -25.9125 8.887501
-23.587502 -25.9125 8.887501
-15.000001 -28.85625 10.012501
-15.000001 -28.85625 10.012501
-5.9437504 -25.743752 11.45625
-5.9437504 -25.743752 11.45625
-5.9437504 -25.743752 11.45625
1.25625 -19.44375 13.087501
1.25625 -19.44375 13.087501
8.512501 -13.087501 14.45625
8.512501 -13.087501 14.45625
8.512501 -13.087501 14.45625
8.512501 -13.087501 14.45625
15.187501 -6.1125 16.612501
19.85625 2.5875 16.800001
19.85625 2.5875 16.800001
19.85625 2.5875 16.800001
19.85625 2.5875 16.800001
20.04375 12.243751 16.3875
20.04375 12.243751 16.3875
15.95625 20.04375 16.9125
15.95625 20.04375 16.9125
15.95625 20.04375 16.9125
8.700001 25.9125 17.2875
8.700001 25.9125 17.2875
-0.24375 26.2875 17.34375
-0.24375 26.2875 17.34375
-0.24375 26.2875 17.34375
-8.1 21.65625 16.3875
-8.1 21.65625 16.3875
-8.1 21.65625 16.3875
-15.056251 15.187501 14.887501
-15.056251 15.187501 14.887501
-15.056251 15.187501 14.887501
-20.94375 7.3125005 13.856251
-20.94375 7.3125005 13.856251
-20.94375 7.3125005 13.856251
-24.300001 -1.44375 13.6125
-24.300001 -1.44375 13.6125
-24.300001 -1.44375 13.6125
-23.400002 -11.043751 13.687501
-23.400002 -11.043751 13.687501
-23.400002 -11.043751 13.687501
-18.112501 -17.8125 13.743751
-18.112501 -17.8125 13.743751
-10.5 -22.2 13.8
-10.5 -22.2 13.8
-10.5 -22.2 13.8
-1.7437501 -23.456251 13.9875
-1.7437501 -23.456251 13.9875
-1.7437501 -23.456251 13.9875
6.7875004 -19.3875 14.587501
6.7875004 -19.3875 14.587501
6.7875004 -19.3875 14.587501
13.500001 -12.543751 16.25625
13.500001 -12.543751 16.25625
18.65625 -4.3875003 17.75625
18.65625 -4.3875003 17.75625
18.65625 -4.3875003 17.75625
18.65625 -4.3875003 17.75625
20.5125 4.9125004 17.94375
20.5125 4.9125004 17.94375
19.5 14.512501 17.94375
19.5 14.512501 17.94375
19.5 14.512501 17.94375
15.056251 22.087502 17.456251
15.056251 22.087502 17.456251
8.1 26.400002 17.7
8.1 26.400002 17.7
8.1 26.400002 17.7
-0.1875 27.900002 18.35625
-0.1875 27.900002 18.35625
-8.212501 23.8875 19.3875
-8.212501 23.8875 19.3875
-8.212501 23.8875 19.3875
-13.687501 16.143751 19.25625
-13.687501 16.143751 19.25625
-17.643751 7.2562504 18.65625
-17.643751 7.2562504 18.65625
-17.643751 7.2562504 18.65625
-17.643751 7.2562504 18.65625
-19.3875 -1.85625 18.056252
-19.3875 -1.85625 18.056252
-17.2875 -11.64375 16.556252
-17.2875 -11.64375 16.556252
-17.2875 -11.64375 16.556252
-12.712501 -19.6875 15.7875
-12.712501 -19.6875 15.7875
-12.712501 -19.6875 15.7875
-6.7125 -25.44375 15.1125
-6.7125 -25.44375 15.1125
-6.7125 -25.44375 15.1125
1.2 -28.743752 15.356251
1.2 -28.743752 15.356251
9.1875 -27.656252 15.543751
9.1875 -27.656252 15.543751
9.1875 -27.656252 15.543751
16.0125 -22.143751 15.843751
16.0125 -22.143751 15.843751
16.0125 -22.143751 15.843751
20.212502 -14.043751 17.15625
20.212502 -14.043751 17.15625
21.7875 -5.1000004 18.65625
21.7875 -5.1000004 18.65625
21.7875 -5.1000004 18.65625
20.212502 4.55625 20.2875
20.212502 4.55625 20.2875
17.75625 12.712501 21.056252
17.75625 12.712501 21.056252
14.1 20.400002 20.212502
14.1 20.400002 20.212502
8.2875 26.812502 19.087502
8.2875 26.812502 19.087502
8.2875 26.812502 19.087502
1.0125 31.087502 18.300001
-6.1875005 32.456253 17.587502
-6.1875005 32.456253 17.587502
-12.187501 30.54375 16.9125
-12.187501 30.54375 16.9125
-12.187501 30.54375 16.9125
-16.5 26.7 17.04375
-16.5 26.7 17.04375
-16.5 26.7 17.04375
-20.7 23.04375 17.456251
-20.7 23.04375 17.456251
-25.85625 18.7875 16.2
-25.85625 18.7875 16.2
-25.85625 18.7875 16.2
-25.85625 18.7875 16.2
-30.000002 13.9125 15.7875
-30.000002 13.9125 15.7875
-32.5125 7.3125005 16.087502
-32.5125 7.3125005 16.087502
-32.5125 7.3125005 16.087502
-33.300003 1.3125 16.612501
-33.1875 -4.4437504 16.5
-33.1875 -4.4437504 16.5
-33.1875 -4.4437504 16.5
-32.15625 -9.6 16.85625
-32.15625 -9.6 16.85625
-27.956251 -14.1 17.15625
-27.956251 -14.1 17.15625
-27.956251 -14.1 17.15625
-12.4125 -13.6125 19.5
-12.4125 -13.6125 19.5
-6.95625 -8.2875 19.5
-6.95625 -8.2875 19.5
-6.95625 -8.2875 19.5
-2.2875001 -0.90000004 18.712502
-2.2875001 -0.90000004 18.712502
1.9125 6.7875004 16.9125
1.9125 6.7875004 16.9125
1.9125 6.7875004 16.9125
4.2000003 14.587501 14.887501
4.2000003 14.587501 14.887501
4.2000003 14.587501 14.887501
4.3875003 21.7875 11.15625
4.3875003 21.7875 11.15625
4.3875003 21.7875 11.15625
4.3875003 21.7875 11.15625
-0.54375005 27.056252 6.0
-0.54375005 27.056252 6.0
-9.0 26.456251 3.1125002
-9.0 26.456251 3.1125002
-9.0 26.456251 3.1125002
-15.187501 18.84375 0.35625002
-15.187501 18.84375 0.35625002
-16.087502 8.45625 -1.44375
-16.087502 8.45625 -1.44375
-16.087502 8.45625 -1.44375
-16.087502 8.45625 -1.44375
-9.712501 -6.6000004 -0.3
-9.712501 -6.6000004 -0.3
-7.0875 -9.4875 3.6562502
-7.0875 -9.4875 3.6562502
-7.0875 -9.4875 3.6562502
-5.5875 -10.44375 8.75625
-5.5875 -10.44375 8.75625
-5.5875 -10.44375 8.75625
-0.7875 -8.212501 14.45625
-0.7875 -8.212501 14.45625
-0.7875 -8.212501 14.45625
3.1125002 -1.85625 16.6875
3.1125002 -1.85625 16.6875
3.1125002 -1.85625 16.6875
2.8125 6.0 18.0
2.8125 6.0 18.0
-2.15625 11.400001 17.8125
-2.15625 11.400001 17.8125
-2.15625 11.400001 17.8125
-9.84375 13.9875 16.85625
-9.84375 13.9875 16.85625
-9.84375 13.9875 16.85625
-17.2875 10.387501 13.500001
-17.2875 10.387501 13.500001
-18.84375 3.05625 9.3
-18.84375 3.05625 9.3
-18.84375 3.05625 9.3
-15.187501 -3.9562502 4.14375
-15.187501 -3.9562502 4.14375
-15.187501 -3.9562502 4.14375
-11.75625 -10.8 -0.1125
-11.75625 -10.8 -0.1125
-11.75625 -10.8 -0.1125
-5.9437504 -15.843751 -2.8125
-5.9437504 -15.843751 -2.8125
2.5875 -18.7875 -4.0125003
12.056251 -16.0125 -3.0
12.056251 -16.0125 -3.0
12.056251 -16.0125 -3.0
18.956251 -9.7875 -1.25625
18.956251 -9.7875 -1.25625
18.956251 -9.7875 -1.25625
21.900002 -0.41250002 0.41250002
21.900002 -0.41250002 0.41250002
20.587502 9.712501 1.85625
20.587502 9.712501 1.85625
20.587502 9.712501 1.85625
16.3125 18.112501 5.0437503
16.3125 18.112501 5.0437503
8.8125 24.187502 7.6875005
8.8125 24.187502 7.6875005
8.8125 24.187502 7.6875005
-1.25625 23.15625 7.74375
-1.25625 23.15625 7.74375
-10.087501 19.143751 7.3875003
-10.087501 19.143751 7.3875003
-10.087501 19.143751 7.3875003
-10.087501 19.143751 7.3875003
-18.35625 13.25625 7.3875003
-18.35625 13.25625 7.3875003
-24.843752 6.4875 6.95625
-24.843752 6.4875 6.95625
-24.843752 6.4875 6.95625
-28.687502 -1.44375 6.8437505
-28.687502 -1.44375 6.8437505
-29.343752 -10.9125 5.7000003
-29.343752 -10.9125 5.7000003
-29.343752 -10.9125 5.7000003
-27.243752 -20.1 3.6000001
-27.243752 -20.1 3.6000001
-20.456251 -26.75625 1.8000001
-20.456251 -26.75625 1.8000001
-20.456251 -26.75625 1.8000001
-10.743751 -26.400002 2.7562501
-10.743751 -26.400002 2.7562501
-10.743751 -26.400002 2.7562501
-2.4562502 -24.656252 4.8
-2.4562502 -24.656252 4.8
12.656251 -14.94375 8.587501
12.656251 -14.94375 8.587501
14.587501 -8.043751 9.7875
14.587501 -8.043751 9.7875
14.587501 -8.043751 9.7875
13.25625 -0.35625002 11.34375
13.25625 -0.35625002 11.34375
9.900001 8.512501 12.95625
9.900001 8.512501 12.95625
9.900001 8.512501 12.95625
3.35625 15.712501 13.9125
3.35625 15.712501 13.9125
-5.7000003 19.743752 14.587501
-5.7000003 19.743752 14.587501
-5.7000003 19.743752 14.587501
-14.2875 24.056252 13.9875
-14.2875 24.056252 13.9875
-23.04375 26.456251 13.087501
-23.04375 26.456251 13.087501
-23.04375 26.456251 13.087501
-23.04375 26.456251 13.087501
-28.9125 25.087502 11.512501
-28.9125 25.087502 11.512501
-31.143751 23.456251 10.556251
-31.143751 23.456251 10.556251
-31.143751 23.456251 10.556251
-31.85625 22.9125 9.3
-31.85625 22.9125 9.3
-32.8875 21.712502 8.94375
-32.8875 21.712502 8.94375
-32.8875 21.712502 8.94375
-33.24375 21.243752 9.1125
-33.24375 21.243752 9.1125
-33.05625 21.243752 8.887501
-33.05625 21.243752 8.887501
-33.05625 21.243752 8.887501
-33.24375 20.8125 8.887501
-33.24375 20.8125 8.887501
-33.24375 20.8125 8.887501
-33.7125 20.2875 9.056251
-33.7125 20.2875 9.056251
-33.956253 19.987501 9.0
-33.956253 19.987501 9.0
-33.956253 19.800001 8.8125
-33.956253 19.800001 8.8125
-34.3875 19.5 9.056251
-34.3875 19.5 9.056251
-34.3875 19.5 9.056251
-34.5 19.2 8.8125
-34.5 19.2 8.8125
-34.55625 19.143751 8.45625
-34.55625 19.143751 8.45625
-34.55625 19.143751 8.45625
-34.74375 19.143751 7.9125004
-34.74375 19.143751 7.9125004
-34.74375 19.143751 7.9125004
-34.55625 19.143751 7.8
-34.55625 19.143751 7.8
-34.55625 19.143751 7.8
-34.5 19.143751 7.5000005
-34.5 19.143751 7.5000005
