0.30600002 0.13605000 9.87000100
0.30405003 0.12900001 9.87300000
0.30405003 0.12900001 9.87300000
0.31095000 0.13305001 9.87300000
0.30795002 0.13305001 9.87000100
0.30600002 0.12900001 9.86295000
0.30600002 0.12900001 9.86295000
0.30600002 0.15000000 9.86805100
0.31500003 0.13095000 9.86295000
0.31095000 0.14295001 9.86805100
0.30795002 0.13305001 9.86805100
0.31095000 0.13305001 9.86805100
0.30795002 0.12405001 9.87495000
0.30795002 0.14295001 9.86595100
0.31095000 0.13800001 9.86295000
0.30795002 0.13605000 9.86805100
0.31305000 0.13305001 9.87000100
0.30795002 0.13605000 9.86595100
0.31095000 0.13800001 9.86295000
0.30600002 0.13605000 9.86100000
0.30405003 0.13305001 9.87795100
0.30405003 0.14295001 9.87000100
0.31095000 0.13305001 9.87000100
0.31095000 0.14505000 9.86805100
0.31095000 0.14505000 9.86805100
0.31305000 0.13605000 9.86805100
0.30405003 0.13095000 9.87300000
0.30795002 0.13095000 9.86595100
0.30795002 0.13095000 9.86595100
0.29895002 0.13800001 9.87000100
0.31095000 0.14100000 9.86595100
0.30105000 0.13095000 9.86595100
0.30795002 0.12900001 9.87300000
0.31095000 0.13605000 9.87300000
0.30600002 0.13305001 9.86295000
0.30405003 0.12405001 9.86295000
0.30795002 0.13095000 9.85605050
0.30600002 0.13095000 9.86805100
0.30600002 0.13095000 9.86805100
0.31800002 0.12900001 9.87495000
0.30600002 0.14295001 9.86595100
0.31095000 0.13095000 9.87000100
0.31305000 0.12600000 9.86595100
0.30795002 0.13305001 9.86805100
0.30795002 0.13305001 9.86805100
0.31800002 0.12600000 9.87000100
0.31305000 0.13800001 9.86805100
0.30795002 0.13305001 9.87300000
0.30795002 0.13305001 9.87300000
0.30795002 0.13605000 9.86805100
0.31305000 0.13605000 9.88005100
0.29895002 0.14505000 9.87495000
0.31305000 0.14100000 9.86295000
0.31305000 0.14100000 9.86295000
0.31995000 0.14100000 9.87495000
0.30105000 0.13605000 9.87000100
0.30795002 0.13605000 9.86295000
0.31095000 0.12900001 9.86805100
0.31305000 0.13095000 9.87495000
0.30795002 0.13305001 9.86805100
0.29895002 0.13095000 9.86805100
0.29895002 0.13095000 9.86805100
0.31095000 0.12600000 9.87795100
0.30405003 0.13305001 9.86595100
0.31095000 0.12900001 9.86595100
0.31095000 0.13095000 9.87795100
0.31095000 0.13095000 9.87795100
0.31305000 0.13305001 9.86595100
0.31305000 0.13800001 9.86805100
0.30405003 0.13095000 9.86805100
0.30405003 0.13095000 9.86805100
0.31500003 0.12900001 9.86805100
0.30600002 0.13095000 9.86595100
0.31095000 0.13305001 9.87300000
0.30795002 0.12600000 9.87795100
0.30600002 0.12900001 9.87300000
0.31305000 0.12900001 9.88005100
0.31095000 0.13305001 9.87000100
0.30600002 0.12600000 9.86595100
0.30600002 0.13095000 9.86805100
0.31305000 0.13605000 9.87300000
0.30795002 0.13095000 9.86595100
0.30600002 0.12900001 9.87300000
0.30105000 0.13800001 9.87300000
0.30795002 0.12600000 9.87795100
0.30795002 0.12600000 9.87795100
0.31305000 0.12900001 9.86805100
0.30600002 0.12900001 9.86295000
0.30600002 0.12600000 9.87300000
0.30795002 0.13605000 9.88005100
0.30795002 0.13605000 9.88005100
0.31095000 0.12900001 9.86595100
0.30795002 0.13095000 9.86805100
0.31305000 0.12600000 9.86805100
0.31095000 0.13095000 9.86595100
0.31305000 0.13305001 9.86805100
0.31305000 0.12405001 9.87300000
0.31095000 0.12105001 9.87495000
0.30600002 0.13605000 9.87000100
0.30795002 0.14100000 9.87795100
0.30600002 0.13305001 9.86595100
0.31305000 0.13305001 9.87300000
0.30795002 0.12600000 9.87300000
0.30600002 0.13305001 9.87000100
0.31500003 0.13305001 9.86805100
0.31500003 0.13305001 9.86805100
0.29895002 0.13095000 9.87300000
0.29895002 0.13095000 9.87300000
0.30405003 0.13305001 9.87495000
0.30795002 0.13800001 9.87000100
0.30405003 0.13305001 9.86295000
0.31500003 0.12900001 9.87495000
0.31500003 0.12900001 9.87495000
0.30600002 0.12900001 9.86805100
0.30405003 0.13800001 9.86805100
0.31095000 0.13095000 9.87495000
0.30795002 0.13605000 9.86100000
0.30795002 0.13605000 9.86100000
0.31095000 0.12405001 9.87795100
0.30795002 0.13605000 9.87495000
0.31095000 0.12900001 9.87300000
0.31095000 0.12900001 9.87300000
0.30105000 0.12600000 9.86805100
0.30795002 0.13605000 9.86595100
0.31095000 0.13605000 9.87300000
0.30105000 0.12900001 9.86295000
0.31995000 0.13095000 9.86805100
0.31995000 0.13095000 9.86805100
0.31305000 0.12600000 9.86595100
0.31095000 0.12900001 9.87300000
0.31095000 0.12900001 9.87300000
0.30795002 0.14100000 9.86805100
0.31305000 0.14295001 9.87495000
0.31305000 0.14100000 9.87000100
0.30600002 0.14100000 9.86805100
0.31095000 0.15495001 9.86805100
0.31095000 0.14295001 9.87300000
0.30105000 0.14805001 9.86805100
0.30795002 0.13305001 9.87300000
0.30795002 0.14100000 9.86805100
0.30795002 0.15300001 9.86805100
0.31305000 0.14505000 9.87495000
0.31305000 0.14505000 9.87495000
0.31305000 0.15000000 9.87000100
0.30795002 0.14100000 9.87000100
0.30795002 0.15300001 9.86100000
0.30600002 0.14100000 9.87000100
0.30600002 0.13800001 9.87300000
0.30600002 0.15705001 9.87300000
0.30600002 0.14805001 9.86595100
0.30600002 0.14805001 9.86595100
0.30105000 0.16005000 9.87795100
0.30795002 0.14805001 9.86805100
0.30795002 0.14805001 9.86805100
0.30600002 0.13800001 9.87795100
0.29895002 0.14805001 9.87495000
0.31095000 0.14505000 9.87795100
0.30600002 0.15000000 9.86805100
0.30600002 0.15495001 9.86595100
0.30795002 0.14295001 9.87000100
0.31500003 0.15000000 9.87000100
0.31095000 0.14295001 9.87300000
0.31095000 0.14295001 9.87300000
0.31095000 0.15000000 9.87795100
0.30795002 0.14295001 9.87000100
0.30795002 0.13800001 9.87495000
0.30600002 0.14805001 9.86805100
0.30600002 0.14805001 9.87000100
0.30600002 0.14805001 9.87000100
0.30600002 0.14100000 9.86805100
0.30405003 0.15000000 9.86805100
0.30600002 0.15000000 9.87495000
0.30600002 0.15000000 9.87495000
0.30405003 0.15495001 9.87000100
0.30600002 0.14505000 9.86805100
0.31305000 0.15495001 9.87495000
0.31095000 0.14295001 9.86295000
0.31305000 0.15300001 9.87495000
0.31305000 0.15300001 9.87495000
0.31095000 0.15300001 9.88200100
0.30600002 0.14805001 9.87300000
0.30600002 0.14505000 9.85905100
0.31305000 0.14505000 9.87000100
0.31305000 0.14505000 9.87000100
0.30405003 0.15000000 9.86805100
0.30105000 0.13800001 9.87300000
0.31800002 0.14805001 9.86805100
0.31800002 0.14805001 9.86805100
0.30795002 0.14505000 9.87495000
0.30405003 0.16200000 9.86805100
0.30600002 0.15705001 9.87300000
0.30795002 0.14505000 9.87000100
0.30795002 0.14505000 9.87000100
0.31305000 0.15705001 9.88500000
0.31305000 0.15000000 9.86100000
0.30600002 0.15000000 9.87000100
0.30795002 0.14295001 9.87300000
0.30795002 0.14295001 9.87300000
0.31305000 0.13800001 9.86295000
0.31305000 0.14805001 9.86595100
0.31305000 0.14295001 9.87000100
0.30405003 0.14100000 9.87300000
0.30600002 0.15000000 9.87300000
0.30405003 0.15300001 9.86295000
0.31305000 0.15705001 9.87000100
0.31095000 0.13800001 9.86805100
0.30405003 0.16005000 9.86805100
0.30405003 0.13305001 9.86595100
0.30795002 0.13605000 9.87000100
0.31305000 0.13305001 9.86595100
0.30600002 0.13305001 9.86295000
0.30600002 0.13305001 9.86295000
0.31305000 0.13095000 9.87000100
0.30405003 0.14100000 9.87300000
0.31095000 0.14100000 9.86805100
0.30405003 0.14100000 9.87300000
0.31305000 0.12600000 9.87300000
0.31305000 0.12600000 9.87300000
0.30795002 0.14295001 9.88005100
0.30405003 0.13095000 9.87495000
0.30405003 0.13605000 9.87495000
0.30795002 0.15495001 9.87000100
0.30795002 0.15495001 9.87000100
0.30795002 0.15000000 9.86805100
0.30105000 0.13605000 9.86100000
0.30795002 0.13800001 9.87795100
0.30105000 0.15000000 9.87795100
0.30600002 0.14295001 9.87795100
0.31095000 0.14100000 9.87795100
0.30795002 0.14805001 9.88005100
0.30795002 0.14505000 9.88500000
0.30600002 0.14805001 9.88500000
0.31500003 0.14295001 9.87000100
0.30795002 0.13605000 9.88500000
0.30795002 0.13605000 9.88500000
0.31095000 0.13800001 9.88500000
0.31095000 0.13800001 9.88500000
0.30795002 0.14295001 9.88200100
0.30795002 0.14100000 9.87495000
0.31500003 0.13095000 9.87795100
0.30600002 0.14805001 9.88005100
0.31095000 0.13095000 9.88200100
0.30795002 0.13305001 9.88005100
0.30405003 0.12405001 9.87495000
0.30405003 0.12405001 9.87495000
0.30105000 0.13800001 9.88500000
0.30405003 0.13305001 9.87495000
0.31095000 0.13305001 9.87495000
0.31305000 0.13800001 9.88005100
0.30105000 0.13800001 9.87795100
0.30105000 0.13800001 9.87795100
0.30405003 0.13800001 9.88200100
0.31500003 0.13305001 9.88200100
0.31800002 0.13095000 9.88005100
0.30405003 0.13605000 9.87795100
0.30405003 0.13605000 9.87795100
0.30600002 0.13800001 9.87795100
0.30405003 0.14295001 9.88500000
0.30405003 0.14505000 9.87000100
0.31095000 0.13800001 9.87795100
0.30795002 0.13605000 9.88005100
0.31095000 0.13095000 9.88005100
0.30795002 0.13305001 9.87300000
0.29895002 0.13605000 9.86805100
0.31095000 0.13800001 9.88200100
0.29895002 0.13095000 9.87300000
0.31305000 0.13605000 9.87495000
0.31095000 0.12900001 9.88005100
0.31095000 0.12900001 9.88005100
0.31095000 0.13305001 9.87795100
0.30795002 0.13800001 9.87000100
0.30405003 0.13095000 9.87495000
0.30795002 0.12900001 9.87795100
0.30795002 0.12600000 9.87300000
0.30405003 0.14295001 9.86805100
0.31095000 0.13800001 9.87795100
0.31095000 0.13800001 9.87795100
0.30795002 0.13605000 9.87495000
0.30795002 0.13095000 9.87495000
0.30795002 0.13095000 9.87495000
0.30795002 0.13800001 9.87495000
0.31095000 0.13605000 9.86595100
0.31095000 0.13605000 9.86595100
0.30795002 0.13605000 9.86595100
0.30795002 0.13305001 9.87795100
0.31095000 0.14295001 9.87300000
0.31305000 0.14100000 9.86595100
0.30600002 0.15495001 9.87495000
0.30795002 0.13800001 9.87795100
0.30600002 0.14295001 9.87495000
0.31095000 0.13305001 9.86295000
0.30600002 0.14805001 9.87795100
0.31305000 0.13800001 9.87795100
0.30795002 0.14505000 9.87495000
0.31095000 0.14505000 9.87795100
0.31305000 0.16005000 9.87300000
0.30795002 0.14295001 9.87795100
0.31095000 0.15000000 9.86100000
0.30795002 0.15705001 9.87795100
0.30600002 0.14805001 9.87495000
0.30600002 0.15000000 9.87495000
0.30405003 0.14505000 9.87300000
0.30105000 0.14505000 9.87795100
0.30105000 0.14505000 9.87795100
0.31305000 0.15495001 9.87000100
0.30600002 0.14505000 9.88200100
0.30600002 0.14505000 9.86295000
0.31500003 0.15495001 9.87795100
0.30795002 0.14505000 9.87300000
0.30795002 0.13800001 9.87495000
0.30600002 0.14505000 9.87000100
0.30405003 0.12900001 9.87495000
0.30405003 0.12900001 9.87495000
0.30600002 0.13305001 9.87495000
0.30600002 0.13605000 9.86595100
0.30795002 0.13095000 9.86805100
0.30600002 0.13095000 9.88005100
0.31305000 0.12900001 9.87000100
0.30795002 0.12900001 9.88005100
0.30405003 0.13305001 9.86805100
0.30795002 0.13305001 9.86595100
0.30405003 0.12900001 9.86595100
0.31305000 0.13305001 9.87495000
0.30405003 0.12900001 9.87300000
0.30795002 0.13800001 9.87000100
0.30795002 0.13605000 9.86595100
0.31305000 0.13305001 9.86805100
0.31095000 0.13605000 9.86595100
0.30795002 0.13095000 9.87000100
0.31095000 0.13095000 9.87300000
0.31095000 0.13095000 9.87300000
0.30600002 0.13605000 9.87000100
0.31305000 0.13800001 9.87000100
0.31095000 0.13095000 9.87000100
0.30795002 0.13305001 9.87300000
0.30600002 0.12900001 9.87000100
0.30795002 0.13800001 9.86805100
0.30600002 0.14295001 9.87000100
0.31095000 0.13605000 9.87795100
0.30600002 0.14100000 9.87000100
0.30600002 0.14295001 9.87300000
0.30795002 0.12600000 9.88005100
0.30600002 0.13800001 9.86595100
0.29895002 0.13305001 9.86100000
0.30795002 0.14100000 9.87000100
0.30795002 0.13095000 9.87495000
0.30795002 0.13095000 9.87495000
0.30600002 0.13305001 9.86595100
0.31095000 0.13305001 9.87795100
0.31095000 0.13305001 9.87795100
0.30795002 0.13800001 9.86595100
0.30600002 0.14805001 9.87300000
0.29595003 0.13605000 9.87495000
0.31095000 0.14805001 9.87795100
0.30600002 0.14805001 9.86805100
0.31305000 0.14805001 9.87495000
0.31095000 0.12900001 9.86805100
0.31305000 0.13800001 9.86805100
0.30105000 0.13800001 9.86805100
0.30105000 0.13800001 9.86805100
0.30600002 0.13800001 9.87495000
0.31095000 0.13605000 9.87000100
0.30795002 0.14295001 9.86595100
0.30795002 0.14295001 9.86595100
0.30795002 0.14295001 9.87495000
0.30600002 0.14505000 9.86595100
0.30105000 0.13605000 9.87795100
0.30600002 0.14100000 9.87000100
0.31095000 0.14295001 9.86595100
0.30600002 0.12900001 9.86595100
0.31305000 0.13095000 9.87000100
0.31305000 0.13095000 9.87000100
0.29895002 0.14100000 9.86595100
0.30795002 0.14100000 9.87000100
0.31500003 0.13800001 9.86805100
0.31500003 0.14295001 9.87495000
0.30405003 0.14295001 9.87000100
0.30795002 0.14100000 9.87300000
0.31095000 0.14100000 9.87000100
0.30600002 0.13305001 9.86805100
0.30795002 0.12900001 9.86100000
0.31095000 0.13800001 9.86595100
0.30795002 0.13800001 9.87000100
0.30795002 0.13800001 9.87000100
0.31095000 0.14100000 9.87000100
0.30795002 0.14295001 9.87300000
0.30600002 0.13800001 9.86805100
0.30105000 0.12405001 9.86805100
0.30795002 0.13605000 9.87000100
0.30795002 0.14100000 9.87300000
0.31500003 0.13605000 9.86805100
0.30600002 0.13095000 9.86805100
0.31095000 0.13605000 9.86295000
0.30600002 0.13305001 9.86805100
0.30795002 0.13095000 9.86805100
0.30405003 0.14295001 9.87795100
0.30405003 0.14295001 9.87795100
0.30405003 0.14805001 9.87300000
0.30105000 0.13800001 9.86805100
0.31095000 0.13605000 9.86805100
0.31095000 0.13605000 9.86805100
0.29895002 0.14295001 9.86595100
0.30795002 0.14295001 9.86805100
0.30600002 0.13605000 9.87000100
0.30600002 0.13605000 9.87000100
0.30795002 0.13800001 9.87300000
0.30600002 0.13095000 9.87300000
0.30795002 0.14805001 9.87300000
0.30795002 0.14805001 9.87300000
0.30600002 0.14100000 9.87000100
0.30405003 0.13305001 9.87000100
0.30795002 0.13605000 9.87000100
0.30600002 0.14100000 9.86805100
0.31095000 0.13305001 9.87495000
0.31500003 0.14505000 9.87300000
0.31500003 0.14505000 9.87300000
0.30405003 0.14505000 9.86595100
0.30795002 0.15000000 9.87495000
0.31305000 0.15495001 9.86805100
0.30600002 0.14295001 9.86805100
0.30600002 0.15000000 9.87000100
0.30600002 0.15705001 9.87495000
0.30405003 0.14505000 9.86805100
0.31305000 0.14295001 9.87000100
0.31305000 0.15495001 9.86595100
0.30795002 0.14805001 9.87300000
0.30405003 0.14805001 9.86805100
0.30405003 0.14505000 9.87495000
0.30405003 0.14505000 9.87495000
0.30405003 0.13800001 9.86295000
0.30405003 0.14505000 9.86595100
0.31095000 0.14805001 9.87000100
0.31095000 0.14805001 9.87000100
0.30405003 0.12600000 9.87000100
0.30795002 0.14505000 9.87300000
0.30600002 0.13305001 9.86805100
0.31305000 0.13800001 9.86805100
0.31305000 0.13800001 9.86805100
0.30105000 0.13800001 9.86595100
0.29895002 0.13095000 9.86805100
0.30795002 0.12900001 9.87000100
0.31500003 0.13095000 9.87300000
0.30600002 0.12405001 9.86805100
0.31095000 0.13305001 9.87495000
0.31095000 0.13305001 9.87495000
0.31095000 0.14505000 9.87300000
0.31305000 0.13800001 9.86805100
0.30600002 0.13605000 9.87495000
0.31095000 0.13305001 9.87300000
0.30795002 0.12600000 9.87495000
0.31095000 0.13305001 9.87300000
0.30795002 0.13305001 9.85905100
0.31095000 0.13305001 9.86595100
0.31095000 0.13605000 9.86805100
0.31305000 0.14100000 9.87300000
0.31095000 0.13095000 9.86595100
0.31305000 0.13095000 9.86595100
0.30105000 0.14505000 9.86595100
0.30795002 0.13305001 9.87300000
0.31095000 0.14505000 9.87795100
0.30795002 0.13800001 9.86595100
0.31095000 0.14100000 9.87495000
0.30795002 0.13605000 9.86595100
0.30795002 0.13605000 9.86595100
0.31095000 0.13800001 9.86100000
0.30405003 0.13605000 9.86805100
0.31305000 0.14100000 9.86805100
0.30405003 0.13305001 9.86805100
0.29895002 0.14805001 9.86805100
0.30405003 0.13800001 9.87300000
0.31305000 0.13605000 9.87795100
0.30405003 0.13800001 9.87495000
0.31500003 0.14505000 9.86595100
0.30405003 0.14100000 9.87300000
0.30600002 0.13305001 9.87000100
0.31095000 0.13605000 9.87000100
0.30795002 0.12900001 9.87495000
0.31095000 0.13305001 9.87300000
0.30405003 0.13095000 9.86805100
0.30405003 0.13095000 9.86805100
0.31305000 0.13095000 9.86595100
0.30105000 0.14100000 9.87000100
0.31305000 0.13605000 9.87000100
0.30795002 0.13605000 9.87795100
0.30405003 0.13605000 9.88005100
0.30405003 0.13605000 9.88005100
0.30600002 0.13095000 9.87300000
0.30795002 0.14100000 9.86595100
0.30795002 0.14295001 9.87300000
0.30795002 0.14505000 9.87300000
0.30795002 0.14505000 9.87300000
0.30600002 0.13305001 9.87300000
0.30795002 0.14100000 9.88200100
0.30795002 0.14100000 9.88200100
0.30795002 0.13800001 9.86805100
0.30795002 0.14100000 9.86805100
0.29400000 0.12600000 9.87300000
0.30405003 0.13800001 9.86295000
0.30105000 0.14100000 9.87795100
0.30405003 0.13095000 9.87795100
0.31305000 0.13305001 9.86805100
0.31800002 0.13095000 9.87300000
0.30405003 0.13800001 9.87000100
0.31095000 0.14100000 9.87000100
0.30600002 0.14505000 9.87495000
0.31095000 0.13800001 9.86295000
0.30795002 0.14295001 9.86595100
0.30795002 0.14295001 9.86805100
0.30600002 0.14295001 9.87495000
0.30600002 0.13800001 9.87300000
0.30600002 0.14295001 9.86595100
0.29895002 0.14100000 9.87495000
0.30795002 0.14805001 9.87495000
0.29895002 0.14100000 9.87000100
0.29895002 0.14100000 9.87000100
0.30600002 0.14295001 9.86805100
0.29895002 0.15300001 9.87300000
0.30600002 0.16200000 9.86805100
0.30600002 0.16200000 9.86805100
0.30795002 0.15000000 9.87000100
0.30795002 0.15495001 9.86595100
0.30600002 0.14505000 9.87795100
0.30600002 0.14805001 9.87000100
0.31095000 0.13800001 9.87300000
0.29895002 0.15300001 9.87000100
0.31305000 0.15705001 9.86805100
0.30600002 0.14805001 9.87000100
0.30795002 0.15495001 9.87495000
0.30795002 0.15495001 9.87495000
0.31800002 0.14100000 9.86595100
0.31095000 0.15300001 9.86595100
0.30795002 0.13800001 9.86295000
0.30105000 0.15495001 9.86595100
0.31095000 0.14295001 9.87000100
0.30795002 0.14805001 9.86805100
0.30405003 0.13800001 9.88005100
0.30600002 0.16005000 9.87300000
0.30795002 0.15495001 9.87300000
0.30795002 0.15495001 9.87300000
0.30600002 0.15000000 9.86295000
0.30600002 0.14505000 9.86595100
0.30600002 0.14505000 9.86595100
0.30795002 0.14295001 9.87795100
0.30600002 0.14295001 9.86595100
0.31305000 0.14505000 9.86805100
0.31305000 0.12600000 9.87795100
0.31305000 0.12600000 9.87795100
0.31095000 0.13095000 9.87300000
0.30795002 0.13605000 9.87300000
0.30600002 0.14100000 9.86295000
0.30795002 0.12600000 9.87000100
0.30795002 0.13800001 9.87495000
0.31305000 0.13800001 9.87000100
0.30600002 0.13800001 9.86295000
0.31095000 0.12900001 9.88005100
0.31305000 0.12900001 9.86805100
0.30795002 0.12600000 9.87300000
0.29595003 0.12900001 9.87795100
0.30795002 0.13305001 9.87000100
0.31095000 0.11895001 9.87300000
0.30600002 0.13095000 9.88200100
0.30795002 0.12900001 9.86805100
0.30795002 0.12900001 9.86805100
0.31305000 0.12900001 9.87495000
0.31095000 0.12405001 9.86100000
0.31095000 0.13095000 9.86805100
0.30795002 0.12900001 9.87300000
0.30600002 0.13095000 9.87495000
0.30405003 0.13095000 9.87000100
0.30405003 0.13095000 9.87000100
0.30600002 0.12900001 9.87495000
0.31305000 0.13605000 9.86595100
0.31095000 0.13305001 9.86100000
0.30600002 0.12900001 9.87495000
0.31800002 0.12405001 9.86805100
0.30600002 0.12600000 9.87300000
0.31305000 0.13305001 9.86805100
0.31305000 0.13305001 9.86805100
0.30600002 0.13605000 9.86295000
0.31305000 0.12900001 9.87495000
0.30795002 0.12600000 9.87495000
0.30405003 0.13095000 9.86595100
0.29895002 0.12405001 9.87300000
0.30795002 0.12105001 9.86295000
0.30795002 0.12105001 9.86295000
0.31305000 0.13095000 9.86595100
0.29595003 0.12900001 9.87300000
0.31095000 0.13305001 9.86100000
0.30405003 0.13305001 9.87300000
0.30795002 0.12900001 9.86805100
0.30600002 0.13800001 9.88005100
0.30105000 0.13305001 9.86805100
0.30600002 0.12600000 9.86295000
0.30600002 0.12600000 9.86295000
0.31095000 0.13605000 9.86595100
0.30600002 0.13800001 9.87495000
0.31095000 0.12405001 9.87495000
0.31095000 0.12105001 9.87300000
0.30405003 0.13800001 9.86295000
0.30405003 0.13800001 9.86295000
0.30600002 0.14295001 9.87300000
0.31500003 0.15000000 9.87300000
0.30405003 0.14805001 9.87795100
0.30405003 0.14805001 9.87795100
0.30600002 0.15495001 9.86805100
0.30600002 0.14295001 9.87300000
0.30795002 0.13605000 9.86805100
0.30405003 0.13800001 9.86805100
0.30795002 0.13095000 9.86805100
0.30600002 0.14295001 9.87300000
0.29895002 0.14805001 9.86805100
0.31500003 0.14805001 9.87495000
0.30600002 0.15000000 9.86595100
0.30600002 0.15000000 9.86595100
0.31095000 0.15495001 9.86805100
0.30795002 0.16005000 9.87300000
0.30405003 0.14295001 9.86805100
0.31095000 0.15705001 9.86805100
0.31095000 0.15705001 9.86805100
0.31095000 0.13305001 9.87000100
0.30795002 0.13605000 9.86595100
0.30105000 0.12900001 9.86595100
0.30795002 0.13800001 9.86595100
0.30105000 0.13605000 9.87000100
0.30795002 0.13305001 9.86595100
0.31500003 0.12600000 9.86805100
0.30600002 0.12900001 9.86595100
0.30795002 0.12405001 9.87495000
0.30795002 0.12405001 9.87495000
0.30795002 0.13305001 9.86805100
0.30795002 0.13305001 9.86805100
0.30405003 0.13305001 9.86595100
0.30600002 0.12600000 9.86805100
0.31095000 0.13800001 9.87795100
0.31095000 0.14100000 9.86595100
0.30405003 0.14100000 9.88005100
0.30795002 0.12405001 9.86595100
0.30405003 0.13605000 9.87300000
0.30795002 0.13095000 9.87795100
0.30795002 0.12900001 9.87795100
0.30795002 0.12600000 9.86595100
0.30795002 0.12600000 9.86595100
0.31095000 0.12600000 9.86805100
0.30795002 0.12900001 9.87000100
0.30795002 0.12405001 9.86805100
0.31305000 0.12600000 9.86805100
0.30600002 0.13800001 9.87000100
0.31095000 0.13305001 9.87495000
0.30405003 0.12405001 9.86805100
0.30405003 0.12405001 9.86805100
0.30795002 0.14295001 9.87000100
0.30405003 0.13605000 9.87300000
0.30795002 0.13605000 9.86805100
0.30795002 0.13605000 9.86805100
0.31305000 0.13605000 9.86595100
0.30405003 0.12105001 9.87300000
0.30795002 0.14295001 9.87000100
0.30795002 0.12900001 9.87000100
0.30795002 0.12900001 9.87000100
0.30105000 0.13095000 9.87300000
0.31095000 0.12600000 9.87000100
0.31095000 0.12600000 9.87000100
0.30405003 0.12600000 9.87000100
0.30795002 0.13605000 9.86295000
0.31800002 0.13605000 9.86295000
0.30600002 0.13305001 9.87000100
0.30105000 0.12600000 9.86295000
0.30600002 0.12600000 9.86805100
0.30600002 0.13800001 9.87000100
0.30600002 0.14505000 9.87300000
0.30600002 0.14505000 9.87300000
0.31095000 0.13605000 9.86805100
0.30795002 0.14100000 9.88005100
0.30405003 0.13605000 9.86805100
0.30600002 0.14295001 9.87495000
0.29895002 0.14295001 9.87300000
0.30600002 0.13800001 9.87300000
0.30795002 0.13800001 9.86595100
0.29895002 0.13605000 9.87495000
0.31500003 0.13800001 9.86805100
0.30405003 0.14100000 9.86595100
0.31095000 0.13305001 9.86805100
0.30795002 0.13605000 9.86295000
0.30795002 0.13605000 9.87495000
0.30795002 0.13605000 9.87495000
0.31305000 0.12900001 9.86595100
0.30405003 0.12900001 9.87795100
0.30405003 0.12900001 9.87795100
0.30795002 0.12900001 9.87000100
0.31305000 0.12900001 9.86805100
0.31305000 0.13095000 9.87495000
0.31305000 0.13095000 9.87495000
0.31095000 0.13305001 9.86805100
0.30600002 0.13605000 9.87300000
0.31095000 0.13800001 9.86295000
0.30795002 0.14295001 9.86100000
0.30405003 0.14295001 9.87300000
0.30405003 0.13800001 9.87300000
0.30795002 0.12600000 9.87300000
0.30405003 0.13305001 9.87795100
0.30795002 0.13095000 9.86805100
0.30405003 0.12900001 9.87000100
0.30600002 0.12900001 9.87495000
0.30405003 0.13095000 9.87300000
0.30405003 0.13095000 9.87300000
0.30795002 0.13095000 9.86100000
0.30405003 0.12105001 9.86805100
0.31800002 0.13095000 9.86595100
0.31800002 0.13095000 9.86595100
0.31305000 0.12600000 9.87000100
0.30105000 0.12900001 9.86805100
0.30600002 0.12600000 9.86595100
0.30105000 0.13095000 9.86805100
0.30105000 0.13095000 9.86805100
0.31305000 0.12900001 9.87000100
0.30600002 0.13305001 9.87000100
0.30795002 0.13800001 9.86805100
0.31095000 0.13605000 9.87495000
0.30105000 0.14100000 9.86595100
0.31095000 0.13305001 9.86805100
0.30405003 0.13095000 9.86595100
0.31095000 0.13605000 9.87495000
0.30405003 0.13095000 9.86805100
0.30405003 0.13095000 9.86805100
0.29895002 0.12900001 9.87300000
0.31305000 0.14100000 9.87495000
0.31305000 0.14100000 9.87495000
0.31305000 0.13605000 9.87000100
0.30795002 0.13800001 9.86295000
0.30795002 0.13305001 9.86805100
0.30600002 0.13800001 9.86805100
0.30105000 0.12900001 9.87000100
0.30105000 0.12900001 9.87000100
0.31095000 0.14805001 9.87495000
0.29895002 0.15300001 9.87000100
0.29895002 0.14295001 9.87300000
0.30795002 0.12900001 9.86805100
0.31305000 0.13305001 9.87300000
0.30795002 0.12900001 9.87795100
0.30795002 0.12600000 9.87795100
0.30795002 0.12600000 9.87795100
0.29895002 0.14100000 9.86100000
0.31800002 0.14505000 9.86595100
0.30600002 0.14295001 9.86805100
0.30600002 0.14805001 9.86595100
0.31305000 0.14295001 9.87000100
0.30795002 0.14505000 9.87795100
0.30405003 0.13095000 9.87000100
0.30405003 0.13800001 9.87000100
0.31305000 0.13605000 9.87000100
0.30405003 0.14100000 9.86805100
0.31500003 0.15000000 9.86805100
0.31500003 0.15000000 9.86805100
0.30105000 0.13305001 9.87000100
0.30600002 0.14505000 9.86295000
0.30600002 0.14505000 9.86295000
0.31095000 0.13305001 9.86805100
0.30405003 0.14505000 9.87000100
0.30600002 0.14805001 9.87000100
0.31095000 0.14100000 9.87495000
0.30795002 0.14295001 9.87300000
0.30795002 0.14295001 9.87300000
0.31095000 0.14100000 9.87300000
0.30600002 0.13800001 9.87795100
0.30600002 0.13800001 9.87795100
0.31095000 0.13305001 9.87300000
0.31095000 0.13095000 9.87300000
0.30795002 0.12900001 9.86805100
0.30600002 0.14805001 9.86295000
0.30795002 0.13800001 9.87300000
0.31500003 0.14100000 9.86805100
0.30405003 0.14295001 9.87000100
0.30405003 0.14295001 9.87000100
0.31500003 0.13605000 9.87300000
0.30405003 0.13800001 9.87495000
0.30795002 0.14100000 9.87495000
0.30795002 0.14100000 9.87495000
0.29895002 0.14100000 9.87300000
0.31095000 0.13800001 9.87000100
0.30795002 0.13605000 9.87000100
0.30600002 0.13800001 9.86805100
0.30600002 0.13605000 9.86595100
0.30795002 0.14295001 9.86805100
0.30405003 0.14505000 9.87000100
0.30795002 0.13605000 9.87300000
0.31305000 0.14100000 9.87495000
0.31095000 0.15000000 9.86805100
0.30600002 0.14805001 9.86805100
0.30600002 0.14295001 9.87000100
0.30600002 0.14295001 9.87000100
0.31800002 0.13800001 9.88005100
0.30105000 0.14100000 9.87300000
0.30795002 0.14295001 9.86805100
0.30600002 0.13800001 9.87495000
0.30600002 0.13800001 9.87495000
0.31305000 0.13095000 9.86595100
0.30600002 0.14805001 9.87300000
0.31095000 0.14100000 9.87000100
0.30600002 0.13800001 9.86295000
0.29895002 0.14100000 9.87000100
0.30795002 0.13800001 9.86595100
0.30795002 0.13800001 9.86595100
0.30795002 0.14505000 9.86295000
0.30795002 0.14100000 9.86595100
0.30105000 0.14100000 9.87300000
0.30405003 0.13605000 9.86595100
0.30405003 0.13605000 9.86595100
0.31305000 0.13800001 9.87495000
0.30600002 0.14505000 9.87300000
0.31500003 0.14805001 9.86595100
0.31500003 0.14805001 9.86595100
0.31305000 0.14505000 9.87495000
0.30600002 0.13800001 9.87300000
0.30600002 0.13800001 9.87300000
0.30600002 0.14805001 9.86805100
0.30600002 0.13800001 9.87795100
0.30795002 0.12600000 9.87000100
0.30795002 0.12600000 9.87000100
0.30795002 0.13305001 9.85905100
0.31305000 0.13800001 9.87000100
0.31095000 0.14295001 9.86805100
0.30600002 0.14505000 9.86805100
0.31500003 0.13605000 9.87300000
0.31500003 0.13605000 9.87300000
0.31095000 0.13800001 9.86595100
0.30405003 0.14295001 9.87495000
0.30105000 0.14100000 9.87300000
0.31305000 0.14295001 9.86595100
0.30600002 0.14100000 9.87300000
0.30600002 0.14100000 9.87300000
0.30795002 0.13095000 9.86295000
0.30600002 0.13605000 9.87000100
0.30105000 0.13305001 9.86595100
0.31305000 0.13305001 9.87495000
0.31095000 0.13095000 9.86805100
0.31095000 0.13095000 9.86805100
0.30405003 0.14505000 9.86805100
0.31305000 0.13605000 9.86595100
0.31305000 0.13605000 9.86595100
0.31500003 0.13800001 9.86595100
0.30600002 0.13605000 9.87000100
0.31095000 0.14505000 9.87000100
0.31095000 0.14505000 9.87000100
0.30105000 0.15000000 9.86805100
0.31800002 0.14295001 9.88500000
0.30600002 0.13800001 9.87795100
0.30795002 0.13605000 9.87000100
0.30795002 0.12900001 9.86805100
0.31305000 0.12900001 9.86100000
0.30600002 0.13605000 9.87795100
0.30600002 0.13605000 9.87795100
0.30600002 0.13095000 9.87795100
0.31500003 0.14100000 9.86595100
0.30600002 0.12600000 9.87495000
0.30600002 0.12600000 9.87495000
0.31095000 0.13800001 9.86295000
0.31305000 0.13095000 9.87300000
0.31095000 0.13095000 9.87495000
0.30795002 0.12900001 9.86295000
0.30795002 0.13605000 9.87495000
0.31095000 0.12600000 9.86805100
0.30405003 0.13605000 9.87795100
0.31305000 0.13800001 9.87000100
0.29895002 0.13800001 9.87495000
0.30795002 0.13095000 9.86100000
0.30795002 0.13095000 9.86100000
0.31305000 0.13095000 9.87495000
0.30600002 0.13605000 9.86295000
0.31500003 0.13095000 9.87000100
0.31500003 0.13095000 9.87000100
0.31095000 0.13095000 9.86595100
0.30795002 0.12405001 9.87795100
0.30600002 0.12105001 9.86805100
0.31305000 0.12900001 9.86805100
0.30405003 0.13800001 9.87000100
0.31095000 0.12105001 9.86805100
0.30600002 0.12900001 9.87300000
0.30795002 0.12900001 9.87300000
0.30795002 0.13605000 9.86805100
0.30795002 0.13305001 9.86295000
0.30405003 0.11700001 9.87000100
0.30600002 0.12600000 9.86595100
0.30600002 0.13800001 9.87000100
0.30600002 0.13095000 9.87000100
0.30405003 0.12600000 9.86100000
0.30600002 0.13095000 9.87795100
0.30600002 0.12600000 9.86805100
0.30600002 0.13305001 9.87300000
0.30600002 0.13305001 9.87300000
0.30600002 0.13095000 9.86595100
0.30105000 0.13305001 9.87000100
0.30105000 0.13305001 9.87000100
0.31095000 0.13305001 9.87300000
0.30600002 0.11895001 9.87000100
0.31305000 0.13095000 9.87300000
0.30795002 0.13305001 9.87300000
0.30795002 0.13305001 9.87300000
0.30795002 0.12900001 9.86100000
0.31305000 0.12900001 9.87000100
0.30795002 0.13095000 9.86595100
0.30600002 0.12600000 9.86595100
0.30600002 0.12600000 9.86595100
0.31500003 0.13605000 9.86805100
0.31305000 0.13095000 9.86595100
0.30405003 0.12900001 9.87495000
0.31305000 0.12900001 9.87000100
0.30600002 0.13305001 9.86805100
0.30600002 0.13305001 9.86805100
0.30795002 0.13800001 9.87495000
0.31095000 0.14505000 9.87795100
0.30405003 0.15000000 9.87000100
0.30405003 0.13800001 9.87000100
0.30405003 0.13800001 9.87000100
0.31095000 0.13605000 9.86805100
0.31095000 0.13800001 9.87495000
0.30600002 0.12900001 9.87495000
0.30795002 0.12900001 9.86595100
0.31305000 0.13095000 9.87000100
0.30795002 0.13305001 9.87300000
0.30405003 0.12600000 9.86595100
0.30405003 0.12600000 9.86595100
0.31305000 0.12405001 9.86295000
0.31305000 0.12405001 9.86295000
0.30105000 0.13305001 9.86805100
0.30405003 0.13095000 9.87300000
0.29895002 0.13605000 9.87495000
0.31095000 0.13095000 9.86805100
0.30105000 0.13605000 9.86805100
0.30795002 0.13605000 9.86805100
0.30600002 0.12900001 9.86805100
0.30105000 0.13605000 9.87000100
0.30795002 0.13305001 9.86805100
0.31095000 0.13095000 9.87300000
0.30795002 0.13605000 9.86805100
0.31995000 0.13800001 9.87300000
0.30795002 0.13605000 9.87000100
0.29595003 0.12600000 9.86805100
0.30795002 0.12900001 9.86595100
0.31095000 0.13095000 9.86295000
0.30405003 0.12105001 9.86595100
0.30405003 0.12105001 9.86595100
0.30600002 0.13095000 9.87000100
0.30795002 0.12405001 9.87000100
0.30795002 0.12405001 9.87000100
0.29895002 0.12600000 9.86805100
0.30600002 0.13095000 9.86595100
0.31095000 0.13800001 9.86100000
0.30405003 0.12600000 9.86805100
0.30600002 0.13095000 9.86295000
0.30600002 0.13095000 9.86295000
0.30600002 0.12600000 9.86595100
0.31305000 0.12600000 9.86805100
0.29895002 0.12900001 9.87300000
0.29895002 0.12900001 9.87300000
0.31095000 0.12900001 9.87795100
0.31095000 0.13800001 9.86100000
0.31095000 0.13605000 9.87495000
0.31305000 0.13800001 9.86805100
0.30795002 0.12900001 9.87300000
0.30405003 0.12405001 9.87795100
0.30795002 0.13095000 9.87000100
0.30795002 0.12105001 9.86595100
0.30795002 0.12105001 9.86595100
0.31095000 0.12900001 9.87300000
0.31305000 0.12900001 9.87300000
0.30795002 0.12600000 9.86595100
0.30405003 0.12405001 9.87300000
0.30405003 0.13095000 9.87000100
0.30600002 0.12600000 9.86805100
0.30795002 0.11895001 9.86805100
0.31305000 0.12600000 9.87000100
0.31305000 0.12600000 9.86805100
0.31500003 0.13305001 9.86805100
0.30405003 0.13305001 9.86295000
0.31095000 0.13305001 9.87300000
0.30405003 0.13605000 9.87300000
0.30600002 0.12105001 9.87300000
0.30405003 0.13305001 9.87495000
0.30405003 0.13305001 9.87495000
0.31095000 0.13095000 9.88005100
0.30600002 0.12405001 9.87000100
0.30600002 0.12900001 9.87000100
0.30600002 0.12900001 9.87000100
0.31095000 0.13095000 9.87795100
0.30795002 0.12600000 9.86805100
0.30795002 0.13605000 9.87000100
0.31305000 0.13095000 9.87300000
0.31095000 0.13605000 9.87495000
0.30600002 0.12900001 9.88005100
0.31095000 0.13095000 9.86595100
0.30600002 0.13305001 9.86595100
0.30600002 0.12600000 9.87000100
0.30600002 0.13605000 9.87495000
0.31095000 0.12105001 9.85905100
0.29895002 0.13305001 9.87495000
0.29895002 0.13305001 9.87495000
0.30600002 0.13305001 9.86805100
0.30405003 0.13095000 9.86295000
0.30405003 0.12600000 9.86805100
0.30600002 0.12405001 9.87000100
0.30600002 0.12900001 9.87300000
0.30600002 0.12900001 9.87300000
0.30600002 0.12600000 9.87495000
0.30600002 0.13605000 9.87000100
0.30795002 0.13095000 9.87300000
0.30600002 0.12900001 9.87495000
0.30405003 0.13605000 9.87495000
0.30600002 0.14100000 9.87000100
0.30600002 0.12600000 9.86595100
0.30600002 0.12600000 9.86595100
0.30105000 0.14100000 9.87000100
0.30600002 0.13605000 9.86100000
0.30600002 0.13605000 9.86100000
0.30795002 0.13800001 9.87795100
0.31305000 0.12600000 9.87300000
0.31305000 0.12600000 9.87300000
0.31305000 0.12405001 9.87495000
0.30795002 0.13095000 9.87000100
0.30795002 0.13095000 9.87000100
0.31305000 0.13305001 9.88200100
0.31305000 0.13305001 9.86595100
0.30795002 0.13095000 9.87000100
0.30105000 0.12600000 9.87300000
0.30795002 0.13095000 9.87300000
0.30795002 0.13800001 9.87495000
0.30600002 0.12900001 9.87795100
0.30600002 0.13305001 9.87495000
0.31305000 0.13095000 9.87000100
0.31305000 0.13095000 9.87000100
0.30600002 0.13095000 9.87495000
0.30405003 0.13605000 9.87000100
0.31095000 0.12600000 9.87795100
0.30795002 0.13605000 9.87000100
0.31095000 0.12900001 9.86295000
0.31305000 0.13095000 9.87300000
0.30600002 0.13305001 9.87300000
0.30600002 0.13305001 9.87300000
0.30405003 0.12900001 9.86805100
0.31095000 0.14295001 9.86805100
0.30600002 0.14100000 9.86295000
0.30405003 0.12900001 9.86595100
0.30795002 0.13605000 9.87300000
0.30795002 0.13605000 9.87300000
0.30600002 0.13605000 9.86595100
0.30795002 0.13095000 9.87000100
0.30405003 0.14505000 9.86805100
0.30600002 0.13800001 9.87000100
0.30600002 0.13605000 9.86595100
0.30405003 0.13305001 9.87495000
0.31095000 0.13305001 9.87300000
0.31095000 0.13305001 9.87300000
0.30795002 0.14100000 9.86295000
0.31305000 0.13305001 9.87000100
0.30600002 0.13800001 9.86295000
0.31500003 0.13305001 9.87495000
0.31305000 0.13605000 9.87300000
0.31305000 0.13605000 9.87300000
0.30405003 0.13605000 9.86295000
0.30105000 0.13605000 9.87000100
0.31095000 0.12600000 9.86805100
0.31095000 0.12600000 9.86805100
0.30105000 0.13095000 9.86805100
0.30105000 0.13095000 9.86805100
0.30795002 0.12900001 9.87495000
0.30795002 0.13605000 9.86805100
0.30795002 0.13095000 9.87000100
0.30600002 0.13095000 9.87000100
0.31095000 0.13605000 9.86805100
0.30600002 0.12900001 9.87300000
0.30405003 0.13095000 9.86805100
0.30600002 0.13305001 9.87795100
0.30600002 0.13305001 9.87795100
0.30405003 0.12900001 9.87000100
0.31095000 0.12900001 9.87000100
0.30795002 0.11895001 9.87795100
0.30795002 0.13605000 9.86805100
0.31095000 0.13800001 9.86100000
0.31095000 0.13800001 9.86100000
0.30405003 0.13095000 9.87000100
0.30600002 0.12405001 9.86295000
0.31095000 0.12600000 9.87495000
0.30405003 0.13095000 9.86805100
0.30405003 0.12405001 9.86295000
0.30600002 0.12405001 9.86805100
0.30795002 0.12600000 9.87000100
0.31095000 0.12900001 9.86805100
0.31095000 0.12900001 9.86805100
0.30405003 0.13605000 9.87495000
0.30795002 0.13605000 9.86805100
0.29895002 0.12900001 9.87300000
0.30105000 0.13095000 9.86595100
0.30795002 0.13605000 9.86295000
0.30795002 0.13095000 9.86295000
0.30795002 0.13305001 9.87300000
0.31305000 0.12600000 9.87000100
0.30405003 0.13605000 9.86100000
0.30600002 0.13605000 9.87300000
0.31095000 0.13095000 9.87300000
0.30405003 0.12600000 9.87495000
0.30405003 0.12600000 9.87495000
0.30600002 0.12600000 9.87495000
0.30600002 0.12900001 9.87000100
0.30600002 0.12600000 9.87300000
0.30405003 0.13605000 9.87795100
0.30105000 0.13095000 9.87300000
0.30105000 0.13095000 9.87300000
0.30600002 0.13305001 9.87795100
0.30795002 0.13305001 9.87000100
0.30795002 0.13305001 9.87495000
0.30795002 0.14100000 9.86100000
0.30795002 0.12900001 9.87495000
0.30405003 0.14100000 9.87495000
0.30405003 0.14100000 9.87495000
0.31095000 0.13605000 9.87495000
0.30105000 0.13305001 9.86595100
0.30795002 0.12900001 9.87495000
0.30795002 0.13800001 9.87795100
0.30795002 0.13800001 9.86805100
0.31095000 0.12600000 9.86805100
0.31800002 0.13305001 9.87795100
0.30405003 0.13305001 9.87000100
0.31095000 0.13605000 9.86295000
0.31095000 0.12600000 9.86595100
0.30600002 0.12600000 9.87300000
0.30600002 0.12600000 9.86805100
0.30600002 0.12405001 9.87300000
0.30600002 0.13095000 9.86295000
0.30600002 0.12900001 9.87000100
0.31800002 0.13095000 9.87495000
0.30600002 0.13095000 9.85905100
0.30600002 0.12600000 9.87495000
0.30600002 0.12600000 9.87495000
0.30795002 0.13605000 9.86595100
0.30405003 0.12600000 9.86805100
0.30405003 0.12900001 9.87300000
0.30600002 0.12900001 9.87495000
0.30600002 0.12900001 9.87495000
0.30795002 0.12900001 9.87000100
0.31095000 0.12405001 9.86295000
0.30600002 0.12600000 9.87000100
0.31500003 0.13095000 9.87495000
0.30405003 0.13095000 9.86805100
0.30795002 0.13095000 9.86805100
0.31095000 0.12900001 9.86805100
0.31095000 0.13095000 9.88005100
0.30795002 0.13305001 9.86595100
0.30600002 0.12105001 9.87495000
0.30600002 0.12105001 9.87495000
0.30600002 0.12600000 9.87000100
0.30600002 0.13605000 9.87495000
0.30600002 0.13605000 9.87495000
0.30795002 0.13095000 9.87300000
0.30405003 0.13095000 9.87000100
0.30795002 0.14295001 9.87495000
0.31095000 0.14100000 9.87300000
0.30405003 0.14505000 9.87300000
0.31095000 0.13305001 9.87300000
0.30600002 0.14505000 9.87000100
0.30105000 0.13305001 9.86595100
0.31800002 0.14100000 9.87300000
0.31800002 0.14100000 9.87300000
0.30600002 0.12600000 9.87000100
0.30405003 0.12900001 9.87000100
0.30405003 0.12900001 9.87000100
0.29595003 0.13800001 9.87000100
0.31095000 0.12900001 9.87795100
0.30600002 0.13095000 9.86805100
0.30600002 0.13800001 9.86805100
0.31305000 0.13095000 9.87300000
0.30795002 0.13095000 9.86805100
0.30795002 0.13800001 9.87300000
0.31095000 0.13605000 9.87000100
0.31095000 0.13605000 9.87000100
0.30105000 0.13305001 9.87495000
0.31095000 0.13605000 9.87300000
0.30795002 0.13605000 9.86805100
0.31095000 0.13800001 9.87795100
0.30795002 0.13800001 9.86805100
0.30405003 0.13800001 9.87000100
0.30600002 0.13305001 9.87000100
0.30405003 0.13800001 9.87000100
0.30405003 0.13095000 9.87000100
0.30105000 0.13095000 9.87795100
0.30600002 0.13305001 9.87300000
0.31095000 0.12405001 9.87495000
0.30600002 0.13800001 9.87300000
0.31095000 0.12900001 9.87000100
0.29895002 0.13095000 9.86595100
0.30405003 0.12600000 9.86595100
0.30795002 0.13800001 9.87000100
0.31095000 0.12900001 9.85905100
0.30405003 0.13605000 9.86595100
0.30600002 0.13095000 9.88695050
0.30600002 0.13095000 9.88695050
0.31095000 0.13800001 9.88005100
0.30405003 0.13305001 9.87300000
0.30405003 0.12600000 9.86100000
0.31095000 0.13800001 9.87300000
0.30405003 0.12600000 9.87795100
0.30405003 0.12900001 9.87795100
0.30600002 0.13095000 9.87000100
0.30600002 0.13305001 9.87495000
0.30600002 0.13305001 9.87795100
0.30600002 0.12600000 9.87495000
0.31095000 0.13305001 9.86805100
0.31095000 0.13305001 9.86805100
0.30405003 0.13305001 9.87495000
0.30600002 0.13095000 9.86805100
0.30795002 0.13305001 9.86805100
0.30600002 0.13305001 9.87495000
0.31095000 0.13305001 9.86805100
0.31095000 0.13305001 9.86805100
0.30795002 0.13605000 9.87000100
0.30405003 0.13605000 9.86805100
0.31095000 0.13305001 9.86595100
0.30105000 0.13605000 9.88005100
0.30795002 0.12900001 9.87300000
0.30405003 0.13305001 9.86805100
0.30795002 0.13605000 9.86805100
0.30600002 0.13305001 9.86595100
0.31095000 0.13305001 9.86595100
0.31095000 0.13305001 9.86595100
0.31500003 0.13305001 9.87495000
0.31500003 0.13305001 9.87495000
0.30405003 0.13305001 9.86805100
0.30795002 0.13605000 9.86295000
0.30795002 0.14100000 9.86295000
0.31095000 0.13095000 9.86805100
0.30405003 0.14505000 9.86805100
0.30795002 0.12105001 9.86805100
0.30600002 0.13605000 9.87300000
0.30600002 0.13605000 9.87300000
0.30795002 0.12900001 9.86805100
0.30405003 0.12900001 9.87795100
0.29895002 0.14505000 9.87000100
0.29895002 0.14505000 9.87000100
0.31305000 0.13095000 9.87300000
0.31305000 0.13095000 9.87300000
0.30405003 0.13095000 9.87000100
0.31305000 0.13305001 9.87000100
0.29895002 0.12900001 9.86295000
0.31305000 0.13305001 9.86805100
0.31305000 0.13305001 9.86595100
0.30600002 0.12405001 9.87000100
0.31095000 0.12600000 9.87300000
0.31095000 0.13095000 9.86805100
0.30600002 0.13095000 9.87300000
0.31095000 0.13095000 9.86805100
0.30600002 0.12600000 9.87495000
0.30600002 0.12600000 9.87495000
0.29895002 0.12405001 9.87000100
0.30405003 0.12900001 9.88005100
0.30795002 0.13095000 9.87300000
0.31800002 0.13305001 9.87000100
0.30105000 0.12900001 9.86805100
0.30600002 0.12900001 9.87495000
0.31095000 0.12600000 9.87300000
0.31095000 0.12600000 9.87300000
0.31305000 0.13095000 9.87000100
0.31095000 0.13305001 9.86805100
0.31095000 0.12900001 9.87495000
0.31095000 0.12900001 9.87495000
0.31095000 0.13305001 9.87000100
0.30405003 0.12600000 9.87495000
0.30405003 0.13305001 9.86805100
0.30600002 0.13305001 9.87795100
0.30600002 0.13095000 9.87300000
0.30405003 0.13095000 9.86595100
0.30405003 0.13095000 9.86595100
0.31095000 0.12600000 9.87300000
0.31095000 0.13305001 9.86595100
0.30795002 0.13305001 9.86595100
0.30795002 0.13305001 9.86595100
0.30105000 0.13095000 9.87495000
0.31095000 0.13095000 9.87495000
0.31305000 0.12900001 9.86805100
0.31305000 0.12900001 9.86805100
0.30795002 0.13095000 9.86805100
0.30405003 0.13605000 9.87300000
0.30600002 0.13095000 9.86595100
0.31305000 0.13605000 9.86595100
0.30105000 0.13800001 9.86805100
0.30105000 0.12600000 9.87300000
0.30105000 0.13605000 9.87000100
0.30405003 0.13095000 9.87000100
0.31095000 0.13305001 9.86805100
0.30405003 0.12900001 9.87000100
0.31305000 0.13095000 9.87000100
0.30795002 0.12600000 9.87795100
0.30795002 0.13095000 9.86805100
0.30795002 0.13095000 9.86805100
0.30105000 0.13095000 9.88200100
0.30795002 0.12405001 9.87300000
0.30405003 0.12900001 9.86805100
0.31095000 0.13305001 9.86295000
0.31095000 0.13305001 9.86295000
0.31305000 0.12600000 9.87495000
0.30600002 0.13095000 9.86805100
0.30405003 0.13605000 9.87495000
0.30105000 0.12900001 9.87795100
0.30600002 0.14100000 9.87300000
0.31095000 0.14505000 9.86295000
0.31305000 0.15300001 9.86805100
0.31305000 0.16005000 9.88200100
0.29895002 0.13605000 9.86805100
0.30795002 0.13305001 9.87000100
0.30795002 0.13305001 9.87000100
0.31095000 0.13305001 9.87000100
0.30795002 0.13095000 9.87495000
0.30795002 0.13095000 9.87495000
0.30795002 0.12600000 9.87300000
0.30795002 0.12600000 9.87300000
0.30105000 0.13095000 9.87300000
0.31095000 0.12900001 9.87300000
0.30405003 0.13305001 9.87300000
0.31095000 0.13605000 9.87300000
0.30600002 0.13305001 9.87495000
0.30600002 0.14805001 9.87495000
0.30795002 0.14505000 9.87495000
0.30795002 0.14505000 9.87495000
0.30405003 0.13305001 9.87000100
0.30600002 0.13800001 9.86595100
0.30600002 0.13305001 9.86805100
0.30405003 0.15000000 9.87495000
0.30405003 0.14505000 9.86805100
0.31095000 0.13305001 9.86805100
0.29595003 0.14295001 9.87000100
0.30795002 0.14295001 9.87795100
0.30405003 0.15000000 9.87300000
0.31095000 0.13800001 9.87495000
0.31095000 0.13800001 9.87495000
0.29895002 0.14295001 9.86295000
0.30405003 0.14805001 9.87300000
0.31305000 0.14100000 9.87495000
0.31095000 0.14295001 9.87000100
0.31095000 0.14295001 9.87000100
0.30795002 0.14100000 9.87000100
0.30600002 0.13305001 9.87000100
0.30105000 0.14295001 9.87495000
0.30795002 0.13800001 9.86805100
0.30795002 0.14295001 9.87495000
0.30795002 0.14295001 9.87495000
0.30405003 0.14100000 9.87495000
0.30600002 0.14100000 9.87495000
0.30600002 0.14100000 9.87495000
0.31095000 0.12405001 9.86805100
0.30600002 0.13605000 9.86805100
0.31800002 0.13605000 9.87300000
0.29400000 0.14805001 9.87495000
0.29400000 0.14805001 9.87495000
0.30795002 0.14505000 9.86295000
0.29595003 0.12900001 9.87495000
0.30405003 0.15705001 9.87795100
0.30600002 0.15300001 9.86805100
0.30600002 0.15300001 9.86805100
0.30405003 0.15000000 9.87495000
0.31305000 0.14805001 9.87795100
0.30600002 0.16500000 9.86595100
0.30600002 0.16500000 9.86595100
0.30795002 0.14505000 9.87000100
0.30600002 0.14505000 9.87300000
0.29595003 0.13305001 9.87795100
0.30795002 0.13305001 9.87495000
0.30600002 0.14100000 9.86295000
0.30105000 0.13800001 9.87000100
0.30105000 0.13800001 9.87000100
0.30105000 0.14295001 9.87300000
0.30600002 0.13605000 9.87300000
0.30600002 0.13305001 9.87795100
0.31095000 0.13800001 9.86595100
0.30795002 0.13605000 9.86595100
0.31095000 0.13095000 9.86805100
0.31095000 0.13305001 9.88005100
0.30105000 0.12900001 9.86805100
0.31305000 0.13605000 9.88005100
0.30795002 0.12105001 9.86805100
0.30795002 0.13605000 9.87300000
0.30795002 0.13605000 9.87300000
0.29400000 0.14100000 9.86805100
0.30795002 0.14100000 9.86295000
0.29895002 0.14295001 9.87300000
0.30105000 0.13605000 9.87300000
0.30105000 0.13605000 9.87300000
0.30795002 0.14100000 9.87495000
0.29595003 0.13605000 9.86295000
0.30795002 0.13800001 9.86805100
0.30795002 0.14295001 9.87000100
0.30405003 0.14805001 9.86595100
0.30795002 0.14100000 9.86595100
0.30795002 0.13095000 9.87795100
0.30600002 0.13605000 9.87000100
0.30600002 0.14100000 9.86595100
0.30600002 0.14100000 9.86595100
0.30600002 0.14100000 9.87495000
0.30600002 0.14505000 9.86805100
0.30405003 0.13605000 9.87795100
0.30600002 0.13605000 9.86805100
0.30405003 0.14100000 9.87000100
0.30405003 0.13095000 9.87795100
0.31095000 0.14295001 9.87495000
0.30105000 0.13800001 9.86295000
0.30600002 0.14505000 9.87300000
0.30105000 0.13605000 9.87300000
0.30795002 0.14295001 9.87000100
0.29595003 0.14100000 9.87495000
0.31095000 0.14805001 9.87000100
0.30795002 0.13095000 9.87000100
0.31095000 0.13605000 9.86805100
0.30405003 0.13800001 9.87495000
0.30405003 0.13305001 9.87795100
0.31095000 0.13095000 9.87300000
0.30600002 0.15000000 9.87795100
0.30795002 0.13305001 9.87000100
0.30795002 0.13305001 9.87000100
0.30405003 0.14295001 9.86805100
0.30405003 0.12900001 9.87000100
0.31500003 0.12900001 9.87000100
0.31095000 0.13095000 9.86595100
0.30405003 0.16500000 9.86805100
0.30600002 0.14100000 9.86805100
0.30105000 0.13605000 9.86295000
0.31095000 0.13800001 9.86805100
0.30405003 0.13305001 9.87795100
0.30405003 0.13305001 9.87795100
0.31305000 0.13800001 9.87300000
0.30105000 0.13095000 9.86595100
0.30105000 0.13095000 9.86595100
0.30795002 0.13305001 9.88200100
0.31305000 0.13605000 9.87495000
0.30795002 0.13800001 9.87300000
0.30600002 0.13605000 9.87495000
0.31095000 0.13605000 9.87000100
0.30600002 0.13305001 9.87300000
0.30600002 0.12900001 9.87000100
0.30600002 0.13305001 9.87495000
0.30795002 0.13095000 9.87000100
0.30795002 0.13305001 9.86805100
0.30600002 0.13800001 9.86295000
0.30600002 0.13800001 9.86295000
0.30405003 0.13605000 9.86805100
0.31095000 0.12405001 9.86295000
0.30600002 0.12900001 9.87795100
0.31305000 0.13095000 9.86100000
0.30795002 0.13095000 9.86595100
0.31095000 0.13305001 9.87300000
0.31095000 0.13305001 9.87300000
0.30105000 0.13605000 9.87000100
0.30600002 0.14100000 9.88005100
0.30600002 0.14100000 9.88005100
0.31095000 0.12405001 9.86805100
0.31500003 0.13095000 9.86595100
0.31500003 0.13095000 9.86595100
0.30405003 0.12900001 9.88005100
0.31095000 0.13305001 9.87000100
0.31095000 0.13095000 9.86805100
0.30405003 0.13800001 9.88005100
0.31095000 0.13095000 9.86805100
0.30795002 0.13095000 9.87300000
0.31095000 0.13095000 9.87000100
0.30105000 0.12900001 9.86805100
0.31095000 0.13095000 9.87000100
0.30405003 0.13800001 9.87495000
0.31095000 0.13305001 9.86805100
0.30105000 0.14100000 9.86805100
0.30795002 0.13800001 9.87000100
0.31305000 0.13095000 9.86595100
0.30105000 0.13800001 9.87795100
0.31095000 0.13800001 9.87795100
0.30405003 0.12600000 9.87795100
0.30795002 0.12900001 9.87300000
0.30405003 0.12900001 9.87495000
0.30795002 0.13095000 9.87795100
0.30405003 0.13305001 9.87300000
0.30795002 0.13305001 9.87000100
0.30600002 0.13305001 9.87300000
0.30405003 0.13605000 9.86805100
0.31095000 0.13305001 9.87000100
0.30405003 0.13095000 9.87795100
0.30405003 0.13095000 9.87300000
0.31095000 0.13095000 9.87300000
0.30795002 0.12405001 9.87000100
0.30405003 0.13095000 9.88500000
0.30795002 0.13095000 9.87495000
0.29895002 0.12600000 9.87000100
0.30600002 0.12600000 9.86595100
0.30405003 0.12600000 9.86595100
0.30600002 0.12105001 9.87000100
0.30105000 0.13095000 9.87300000
0.30600002 0.12105001 9.86805100
0.30600002 0.12900001 9.87795100
0.30600002 0.12105001 9.87000100
0.30405003 0.13095000 9.86595100
0.30405003 0.13305001 9.87300000
0.30405003 0.12900001 9.87795100
0.30105000 0.12105001 9.87000100
0.31095000 0.14295001 9.88200100
0.31095000 0.14295001 9.88200100
0.30600002 0.13095000 9.87495000
0.30795002 0.12600000 9.87300000
0.30600002 0.12105001 9.87000100
0.31095000 0.12105001 9.87495000
0.30105000 0.12900001 9.86805100
0.30600002 0.13095000 9.87000100
0.31095000 0.12405001 9.87495000
0.31095000 0.12600000 9.87300000
0.30795002 0.12900001 9.86805100
0.31095000 0.12405001 9.87000100
0.31305000 0.12105001 9.86295000
0.30795002 0.12105001 9.87300000
0.31095000 0.12405001 9.86100000
0.30105000 0.13095000 9.87495000
0.30105000 0.13095000 9.87495000
0.31095000 0.12900001 9.87795100
0.30795002 0.12900001 9.86595100
0.30795002 0.12405001 9.87495000
0.30600002 0.12900001 9.86805100
0.31095000 0.13095000 9.86595100
0.31095000 0.13095000 9.86595100
0.30405003 0.13305001 9.87000100
0.30405003 0.12600000 9.87495000
0.30405003 0.12405001 9.85905100
0.30600002 0.12900001 9.86805100
0.30795002 0.11205000 9.87795100
0.30105000 0.12900001 9.86595100
0.30600002 0.12900001 9.86805100
0.30795002 0.12900001 9.87000100
0.30795002 0.12900001 9.87000100
0.30405003 0.11895001 9.87000100
0.30405003 0.13095000 9.86595100
0.30795002 0.11895001 9.87300000
0.30405003 0.13095000 9.87300000
0.30600002 0.12405001 9.87495000
0.30105000 0.12900001 9.86295000
0.30600002 0.12900001 9.86805100
0.30600002 0.13095000 9.87795100
0.30600002 0.12105001 9.87300000
0.30600002 0.12105001 9.87300000
0.30600002 0.12600000 9.86805100
0.29595003 0.12900001 9.87300000
0.30600002 0.13800001 9.86805100
0.30600002 0.13305001 9.87300000
0.30795002 0.12405001 9.86595100
0.30405003 0.12600000 9.87000100
0.30405003 0.13305001 9.86595100
0.30105000 0.12600000 9.87795100
0.30105000 0.12600000 9.87795100
0.30600002 0.12600000 9.86595100
0.30600002 0.12405001 9.86805100
0.30600002 0.12405001 9.86805100
0.30405003 0.12105001 9.87000100
0.31500003 0.12600000 9.87495000
0.30405003 0.12405001 9.87000100
0.30405003 0.13095000 9.87300000
0.30405003 0.11895001 9.87000100
0.30105000 0.12600000 9.86805100
0.30105000 0.12600000 9.86805100
0.30600002 0.12600000 9.86595100
0.31095000 0.13095000 9.87795100
0.30600002 0.13095000 9.87000100
0.29595003 0.12405001 9.87795100
0.30105000 0.12105001 9.87300000
0.30405003 0.13605000 9.86805100
0.30405003 0.12405001 9.86595100
0.30795002 0.12600000 9.87495000
0.30105000 0.12900001 9.87495000
0.30600002 0.12600000 9.87000100
0.31095000 0.12405001 9.87000100
0.30405003 0.12900001 9.86295000
0.31095000 0.12105001 9.86805100
0.30795002 0.12600000 9.87795100
0.30405003 0.12900001 9.87495000
0.30405003 0.12900001 9.87495000
0.30795002 0.12600000 9.87795100
0.30405003 0.12900001 9.87300000
0.30795002 0.13095000 9.87495000
0.30795002 0.13095000 9.87495000
0.30600002 0.12900001 9.86595100
0.30795002 0.12600000 9.87795100
0.30795002 0.12600000 9.87795100
0.30795002 0.13305001 9.87000100
0.30600002 0.12600000 9.87000100
0.31095000 0.12900001 9.87300000
0.30795002 0.13305001 9.86805100
0.31500003 0.13305001 9.87495000
0.30795002 0.14295001 9.86595100
0.30795002 0.14295001 9.86595100
0.31305000 0.12900001 9.87300000
0.30405003 0.13605000 9.87300000
0.29895002 0.14505000 9.87000100
0.29895002 0.14505000 9.87000100
0.30600002 0.13095000 9.87300000
0.30405003 0.12600000 9.86805100
0.30405003 0.12600000 9.86805100
0.30405003 0.13305001 9.87495000
0.29895002 0.13305001 9.88005100
0.30405003 0.12405001 9.88005100
0.30600002 0.12900001 9.87000100
0.31095000 0.13305001 9.87795100
0.30105000 0.13305001 9.87300000
0.31095000 0.13095000 9.87495000
0.30795002 0.13095000 9.87300000
0.30600002 0.12405001 9.87000100
0.30600002 0.12405001 9.87000100
0.30105000 0.12600000 9.86805100
0.30600002 0.13305001 9.87300000
0.31095000 0.12900001 9.88200100
0.30600002 0.12900001 9.86805100
0.30600002 0.12900001 9.86805100
0.30795002 0.12900001 9.88200100
0.29205000 0.12105001 9.87795100
0.30405003 0.11895001 9.87300000
0.31095000 0.12900001 9.87000100
0.30405003 0.13095000 9.87000100
0.30600002 0.12600000 9.87495000
0.30600002 0.11895001 9.87300000
0.30795002 0.12900001 9.87300000
0.30405003 0.13305001 9.87000100
0.30600002 0.12900001 9.86805100
0.30600002 0.12900001 9.86805100
0.30105000 0.12105001 9.87000100
0.30795002 0.13095000 9.87495000
0.29595003 0.13605000 9.86295000
0.31095000 0.12105001 9.88005100
0.30795002 0.12900001 9.86595100
0.30795002 0.12900001 9.86595100
0.31095000 0.12600000 9.87300000
0.30105000 0.13800001 9.86805100
0.30405003 0.13095000 9.86595100
0.30600002 0.12105001 9.86595100
0.31095000 0.12600000 9.86595100
0.31095000 0.12600000 9.86595100
0.30105000 0.12405001 9.87795100
0.30600002 0.12105001 9.86295000
0.29895002 0.13305001 9.87495000
0.29895002 0.13305001 9.87495000
0.30405003 0.12405001 9.86295000
0.30600002 0.13095000 9.87000100
0.29895002 0.12900001 9.87495000
0.30105000 0.12600000 9.87000100
0.29595003 0.12405001 9.87795100
0.30105000 0.13305001 9.87000100
0.29595003 0.13095000 9.86805100
0.30795002 0.12600000 9.87495000
0.30105000 0.12600000 9.86805100
0.31305000 0.12405001 9.87000100
0.31305000 0.12405001 9.87000100
0.30600002 0.13095000 9.86595100
0.31095000 0.13800001 9.87300000
0.31095000 0.13305001 9.86595100
0.30600002 0.13800001 9.87495000
0.30600002 0.13800001 9.87495000
0.30600002 0.13605000 9.86805100
0.31095000 0.12600000 9.88005100
0.30795002 0.13305001 9.87000100
0.30405003 0.13095000 9.87300000
0.30405003 0.13095000 9.87300000
0.31095000 0.13800001 9.87300000
0.29205000 0.13305001 9.88005100
0.31305000 0.13095000 9.86595100
0.30405003 0.12900001 9.86805100
0.30600002 0.13305001 9.86595100
0.30600002 0.13605000 9.87495000
0.31095000 0.12900001 9.88200100
0.30405003 0.13095000 9.87495000
0.30405003 0.13095000 9.87495000
0.30405003 0.12900001 9.87795100
0.30795002 0.13095000 9.87300000
0.30105000 0.13305001 9.87495000
0.30405003 0.13095000 9.86805100
0.30405003 0.13800001 9.86595100
0.30600002 0.12600000 9.87495000
0.30405003 0.13605000 9.86595100
0.30405003 0.13305001 9.87300000
0.30405003 0.13305001 9.87300000
0.30600002 0.12600000 9.86805100
0.30600002 0.13095000 9.86595100
0.31500003 0.13305001 9.87000100
0.30600002 0.12900001 9.87000100
0.30600002 0.13095000 9.86595100
0.30600002 0.13095000 9.87000100
0.30405003 0.13800001 9.86100000
0.30600002 0.13605000 9.86595100
0.30405003 0.12900001 9.86805100
0.30600002 0.12600000 9.87000100
0.30795002 0.13605000 9.87000100
0.30795002 0.13095000 9.87000100
0.30105000 0.13305001 9.87495000
0.30405003 0.12900001 9.86595100
0.30405003 0.12600000 9.87000100
0.31095000 0.13605000 9.86595100
0.29400000 0.12600000 9.87300000
0.29400000 0.12600000 9.87300000
0.30105000 0.12900001 9.87300000
0.30105000 0.13305001 9.87300000
0.30105000 0.13305001 9.87300000
0.30405003 0.12900001 9.87300000
0.31095000 0.12600000 9.87000100
0.30405003 0.12900001 9.86805100
0.31305000 0.12900001 9.86805100
0.30795002 0.12600000 9.86595100
0.31095000 0.13095000 9.87300000
0.31095000 0.13095000 9.87300000
0.31305000 0.13605000 9.87495000
0.30405003 0.12405001 9.87795100
0.30600002 0.13800001 9.86595100
0.30795002 0.12405001 9.87300000
0.30600002 0.12900001 9.87000100
0.30405003 0.13095000 9.87495000
0.31095000 0.13305001 9.87000100
0.30600002 0.12405001 9.87300000
0.30405003 0.12900001 9.87795100
0.30600002 0.13305001 9.87300000
0.31305000 0.12405001 9.87000100
0.30105000 0.12900001 9.87495000
0.30795002 0.12900001 9.87495000
0.31305000 0.12600000 9.86805100
0.30600002 0.13095000 9.87300000
0.30405003 0.13305001 9.86295000
0.30600002 0.12900001 9.87300000
0.30105000 0.13305001 9.86595100
0.30405003 0.12900001 9.87495000
0.30600002 0.13095000 9.87000100
0.30600002 0.13095000 9.86805100
0.30600002 0.13095000 9.86805100
0.30405003 0.12600000 9.86805100
0.30795002 0.12900001 9.87300000
0.30600002 0.13305001 9.86595100
0.30600002 0.13605000 9.86100000
0.30600002 0.13095000 9.87495000
0.31305000 0.12105001 9.87000100
0.30405003 0.13605000 9.86805100
0.31305000 0.12900001 9.87495000
0.30105000 0.13305001 9.86595100
0.30600002 0.12405001 9.86295000
0.30105000 0.12105001 9.86100000
0.30105000 0.13605000 9.86805100
0.30105000 0.13605000 9.86805100
0.30105000 0.13095000 9.86595100
0.30405003 0.12405001 9.85905100
0.30105000 0.12105001 9.87495000
0.30405003 0.13095000 9.87495000
0.30405003 0.13095000 9.87495000
0.31305000 0.12600000 9.86805100
0.30405003 0.12900001 9.86805100
0.31095000 0.12600000 9.87300000
0.30600002 0.12900001 9.86805100
0.31305000 0.12405001 9.87000100
0.30405003 0.12600000 9.87000100
0.30105000 0.12405001 9.86805100
0.31305000 0.12600000 9.87300000
0.31095000 0.13095000 9.85905100
0.30600002 0.13095000 9.86805100
0.31500003 0.13095000 9.87000100
0.31305000 0.12405001 9.87300000
0.30600002 0.12405001 9.86595100
0.30600002 0.12405001 9.86595100
0.30795002 0.13095000 9.87495000
0.30795002 0.12600000 9.88005100
0.30405003 0.12405001 9.87000100
0.31095000 0.13305001 9.87000100
0.30795002 0.12600000 9.87000100
0.30795002 0.12600000 9.87000100
0.30405003 0.12105001 9.87300000
0.30105000 0.12600000 9.87300000
0.30105000 0.12105001 9.87000100
0.30795002 0.12405001 9.86295000
0.30600002 0.13305001 9.86100000
0.30600002 0.13305001 9.86100000
0.30105000 0.12900001 9.86595100
0.30600002 0.13095000 9.87300000
0.30405003 0.13305001 9.87000100
0.30405003 0.12900001 9.86805100
0.30795002 0.12600000 9.87000100
0.30795002 0.12600000 9.87000100
0.30600002 0.13605000 9.87000100
0.31305000 0.13305001 9.87000100
0.30600002 0.12600000 9.86805100
0.31305000 0.12900001 9.86295000
0.30600002 0.12105001 9.87300000
0.30600002 0.12105001 9.87300000
0.30795002 0.13605000 9.87000100
0.31095000 0.12900001 9.87300000
0.31095000 0.12900001 9.87300000
0.29595003 0.12600000 9.87000100
0.30405003 0.12600000 9.87300000
0.30405003 0.13305001 9.87300000
0.30105000 0.13095000 9.86295000
0.30795002 0.12105001 9.87495000
0.30795002 0.12105001 9.87495000
0.29895002 0.12900001 9.86595100
0.30600002 0.13095000 9.86595100
0.31800002 0.12900001 9.87000100
0.30600002 0.12105001 9.86595100
0.30405003 0.12900001 9.87300000
0.31305000 0.12900001 9.87300000
0.30795002 0.13095000 9.86805100
0.30105000 0.13095000 9.87000100
0.30105000 0.13095000 9.87000100
0.30795002 0.12900001 9.86805100
0.30600002 0.12105001 9.87795100
0.30105000 0.12600000 9.86100000
0.31500003 0.12900001 9.87495000
0.30405003 0.12900001 9.87300000
0.30105000 0.12900001 9.86805100
0.30795002 0.12105001 9.86595100
0.30600002 0.12105001 9.86805100
0.30105000 0.12900001 9.87300000
0.30105000 0.12900001 9.88005100
0.30105000 0.12900001 9.88005100
0.31095000 0.12405001 9.88005100
0.30105000 0.13095000 9.87495000
0.31305000 0.12105001 9.87000100
0.30795002 0.11895001 9.87795100
0.31800002 0.12405001 9.87300000
0.31800002 0.12405001 9.87300000
0.30105000 0.13305001 9.86100000
0.30795002 0.12105001 9.88005100
0.31305000 0.12600000 9.87300000
0.30600002 0.12900001 9.87300000
0.30600002 0.12900001 9.87300000
0.30795002 0.12405001 9.87495000
0.31095000 0.13605000 9.87300000
0.30600002 0.12900001 9.86595100
0.31500003 0.12900001 9.86805100
0.30795002 0.12900001 9.88005100
0.30795002 0.12900001 9.88005100
0.30405003 0.12405001 9.86595100
0.29895002 0.13305001 9.87000100
0.29895002 0.13305001 9.87000100
0.31500003 0.13305001 9.87495000
0.30405003 0.12600000 9.87000100
0.30105000 0.12600000 9.87795100
0.30405003 0.12900001 9.86805100
0.30600002 0.13305001 9.87000100
0.30600002 0.12900001 9.87300000
0.30405003 0.12600000 9.86805100
0.30600002 0.13095000 9.86805100
0.30105000 0.12900001 9.86595100
0.30600002 0.12105001 9.87300000
0.30600002 0.12105001 9.87300000
0.29595003 0.12900001 9.87495000
0.30795002 0.13305001 9.87795100
0.30795002 0.12105001 9.86595100
0.30405003 0.13605000 9.86805100
0.31305000 0.12900001 9.87300000
0.31305000 0.12900001 9.87300000
0.31500003 0.12900001 9.86100000
0.30600002 0.12900001 9.87300000
0.30600002 0.12105001 9.86100000
0.31500003 0.13095000 9.87300000
0.31095000 0.12900001 9.87300000
0.30600002 0.13605000 9.87300000
0.31095000 0.12600000 9.87000100
0.30405003 0.12600000 9.86595100
0.31500003 0.12405001 9.87300000
0.31800002 0.12405001 9.87495000
0.30405003 0.13305001 9.87300000
0.30795002 0.12105001 9.86805100
0.30600002 0.12600000 9.87000100
0.30105000 0.12600000 9.87300000
0.31305000 0.12900001 9.85905100
0.31305000 0.12900001 9.85905100
0.30600002 0.12405001 9.86295000
0.30795002 0.12900001 9.87795100
0.31095000 0.11895001 9.87495000
0.30105000 0.12900001 9.86295000
0.31095000 0.12900001 9.87000100
0.29895002 0.12900001 9.87000100
0.30105000 0.13305001 9.86805100
0.30795002 0.12600000 9.87495000
0.31095000 0.12900001 9.86805100
0.30600002 0.12600000 9.87000100
0.30405003 0.13095000 9.87795100
0.30105000 0.12900001 9.86295000
0.30600002 0.12105001 9.86805100
0.30600002 0.12105001 9.86805100
0.30795002 0.12405001 9.86100000
0.30600002 0.12900001 9.87495000
0.30405003 0.13095000 9.87000100
0.30600002 0.13095000 9.87795100
0.30600002 0.13095000 9.87795100
0.30405003 0.13095000 9.86295000
0.30795002 0.13095000 9.87495000
0.30795002 0.13605000 9.86595100
0.30600002 0.13605000 9.87795100
0.30600002 0.13605000 9.87795100
0.30600002 0.12900001 9.87495000
0.30600002 0.12900001 9.87300000
0.30105000 0.13095000 9.86295000
0.30405003 0.12900001 9.87000100
0.30795002 0.12600000 9.87300000
0.30600002 0.13095000 9.87300000
0.29595003 0.12105001 9.86805100
0.30600002 0.13305001 9.87495000
0.30795002 0.12600000 9.88005100
0.31500003 0.12405001 9.86295000
0.31500003 0.12405001 9.86295000
0.30600002 0.12600000 9.87000100
0.30795002 0.13095000 9.87300000
0.30795002 0.12900001 9.86805100
0.30795002 0.12900001 9.86805100
0.30405003 0.12900001 9.87300000
0.31095000 0.13305001 9.86805100
0.31305000 0.13605000 9.86805100
0.31305000 0.13605000 9.86805100
0.30795002 0.12900001 9.87495000
0.31095000 0.13605000 9.86805100
0.30405003 0.13095000 9.87300000
0.30105000 0.12405001 9.87300000
0.30105000 0.12405001 9.87300000
0.30105000 0.12600000 9.87000100
0.31305000 0.12105001 9.87000100
0.31305000 0.12105001 9.87000100
0.30600002 0.13095000 9.86595100
0.31095000 0.11895001 9.87795100
0.31305000 0.12600000 9.87495000
0.30105000 0.12900001 9.87300000
0.31305000 0.12900001 9.88200100
0.29895002 0.12900001 9.86100000
0.30600002 0.12600000 9.87495000
0.31500003 0.12105001 9.86805100
0.31500003 0.12105001 9.86805100
0.30795002 0.12900001 9.86805100
0.30405003 0.12405001 9.86805100
0.30600002 0.12600000 9.87000100
0.29895002 0.13095000 9.87300000
0.30405003 0.12600000 9.87300000
0.29895002 0.12105001 9.86595100
0.29895002 0.12105001 9.86595100
0.31305000 0.13305001 9.87300000
0.30105000 0.12405001 9.87300000
0.30795002 0.13095000 9.87795100
0.31095000 0.12600000 9.87000100
0.30795002 0.12405001 9.88005100
0.30600002 0.13095000 9.86805100
0.30600002 0.12900001 9.88005100
0.29895002 0.13095000 9.87000100
0.30600002 0.13095000 9.87000100
0.30795002 0.12600000 9.86805100
0.30405003 0.12600000 9.87795100
0.31095000 0.13605000 9.87000100
0.30600002 0.12600000 9.86805100
0.30795002 0.11895001 9.87495000
0.30795002 0.14100000 9.87495000
0.30795002 0.14100000 9.87495000
0.30600002 0.12405001 9.86100000
0.30600002 0.13305001 9.87795100
0.30405003 0.14100000 9.87795100
0.31095000 0.12600000 9.86805100
0.30795002 0.12600000 9.87495000
0.30795002 0.12600000 9.87495000
0.30600002 0.14505000 9.87495000
0.31095000 0.12900001 9.87300000
0.30795002 0.13605000 9.87795100
0.30105000 0.13095000 9.87300000
0.31095000 0.12600000 9.86805100
0.30405003 0.12600000 9.87300000
0.31305000 0.13095000 9.87000100
0.30405003 0.12900001 9.87300000
0.31095000 0.13305001 9.87300000
0.30600002 0.13305001 9.87495000
0.31095000 0.13305001 9.86595100
0.31095000 0.13305001 9.86595100
0.31500003 0.13095000 9.87000100
0.30105000 0.13095000 9.87000100
0.30795002 0.13095000 9.87300000
0.30405003 0.13800001 9.86805100
0.31095000 0.12900001 9.86805100
0.30600002 0.13800001 9.87300000
0.31305000 0.12105001 9.87795100
0.31305000 0.12105001 9.87795100
0.31305000 0.12105001 9.87300000
0.30405003 0.13095000 9.86805100
0.30795002 0.13095000 9.86100000
0.29895002 0.13305001 9.87495000
0.30795002 0.12600000 9.86805100
0.30600002 0.13605000 9.87495000
0.30600002 0.13605000 9.87495000
0.30795002 0.12900001 9.86805100
0.30405003 0.13095000 9.87795100
0.30405003 0.13095000 9.87300000
0.29895002 0.12600000 9.87000100
0.30600002 0.12900001 9.87000100
0.30795002 0.12900001 9.87000100
0.30795002 0.12900001 9.87000100
0.31500003 0.12900001 9.86100000
0.29895002 0.13095000 9.86295000
0.29895002 0.13095000 9.86295000
0.31095000 0.12405001 9.87000100
0.31095000 0.12405001 9.87000100
0.30105000 0.12900001 9.86595100
0.30105000 0.12900001 9.86595100
0.30405003 0.12600000 9.87795100
0.30405003 0.13095000 9.87000100
0.30405003 0.13095000 9.87000100
0.30600002 0.12900001 9.86805100
0.31095000 0.13605000 9.87000100
0.31095000 0.13305001 9.88200100
0.31095000 0.13305001 9.88200100
0.30600002 0.12600000 9.87000100
0.31305000 0.12900001 9.87000100
0.30105000 0.13305001 9.86295000
0.30600002 0.13095000 9.87000100
0.30600002 0.12600000 9.87495000
0.30405003 0.12900001 9.87495000
0.31095000 0.13605000 9.87000100
0.30600002 0.13800001 9.87300000
0.30405003 0.12900001 9.88200100
0.30405003 0.13305001 9.86805100
0.29895002 0.13305001 9.88005100
0.30405003 0.12105001 9.86595100
0.30405003 0.12105001 9.86595100
0.31095000 0.12900001 9.87795100
0.29895002 0.12600000 9.87000100
0.30405003 0.13305001 9.87495000
0.30795002 0.13305001 9.86595100
0.30105000 0.13095000 9.87300000
0.30600002 0.12105001 9.87000100
0.30405003 0.13095000 9.87495000
0.31095000 0.12600000 9.87300000
0.30405003 0.13095000 9.87300000
0.31095000 0.13095000 9.86805100
0.31095000 0.13095000 9.86805100
0.30105000 0.12405001 9.86295000
0.30405003 0.13305001 9.88200100
0.30600002 0.12405001 9.87000100
0.30600002 0.12405001 9.87000100
0.30405003 0.13305001 9.88200100
0.30795002 0.12405001 9.87000100
0.30795002 0.12900001 9.87495000
0.30795002 0.13605000 9.88005100
0.31095000 0.13095000 9.86595100
0.30405003 0.12600000 9.86100000
0.29895002 0.13605000 9.87795100
0.30405003 0.14100000 9.87000100
0.31500003 0.13095000 9.87300000
0.30795002 0.13095000 9.86100000
0.30795002 0.13095000 9.86100000
0.30405003 0.13305001 9.88005100
0.31095000 0.13095000 9.87795100
0.31095000 0.13095000 9.87795100
0.30795002 0.12900001 9.87495000
0.30600002 0.12600000 9.86295000
0.30600002 0.12900001 9.87495000
0.30600002 0.12900001 9.87495000
0.31305000 0.13800001 9.87495000
0.30405003 0.12900001 9.86805100
0.30405003 0.12900001 9.86805100
0.30105000 0.13305001 9.86595100
0.30600002 0.13800001 9.87795100
0.30405003 0.12900001 9.87495000
0.30600002 0.12600000 9.86295000
0.30405003 0.12600000 9.88005100
0.30405003 0.13800001 9.87300000
0.31305000 0.12405001 9.86805100
0.30405003 0.12900001 9.87300000
0.29895002 0.13095000 9.87000100
0.29895002 0.13095000 9.87000100
0.31095000 0.13095000 9.87795100
0.30600002 0.13095000 9.87795100
0.30405003 0.13605000 9.87495000
0.30795002 0.13305001 9.87495000
0.30795002 0.13305001 9.87495000
0.29895002 0.13095000 9.87795100
0.30795002 0.13305001 9.87495000
0.30405003 0.12900001 9.87000100
0.30405003 0.13605000 9.86805100
0.30405003 0.12405001 9.87495000
0.30405003 0.12405001 9.87495000
0.30600002 0.13305001 9.87300000
0.30600002 0.13095000 9.87495000
0.30795002 0.12900001 9.87495000
0.30105000 0.13095000 9.87300000
0.30795002 0.12405001 9.87495000
0.31500003 0.13605000 9.86805100
0.30600002 0.13095000 9.87495000
0.30405003 0.13095000 9.87000100
0.30600002 0.13305001 9.87000100
0.30600002 0.13305001 9.87000100
0.30405003 0.12600000 9.87000100
0.30600002 0.11895001 9.87495000
0.30600002 0.12600000 9.87000100
0.30600002 0.12105001 9.87300000
0.30105000 0.12900001 9.87300000
0.30405003 0.13095000 9.87300000
0.31095000 0.12405001 9.87000100
0.30600002 0.13095000 9.87000100
0.30600002 0.13095000 9.87000100
0.30405003 0.12105001 9.87495000
0.30405003 0.12900001 9.87300000
0.30105000 0.12405001 9.86595100
0.28905000 0.13605000 9.87795100
0.30405003 0.13605000 9.87000100
0.30405003 0.12405001 9.86295000
0.30405003 0.12405001 9.86295000
0.31095000 0.13095000 9.87300000
0.30600002 0.13095000 9.88005100
0.29895002 0.14295001 9.87495000
0.30600002 0.12900001 9.86805100
0.30600002 0.12900001 9.86805100
0.30600002 0.13095000 9.86595100
0.30795002 0.12105001 9.87300000
0.31095000 0.12900001 9.86295000
0.31095000 0.12900001 9.86295000
0.30795002 0.12600000 9.88200100
0.30405003 0.12900001 9.86295000
0.30795002 0.12600000 9.88200100
0.29895002 0.12600000 9.87300000
0.29895002 0.12600000 9.87300000
0.30105000 0.13305001 9.87000100
0.30405003 0.13095000 9.87795100
0.30405003 0.13800001 9.87000100
0.30405003 0.12600000 9.87795100
0.30795002 0.12105001 9.87300000
0.29595003 0.13605000 9.87300000
0.30105000 0.11700001 9.87300000
0.30405003 0.13095000 9.87495000
0.31095000 0.12600000 9.87495000
0.30795002 0.13095000 9.87495000
0.30795002 0.13095000 9.87495000
0.30600002 0.13095000 9.85905100
0.30600002 0.12405001 9.87300000
0.30600002 0.13095000 9.86805100
0.30405003 0.12600000 9.87495000
0.30405003 0.12600000 9.87495000
0.30105000 0.13605000 9.87795100
0.31305000 0.13800001 9.87300000
0.30105000 0.13305001 9.87795100
0.30795002 0.13605000 9.87300000
0.30105000 0.13305001 9.87300000
0.30795002 0.12900001 9.87495000
0.30405003 0.13305001 9.87795100
0.30405003 0.13605000 9.87000100
0.30405003 0.13305001 9.87300000
0.30600002 0.13305001 9.86100000
0.30405003 0.13305001 9.87000100
0.30405003 0.13305001 9.87000100
0.30405003 0.13095000 9.87495000
0.30795002 0.12900001 9.87000100
0.30405003 0.13305001 9.87000100
0.30405003 0.13305001 9.86595100
0.30405003 0.13305001 9.86595100
0.30405003 0.13800001 9.87300000
0.30105000 0.14100000 9.86100000
0.30795002 0.14805001 9.87795100
0.30795002 0.14805001 9.87795100
0.30405003 0.13305001 9.87300000
0.31095000 0.13605000 9.87000100
0.30405003 0.12405001 9.87300000
0.30405003 0.12405001 9.87300000
0.30795002 0.12405001 9.86595100
0.30405003 0.13095000 9.87300000
0.30795002 0.13800001 9.87495000
0.30795002 0.13305001 9.87300000
0.31095000 0.13800001 9.88005100
0.29595003 0.13605000 9.86595100
0.29400000 0.13305001 9.87495000
0.30795002 0.14805001 9.87795100
0.30405003 0.13095000 9.87795100
0.31095000 0.13305001 9.87300000
0.31800002 0.12405001 9.87300000
0.30600002 0.13095000 9.86805100
0.31305000 0.14100000 9.87495000
0.31095000 0.13095000 9.87495000
0.30405003 0.12900001 9.86805100
0.30105000 0.13800001 9.86595100
0.30795002 0.13095000 9.86805100
0.30795002 0.13095000 9.86805100
0.30600002 0.13095000 9.86595100
0.30405003 0.13305001 9.87495000
0.30405003 0.12600000 9.87300000
0.31500003 0.13800001 9.87495000
0.31500003 0.13800001 9.87495000
0.31305000 0.13605000 9.87300000
0.30105000 0.12405001 9.87495000
0.30600002 0.13305001 9.87300000
0.30795002 0.13095000 9.86805100
0.30105000 0.12405001 9.86595100
0.30795002 0.12405001 9.87795100
0.30405003 0.13095000 9.87795100
0.30600002 0.12900001 9.87000100
0.30600002 0.12900001 9.87000100
0.30600002 0.11895001 9.87300000
0.30405003 0.12405001 9.87000100
0.30105000 0.12105001 9.87300000
0.30105000 0.12105001 9.87300000
0.30405003 0.13095000 9.87300000
0.31500003 0.12405001 9.87000100
0.31500003 0.12405001 9.87000100
0.30600002 0.13095000 9.87495000
0.30405003 0.12405001 9.87495000
0.30600002 0.13095000 9.87495000
0.30600002 0.13305001 9.87000100
0.30600002 0.13305001 9.87000100
0.30405003 0.12600000 9.87795100
0.30105000 0.11895001 9.87000100
0.30600002 0.12900001 9.87300000
0.30105000 0.13095000 9.87000100
0.30795002 0.13095000 9.87300000
0.29895002 0.13095000 9.86805100
0.30600002 0.13095000 9.87495000
0.30795002 0.12900001 9.87300000
0.30795002 0.12900001 9.87300000
0.30600002 0.13095000 9.87300000
0.30795002 0.13605000 9.87000100
0.31095000 0.13305001 9.87795100
0.30405003 0.13095000 9.87495000
0.30405003 0.13095000 9.87495000
0.31095000 0.13305001 9.87300000
0.30405003 0.12600000 9.87300000
0.30600002 0.12405001 9.87795100
0.30600002 0.12600000 9.87495000
0.30795002 0.12105001 9.87795100
0.31500003 0.13095000 9.87495000
0.31500003 0.13095000 9.87495000
0.31095000 0.13605000 9.87000100
0.30600002 0.13800001 9.86595100
0.30600002 0.13800001 9.86595100
0.31095000 0.12900001 9.86595100
0.30600002 0.13605000 9.86595100
0.29895002 0.13095000 9.87300000
0.30105000 0.12900001 9.88005100
0.29895002 0.12900001 9.87495000
0.30600002 0.12105001 9.86805100
0.30105000 0.13095000 9.87495000
0.30405003 0.13095000 9.86805100
0.30600002 0.12900001 9.87300000
0.30600002 0.12900001 9.87300000
0.31095000 0.13095000 9.87000100
0.30795002 0.12600000 9.87795100
0.30600002 0.13800001 9.87000100
0.30600002 0.13095000 9.87300000
0.30405003 0.12900001 9.87300000
0.30795002 0.12600000 9.86805100
0.30105000 0.14100000 9.86805100
0.30600002 0.13095000 9.87795100
0.30600002 0.13095000 9.87795100
0.30795002 0.13095000 9.87795100
0.30795002 0.13095000 9.85905100
0.30600002 0.13305001 9.87300000
0.30600002 0.13095000 9.87000100
0.30600002 0.12105001 9.86595100
0.30405003 0.13095000 9.88005100
0.30600002 0.12900001 9.87000100
0.30600002 0.12405001 9.87795100
0.31095000 0.13095000 9.86595100
0.31305000 0.12600000 9.86295000
0.31305000 0.13095000 9.87000100
0.30405003 0.12405001 9.87795100
0.29595003 0.13095000 9.87000100
0.30795002 0.13095000 9.87495000
0.30405003 0.12405001 9.87795100
0.30405003 0.13095000 9.86595100
0.31500003 0.13095000 9.87495000
0.31095000 0.13305001 9.86295000
0.31305000 0.12600000 9.88005100
0.31305000 0.12600000 9.88005100
0.30795002 0.13095000 9.87795100
0.30600002 0.12600000 9.87000100
0.31095000 0.13095000 9.86805100
0.30105000 0.14100000 9.87495000
0.30405003 0.13095000 9.87300000
0.30795002 0.13800001 9.88005100
0.30405003 0.14100000 9.87000100
0.30600002 0.13095000 9.86295000
0.30600002 0.13095000 9.86295000
0.30795002 0.14505000 9.87795100
0.30405003 0.13800001 9.86805100
0.30405003 0.13095000 9.86805100
0.30405003 0.13095000 9.86805100
0.30105000 0.13605000 9.87300000
0.30105000 0.13605000 9.87300000
0.30600002 0.13800001 9.87000100
0.30795002 0.13305001 9.87300000
0.29895002 0.13800001 9.87495000
0.31095000 0.13605000 9.86805100
0.30795002 0.13095000 9.87495000
0.30795002 0.13605000 9.87300000
0.31095000 0.13605000 9.87495000
0.31305000 0.13800001 9.86595100
0.30405003 0.13605000 9.87000100
0.30600002 0.12900001 9.88005100
0.30795002 0.13095000 9.87300000
0.31095000 0.13800001 9.87300000
0.30795002 0.13095000 9.87300000
0.30795002 0.13095000 9.87300000
0.30105000 0.13605000 9.88005100
0.30405003 0.13305001 9.87000100
0.30405003 0.13305001 9.87000100
0.30405003 0.13305001 9.87000100
0.30795002 0.13800001 9.87000100
0.31095000 0.12405001 9.87795100
0.31095000 0.12105001 9.87000100
0.30105000 0.13095000 9.87300000
0.30105000 0.13095000 9.87300000
0.31305000 0.13305001 9.86595100
0.30795002 0.13605000 9.87495000
0.31095000 0.13095000 9.86805100
0.30795002 0.12600000 9.87300000
0.29895002 0.13095000 9.87300000
0.30600002 0.13305001 9.87300000
0.30600002 0.13305001 9.87300000
0.30405003 0.12600000 9.88005100
0.30600002 0.13605000 9.86295000
0.30795002 0.13095000 9.87300000
0.30405003 0.12900001 9.87795100
0.30795002 0.13605000 9.87495000
0.30600002 0.13605000 9.85905100
0.30600002 0.13305001 9.86100000
0.31095000 0.13095000 9.86805100
0.29895002 0.12900001 9.87300000
0.30405003 0.12405001 9.87495000
0.30405003 0.12600000 9.86595100
0.30795002 0.12900001 9.88200100
0.31095000 0.12900001 9.87300000
0.30105000 0.12900001 9.87300000
0.30105000 0.13095000 9.87300000
0.30600002 0.12600000 9.87000100
0.30795002 0.13095000 9.87495000
0.30795002 0.12405001 9.87000100
0.31095000 0.13095000 9.87300000
0.31095000 0.13095000 9.87300000
0.29895002 0.12105001 9.88005100
0.30600002 0.12900001 9.87795100
0.30600002 0.12900001 9.87000100
0.31500003 0.13305001 9.88005100
0.31500003 0.13305001 9.88005100
0.31305000 0.13305001 9.86805100
0.31305000 0.13305001 9.86805100
0.31095000 0.12900001 9.87300000
0.31095000 0.14100000 9.87795100
0.30795002 0.12900001 9.87000100
0.30600002 0.13605000 9.87000100
0.31095000 0.12900001 9.86295000
0.30600002 0.13305001 9.86295000
0.30600002 0.14100000 9.87495000
0.30600002 0.12900001 9.87495000
0.30405003 0.13305001 9.86595100
0.30600002 0.13605000 9.87495000
0.31095000 0.13305001 9.87795100
0.30405003 0.13605000 9.86595100
0.30405003 0.13605000 9.86595100
0.30795002 0.13095000 9.87000100
0.30405003 0.13305001 9.87300000
0.29895002 0.13605000 9.87300000
0.31095000 0.12900001 9.87495000
0.30405003 0.13305001 9.87300000
0.30405003 0.13305001 9.87300000
0.30405003 0.13605000 9.87300000
0.30405003 0.13305001 9.87000100
0.29595003 0.13305001 9.87000100
0.31305000 0.13605000 9.87000100
0.30405003 0.14100000 9.86805100
0.30795002 0.13800001 9.86595100
0.30105000 0.13800001 9.87000100
0.30405003 0.13800001 9.87795100
0.31095000 0.13800001 9.87300000
0.30600002 0.14100000 9.86805100
0.30600002 0.13800001 9.87495000
0.30600002 0.12900001 9.87300000
0.31305000 0.13095000 9.87300000
0.30405003 0.14100000 9.86805100
0.30405003 0.14100000 9.87300000
0.30105000 0.13800001 9.88005100
0.30600002 0.13800001 9.87795100
0.29595003 0.13305001 9.87000100
0.31500003 0.14505000 9.87300000
0.30105000 0.15300001 9.86805100
0.30105000 0.15300001 9.86805100
0.30405003 0.14805001 9.86595100
0.30405003 0.13800001 9.86595100
0.30600002 0.14505000 9.87000100
0.30105000 0.14505000 9.87795100
0.30105000 0.13095000 9.87300000
0.31095000 0.13605000 9.86805100
0.31305000 0.13095000 9.87300000
0.30600002 0.13305001 9.86295000
0.30600002 0.13605000 9.87000100
0.30600002 0.13605000 9.87000100
0.29895002 0.13095000 9.87300000
0.30405003 0.14100000 9.87795100
0.31095000 0.13305001 9.87495000
0.30795002 0.14100000 9.87000100
0.31095000 0.13605000 9.87495000
0.30600002 0.13095000 9.88005100
0.30795002 0.12900001 9.86805100
0.30405003 0.13305001 9.87000100
0.30795002 0.12900001 9.87000100
0.30600002 0.13095000 9.86805100
0.30795002 0.13305001 9.87000100
0.30405003 0.15000000 9.87000100
0.30795002 0.14505000 9.87000100
0.30795002 0.14505000 9.87000100
0.30105000 0.13605000 9.87495000
0.30600002 0.14100000 9.87495000
0.30600002 0.14100000 9.87495000
0.30600002 0.14295001 9.87000100
0.30795002 0.14505000 9.86100000
0.30600002 0.14505000 9.86805100
0.30405003 0.13800001 9.87795100
0.30600002 0.15300001 9.86295000
0.30405003 0.15000000 9.86805100
0.30795002 0.14295001 9.86295000
0.31800002 0.14295001 9.86295000
0.30105000 0.14805001 9.87300000
0.31305000 0.15000000 9.87000100
0.30795002 0.13605000 9.87000100
0.30105000 0.12900001 9.87300000
0.30105000 0.12900001 9.87300000
0.30795002 0.14100000 9.87795100
0.31095000 0.12900001 9.87795100
0.30600002 0.13095000 9.87795100
0.30795002 0.14505000 9.87300000
0.30105000 0.13605000 9.87495000
0.30405003 0.13095000 9.87795100
0.29895002 0.14100000 9.87495000
0.31095000 0.13305001 9.87300000
0.30600002 0.14295001 9.87300000
0.30105000 0.13095000 9.87300000
0.30795002 0.13800001 9.86595100
0.30795002 0.13800001 9.86595100
0.30600002 0.12900001 9.86295000
0.30105000 0.13305001 9.87300000
0.30795002 0.13095000 9.88005100
0.30600002 0.13095000 9.87300000
0.30405003 0.13095000 9.87000100
0.30405003 0.14100000 9.87795100
0.31800002 0.12900001 9.87495000
0.31800002 0.12900001 9.87495000
0.30795002 0.12600000 9.87495000
0.30105000 0.12900001 9.88005100
0.31095000 0.14100000 9.87000100
0.31095000 0.14100000 9.87000100
0.29595003 0.13095000 9.88005100
0.31095000 0.13305001 9.87000100
0.30105000 0.13605000 9.87300000
0.31095000 0.13305001 9.87000100
0.30600002 0.13605000 9.87495000
0.31095000 0.12405001 9.86805100
0.30405003 0.13800001 9.87495000
0.30405003 0.12900001 9.87495000
0.30105000 0.13605000 9.87495000
0.30795002 0.13305001 9.87300000
0.30105000 0.13800001 9.87300000
0.31305000 0.14505000 9.87300000
0.31305000 0.14505000 9.87300000
0.30795002 0.13305001 9.86805100
0.30405003 0.14505000 9.86805100
0.30405003 0.15000000 9.86100000
0.30105000 0.13605000 9.86805100
0.30600002 0.14505000 9.86805100
0.30795002 0.14100000 9.87000100
0.30405003 0.14805001 9.86295000
0.30600002 0.14100000 9.87300000
0.30795002 0.13605000 9.86805100
0.30405003 0.14100000 9.86805100
0.30405003 0.14100000 9.86805100
0.30600002 0.13605000 9.87300000
0.30600002 0.14295001 9.86805100
0.30600002 0.13800001 9.87495000
0.30105000 0.15495001 9.86805100
0.30405003 0.14295001 9.86595100
0.30405003 0.14295001 9.86595100
0.30795002 0.14805001 9.87000100
0.30405003 0.14100000 9.87300000
0.30600002 0.14295001 9.87300000
0.30795002 0.13605000 9.86100000
0.31095000 0.15495001 9.87000100
0.30795002 0.14505000 9.86595100
0.31305000 0.14805001 9.87300000
0.30795002 0.14295001 9.86595100
0.30600002 0.15000000 9.87000100
0.30600002 0.15000000 9.87000100
0.30600002 0.13800001 9.87000100
0.31095000 0.13800001 9.86805100
0.31095000 0.13800001 9.86805100
0.30600002 0.14805001 9.87495000
0.30405003 0.13800001 9.87300000
0.31500003 0.15000000 9.87495000
0.29205000 0.13305001 9.87795100
0.31305000 0.13095000 9.87795100
0.31500003 0.13605000 9.86805100
0.30105000 0.13095000 9.86100000
0.30105000 0.13095000 9.87495000
0.30600002 0.13305001 9.86805100
0.30405003 0.13305001 9.86805100
0.30405003 0.13305001 9.86805100
0.30795002 0.12900001 9.86295000
0.30600002 0.12900001 9.86100000
0.30105000 0.13305001 9.87495000
0.30105000 0.12600000 9.88005100
0.31305000 0.13605000 9.86805100
0.31095000 0.13305001 9.86100000
0.31095000 0.13305001 9.86100000
0.30405003 0.12900001 9.87495000
0.30405003 0.13095000 9.86805100
0.30795002 0.13605000 9.87495000
0.30795002 0.13605000 9.87495000
0.30795002 0.12900001 9.87300000
0.30600002 0.13800001 9.88005100
0.30600002 0.13605000 9.87795100
0.30600002 0.13605000 9.87795100
0.30795002 0.13095000 9.87000100
0.30405003 0.12405001 9.88005100
0.30105000 0.12900001 9.85905100
0.31095000 0.12600000 9.86595100
0.31095000 0.13095000 9.87300000
0.30795002 0.13305001 9.87300000
0.31095000 0.13605000 9.88200100
0.30600002 0.12900001 9.87000100
0.30405003 0.13095000 9.87000100
0.30795002 0.13305001 9.87300000
0.30600002 0.13605000 9.86805100
0.31095000 0.13305001 9.86805100
0.30600002 0.13095000 9.87300000
0.30795002 0.13095000 9.86805100
0.30795002 0.13095000 9.86805100
0.30795002 0.13605000 9.87300000
0.29895002 0.13305001 9.87300000
0.29895002 0.13605000 9.86805100
0.29895002 0.13605000 9.86805100
0.30105000 0.12600000 9.87000100
0.30105000 0.12600000 9.87000100
0.30795002 0.13605000 9.87795100
0.29595003 0.13800001 9.88005100
0.31095000 0.13800001 9.86595100
0.30795002 0.12600000 9.87300000
0.31095000 0.14100000 9.86805100
0.31095000 0.14100000 9.87495000
0.29895002 0.14100000 9.86295000
0.29895002 0.14100000 9.86295000
0.30600002 0.13605000 9.87300000
0.30600002 0.13800001 9.87300000
0.31095000 0.13095000 9.87300000
0.31095000 0.13605000 9.87000100
0.30795002 0.13305001 9.87300000
0.30105000 0.13095000 9.87795100
0.30405003 0.13305001 9.88005100
0.30405003 0.13305001 9.88005100
0.29895002 0.13095000 9.86805100
0.30600002 0.13800001 9.87300000
0.30795002 0.14295001 9.87495000
0.30105000 0.12600000 9.87300000
0.29400000 0.13095000 9.88200100
0.29400000 0.13095000 9.88200100
0.30600002 0.13095000 9.87000100
0.30795002 0.13305001 9.87000100
0.30600002 0.13305001 9.86805100
0.30795002 0.12900001 9.88200100
0.30405003 0.13605000 9.87300000
0.30795002 0.12900001 9.87300000
0.29895002 0.13095000 9.86805100
0.30795002 0.13605000 9.86295000
0.30405003 0.13095000 9.87000100
0.30105000 0.13800001 9.87000100
0.30405003 0.12600000 9.87300000
0.30405003 0.13605000 9.86805100
0.30405003 0.13605000 9.86100000
0.29895002 0.13605000 9.88005100
0.30600002 0.13095000 9.86595100
0.30600002 0.13095000 9.86595100
0.30105000 0.13095000 9.87000100
0.30405003 0.14295001 9.86805100
0.31095000 0.12900001 9.87795100
0.31095000 0.12900001 9.87795100
0.31095000 0.12600000 9.87300000
0.31305000 0.13305001 9.87495000
0.31305000 0.13305001 9.87495000
0.30600002 0.13095000 9.87300000
0.30105000 0.13605000 9.86595100
0.30600002 0.13800001 9.87795100
0.30405003 0.13800001 9.87000100
0.30405003 0.14295001 9.87495000
0.31305000 0.13800001 9.87300000
0.29595003 0.14505000 9.86595100
0.30600002 0.12900001 9.86595100
0.30600002 0.12900001 9.86595100
0.30795002 0.13800001 9.87495000
0.30600002 0.13800001 9.87000100
0.30105000 0.13605000 9.87000100
0.30105000 0.13605000 9.87000100
0.30795002 0.13800001 9.87000100
0.30405003 0.13095000 9.86295000
0.31305000 0.13605000 9.87300000
0.30405003 0.13605000 9.87300000
0.31305000 0.13605000 9.86595100
0.30105000 0.13605000 9.87795100
0.30105000 0.13605000 9.87795100
0.30105000 0.12405001 9.87795100
0.30795002 0.12900001 9.86595100
0.31995000 0.13305001 9.87300000
0.31095000 0.13605000 9.88200100
0.30405003 0.13605000 9.87300000
0.30795002 0.13800001 9.86805100
0.31095000 0.12900001 9.88005100
0.31095000 0.13800001 9.86295000
0.31095000 0.13800001 9.86295000
0.31305000 0.12900001 9.87300000
0.31305000 0.12900001 9.87000100
0.30105000 0.13095000 9.86805100
0.29895002 0.13605000 9.87300000
0.29895002 0.13605000 9.87300000
0.30405003 0.13095000 9.86805100
0.30600002 0.13305001 9.87795100
0.30405003 0.13800001 9.87000100
0.30600002 0.13605000 9.87300000
0.30405003 0.14100000 9.86595100
0.30405003 0.13095000 9.87795100
0.30405003 0.13095000 9.87300000
0.30405003 0.13605000 9.86805100
0.31095000 0.13095000 9.88005100
0.30405003 0.13095000 9.86805100
0.31095000 0.13800001 9.87000100
0.31095000 0.13800001 9.87000100
0.30600002 0.13605000 9.86295000
0.31095000 0.12900001 9.87000100
0.31095000 0.12405001 9.86595100
0.30405003 0.13305001 9.87795100
0.31095000 0.12600000 9.86295000
0.30795002 0.12600000 9.86805100
0.30600002 0.12105001 9.87795100
0.30105000 0.12405001 9.86295000
0.31095000 0.13305001 9.86295000
0.30105000 0.13605000 9.85905100
0.30105000 0.13605000 9.85905100
0.30600002 0.11895001 9.87300000
0.30405003 0.13305001 9.86805100
0.30105000 0.13305001 9.87000100
0.30600002 0.13305001 9.87795100
0.30405003 0.13305001 9.86595100
0.30600002 0.13800001 9.87795100
0.29895002 0.13305001 9.87000100
0.30105000 0.13095000 9.87000100
0.30600002 0.12600000 9.87795100
0.30405003 0.13095000 9.87495000
0.30405003 0.12405001 9.87300000
0.30795002 0.13800001 9.86805100
0.30795002 0.13605000 9.87000100
0.30600002 0.13800001 9.86595100
0.30600002 0.13800001 9.86595100
0.31095000 0.13605000 9.86805100
0.30600002 0.13095000 9.86805100
0.30405003 0.13305001 9.87000100
0.31500003 0.13605000 9.88005100
0.31500003 0.13605000 9.88005100
0.29895002 0.13800001 9.88500000
0.30600002 0.12405001 9.87300000
0.30600002 0.12600000 9.87000100
0.30105000 0.12600000 9.86595100
0.29895002 0.12900001 9.86595100
0.30600002 0.13305001 9.87795100
0.30795002 0.14295001 9.86295000
0.29595003 0.12900001 9.87300000
0.30405003 0.12600000 9.87000100
0.30105000 0.13305001 9.87000100
0.30795002 0.12600000 9.87495000
0.29895002 0.13605000 9.86805100
0.29895002 0.13605000 9.86805100
0.30600002 0.14100000 9.86805100
0.31095000 0.12405001 9.87495000
0.30105000 0.14295001 9.87795100
0.30105000 0.12900001 9.87495000
0.31095000 0.13095000 9.87300000
0.30795002 0.13305001 9.87300000
0.30600002 0.13305001 9.86805100
0.30600002 0.13305001 9.86805100
0.30405003 0.13305001 9.87000100
0.30600002 0.13305001 9.87795100
0.30600002 0.13305001 9.87795100
0.30405003 0.12405001 9.87300000
0.30405003 0.12600000 9.87795100
0.30600002 0.13305001 9.87000100
0.30405003 0.14100000 9.88500000
0.30405003 0.14100000 9.88500000
0.30600002 0.13095000 9.87495000
0.30405003 0.13095000 9.87795100
0.30405003 0.13605000 9.88200100
0.30405003 0.13095000 9.88005100
0.30405003 0.12600000 9.88200100
0.30105000 0.13305001 9.88500000
0.31095000 0.12405001 9.87795100
0.29595003 0.13800001 9.88695050
0.29895002 0.13305001 9.86805100
0.30600002 0.13605000 9.87000100
0.30405003 0.14295001 9.88005100
0.30405003 0.13305001 9.87495000
0.30405003 0.13605000 9.87795100
0.30405003 0.13605000 9.88005100
0.30795002 0.13305001 9.88200100
0.31095000 0.13305001 9.87000100
0.30795002 0.12600000 9.87795100
0.30600002 0.13605000 9.88200100
0.30405003 0.12600000 9.86805100
0.30405003 0.12600000 9.86805100
0.30795002 0.14295001 9.87300000
0.30600002 0.13800001 9.87795100
0.30795002 0.14295001 9.87795100
0.30405003 0.12900001 9.87300000
0.31305000 0.13095000 9.87300000
0.30600002 0.13305001 9.88005100
0.30795002 0.13605000 9.87495000
0.31305000 0.13605000 9.87495000
0.30405003 0.13605000 9.87495000
0.30405003 0.12405001 9.87795100
0.30405003 0.12405001 9.87795100
0.31305000 0.13605000 9.87300000
0.30600002 0.13605000 9.87495000
0.30405003 0.13800001 9.87495000
0.30405003 0.13605000 9.87495000
0.30795002 0.14295001 9.87300000
0.30795002 0.14295001 9.87300000
0.30600002 0.13800001 9.86805100
0.30795002 0.13605000 9.87300000
0.30405003 0.14295001 9.87495000
0.30600002 0.13605000 9.87795100
0.29895002 0.12900001 9.87300000
0.30795002 0.13800001 9.86805100
0.30795002 0.13800001 9.86805100
0.30600002 0.13305001 9.87300000
0.30795002 0.13305001 9.87495000
0.30795002 0.13305001 9.87495000
0.30795002 0.13605000 9.87000100
0.30600002 0.14505000 9.87795100
0.30600002 0.14505000 9.87795100
0.30600002 0.13305001 9.87495000
0.30600002 0.13800001 9.87495000
0.30600002 0.13800001 9.87495000
0.30600002 0.13800001 9.87495000
0.30105000 0.12900001 9.87000100
0.30405003 0.13305001 9.86805100
0.30405003 0.13095000 9.86805100
0.30795002 0.13305001 9.87000100
0.30405003 0.12600000 9.87300000
0.30600002 0.13095000 9.87000100
0.30600002 0.13095000 9.88005100
0.30105000 0.12600000 9.87495000
0.30795002 0.12900001 9.86595100
0.31095000 0.12105001 9.87300000
0.31095000 0.12105001 9.87300000
0.30600002 0.13095000 9.86805100
0.31095000 0.12900001 9.88200100
0.30600002 0.13305001 9.87000100
0.30795002 0.13605000 9.86100000
0.31095000 0.13095000 9.87495000
0.30105000 0.13095000 9.88005100
0.30600002 0.12405001 9.87000100
0.29895002 0.14295001 9.87000100
0.30795002 0.13605000 9.85905100
0.30405003 0.14100000 9.86595100
0.30600002 0.14100000 9.87795100
0.30405003 0.13605000 9.87495000
0.30105000 0.13095000 9.86295000
0.30795002 0.12900001 9.87495000
0.31500003 0.13605000 9.87000100
0.30795002 0.13305001 9.87300000
0.30105000 0.13605000 9.86595100
0.30405003 0.13305001 9.86805100
0.31305000 0.12405001 9.87300000
0.30600002 0.12900001 9.87300000
0.31305000 0.13800001 9.86805100
0.31095000 0.13095000 9.87795100
0.30105000 0.13095000 9.87495000
0.30105000 0.13305001 9.88005100
0.30105000 0.13305001 9.88005100
0.31305000 0.13095000 9.88005100
0.30405003 0.13305001 9.87795100
0.30105000 0.13305001 9.87000100
0.30795002 0.14505000 9.87000100
0.30600002 0.13095000 9.86805100
0.30795002 0.14295001 9.86100000
0.29895002 0.13605000 9.86805100
0.30795002 0.13605000 9.86805100
0.30600002 0.13800001 9.87495000
0.30795002 0.13800001 9.87795100
0.30105000 0.13605000 9.87000100
0.30600002 0.14805001 9.87495000
0.31305000 0.14100000 9.86595100
0.31305000 0.14100000 9.86595100
0.30600002 0.13800001 9.86805100
0.31095000 0.13095000 9.86595100
0.30600002 0.13095000 9.87795100
0.30600002 0.12900001 9.88005100
0.30105000 0.13800001 9.87795100
0.30600002 0.13305001 9.86805100
0.30600002 0.14805001 9.87495000
0.30405003 0.14295001 9.86295000
0.30405003 0.14295001 9.86295000
0.30600002 0.13305001 9.87000100
0.30405003 0.14505000 9.86595100
0.29595003 0.13605000 9.87000100
0.30105000 0.13305001 9.87300000
0.30600002 0.14505000 9.86100000
0.30795002 0.13800001 9.87300000
0.31095000 0.15300001 9.87000100
0.30105000 0.14100000 9.87495000
0.30405003 0.14505000 9.87495000
0.30405003 0.14505000 9.87495000
0.30600002 0.14805001 9.87300000
0.30600002 0.14805001 9.87300000
0.29595003 0.13605000 9.86805100
0.30600002 0.13305001 9.87495000
0.31095000 0.12900001 9.87300000
0.30795002 0.13305001 9.86805100
0.30795002 0.13305001 9.86805100
0.31095000 0.13305001 9.87795100
0.30405003 0.13305001 9.87000100
0.30405003 0.13305001 9.87495000
0.30600002 0.13305001 9.88005100
0.30600002 0.13800001 9.87495000
0.30600002 0.13800001 9.87495000
0.30600002 0.13305001 9.86295000
0.30600002 0.14100000 9.87000100
0.30405003 0.14100000 9.87300000
0.30105000 0.12405001 9.87300000
0.30600002 0.13095000 9.87495000
0.30600002 0.14805001 9.87000100
0.29895002 0.12405001 9.87300000
0.30600002 0.13605000 9.87495000
0.30405003 0.13305001 9.86805100
0.30600002 0.13800001 9.86595100
0.30405003 0.13305001 9.87495000
0.30795002 0.12600000 9.87495000
0.30795002 0.12600000 9.87495000
0.30405003 0.13305001 9.87495000
0.30405003 0.12405001 9.87000100
0.30600002 0.12900001 9.86805100
0.31305000 0.13305001 9.87795100
0.30405003 0.13095000 9.87300000
0.30600002 0.14295001 9.87000100
0.30600002 0.14295001 9.87000100
0.30600002 0.12900001 9.88005100
0.30600002 0.12900001 9.87000100
0.29595003 0.13800001 9.86805100
0.30405003 0.12900001 9.87300000
0.30405003 0.12900001 9.87300000
0.31305000 0.13095000 9.87300000
0.30795002 0.13605000 9.87300000
0.30405003 0.13800001 9.87495000
0.31095000 0.12900001 9.86100000
0.31305000 0.13800001 9.87300000
0.30105000 0.13605000 9.87495000
0.30405003 0.14100000 9.87495000
0.31095000 0.13605000 9.86805100
0.30105000 0.13095000 9.87000100
0.29895002 0.13605000 9.87300000
0.29595003 0.13800001 9.87300000
0.30600002 0.13605000 9.86295000
0.30600002 0.13605000 9.86295000
0.29595003 0.13605000 9.87000100
0.30795002 0.14505000 9.86805100
0.31095000 0.14100000 9.87300000
0.30795002 0.12900001 9.87300000
0.29895002 0.13605000 9.88005100
0.31095000 0.13800001 9.86805100
0.30600002 0.12900001 9.87495000
0.30795002 0.13095000 9.86295000
0.30405003 0.12405001 9.86595100
0.31305000 0.13095000 9.87300000
0.30105000 0.13800001 9.86805100
0.31095000 0.12900001 9.87300000
0.31305000 0.14295001 9.87300000
0.31305000 0.14295001 9.87300000
0.30600002 0.13095000 9.87300000
0.30600002 0.13095000 9.87300000
0.30600002 0.14100000 9.87795100
0.31095000 0.13305001 9.86805100
0.30405003 0.13095000 9.87795100
0.30405003 0.13095000 9.88005100
0.30600002 0.13305001 9.86805100
0.30105000 0.13800001 9.86805100
0.30405003 0.13800001 9.87000100
0.30105000 0.14505000 9.87795100
0.30405003 0.14100000 9.86595100
0.30405003 0.12900001 9.87300000
0.31095000 0.14100000 9.86805100
0.31095000 0.14100000 9.86805100
0.31305000 0.14295001 9.87495000
0.30600002 0.14295001 9.87000100
0.30405003 0.13305001 9.86595100
0.30405003 0.13305001 9.86595100
0.30600002 0.14295001 9.87495000
0.30405003 0.13800001 9.87795100
0.31095000 0.13800001 9.87495000
0.30600002 0.13605000 9.87000100
0.30600002 0.13605000 9.87000100
0.29895002 0.12600000 9.87300000
0.29895002 0.12600000 9.87300000
0.30600002 0.14100000 9.88005100
0.30795002 0.15000000 9.87495000
0.30795002 0.15000000 9.87495000
0.30405003 0.13800001 9.87795100
0.30405003 0.13800001 9.87795100
0.30405003 0.13605000 9.86595100
0.30600002 0.13800001 9.87300000
0.31095000 0.13605000 9.87495000
0.31095000 0.13605000 9.87495000
0.31095000 0.14100000 9.87495000
0.30405003 0.13305001 9.87495000
0.30105000 0.13800001 9.87300000
0.31095000 0.13605000 9.87000100
0.30105000 0.14295001 9.87495000
0.29895002 0.13095000 9.87495000
0.30795002 0.12900001 9.87795100
0.30600002 0.14505000 9.86805100
0.30600002 0.13800001 9.88005100
0.30795002 0.14505000 9.87000100
0.30795002 0.13800001 9.87495000
0.30405003 0.14505000 9.87795100
0.30405003 0.14505000 9.87795100
0.31095000 0.14100000 9.87000100
0.30600002 0.14295001 9.86595100
0.30405003 0.13605000 9.87000100
0.30405003 0.15300001 9.87795100
0.30405003 0.15300001 9.87795100
0.30600002 0.14295001 9.87495000
0.30600002 0.15000000 9.86805100
0.29895002 0.14100000 9.87495000
0.29895002 0.14100000 9.87495000
0.29895002 0.15495001 9.86295000
0.31095000 0.15000000 9.87795100
0.30600002 0.13800001 9.86805100
0.30600002 0.14100000 9.86295000
0.30405003 0.13605000 9.87300000
0.30405003 0.13605000 9.87300000
0.29895002 0.16005000 9.86595100
0.31500003 0.14295001 9.88005100
0.30600002 0.14505000 9.87300000
0.30795002 0.14295001 9.88005100
0.30795002 0.14295001 9.88005100
0.30795002 0.14505000 9.86595100
0.29895002 0.14100000 9.87795100
0.30795002 0.14805001 9.88005100
0.30600002 0.12600000 9.87795100
0.30405003 0.12600000 9.87000100
0.30600002 0.14295001 9.87300000
0.30600002 0.14295001 9.87000100
0.30600002 0.14295001 9.87000100
0.31095000 0.14100000 9.87300000
0.30105000 0.12405001 9.87300000
0.30105000 0.12405001 9.87300000
0.31095000 0.12405001 9.87300000
0.30105000 0.13605000 9.88005100
0.29895002 0.13305001 9.87300000
0.30405003 0.13800001 9.87495000
0.30105000 0.13095000 9.87795100
0.31095000 0.13605000 9.87795100
0.31095000 0.13605000 9.87795100
0.31095000 0.12600000 9.87495000
