0.00027500 0.00027500 0.00000000
0.00027500 0.00027500 0.00000000
0.00027500 0.00027500 0.00000000
0.00027500 0.00027500 0.00000000
0.00027500 0.00027500 0.00000000
0.00027500 0.00027500 0.00000000
0.00027500 -0.00082500 -0.00096250
-0.00068750 0.00027500 0.00110000
0.00027500 0.00027500 -0.00096250
0.00027500 0.00027500 -0.00096250
0.00137500 -0.00082500 0.00000000
-0.00068750 0.00027500 0.00000000
-0.00068750 0.00027500 0.00000000
0.00027500 0.00027500 0.00110000
0.00027500 0.00027500 0.00110000
0.00027500 0.00027500 0.00000000
0.00027500 0.00027500 0.00000000
0.00041250 0.00027500 0.00000000
0.00041250 -0.00082500 0.00000000
0.00041250 0.00027500 0.00000000
-0.00068750 0.00027500 0.00000000
0.00041250 0.00027500 -0.00096250
0.00041250 0.00027500 0.00110000
0.00041250 0.00027500 0.00110000
0.00041250 0.00027500 0.00000000
0.00041250 0.00027500 0.00000000
0.00041250 0.00027500 0.00000000
0.00041250 0.00027500 0.00000000
0.00041250 0.00027500 0.00000000
0.00041250 0.00027500 0.00000000
0.00041250 0.00027500 0.00000000
0.00041250 0.00027500 -0.00096250
0.00041250 -0.00082500 0.00000000
0.00041250 0.00027500 0.00000000
0.00137500 -0.00082500 0.00000000
0.00027500 0.00027500 0.00000000
0.00027500 0.00027500 0.00000000
0.00027500 -0.00082500 0.00000000
0.00027500 -0.00082500 0.00000000
0.00041250 0.00027500 0.00000000
0.00041250 -0.00082500 0.00000000
0.00041250 -0.00082500 0.00000000
0.00041250 -0.00082500 0.00000000
-0.00068750 0.00027500 0.00000000
-0.00068750 0.00027500 0.00000000
-0.00068750 0.00027500 -0.00096250
0.00027500 0.00027500 0.00000000
0.00027500 0.00027500 0.00000000
0.00027500 -0.00082500 0.00000000
0.00137500 -0.00082500 0.00000000
0.00027500 0.00027500 0.00000000
-0.00068750 0.00027500 0.00000000
-0.00068750 0.00027500 0.00000000
0.00137500 0.00027500 0.00000000
0.00041250 -0.00082500 0.00000000
0.00041250 0.00027500 0.00000000
0.00041250 0.00027500 0.00000000
0.00041250 -0.00082500 0.00000000
0.00041250 0.00027500 0.00000000
0.00041250 0.00027500 0.00000000
0.00041250 0.00027500 0.00000000
-0.00068750 -0.00082500 0.00000000
-0.00068750 -0.00082500 0.00000000
0.00041250 0.00027500 0.00110000
0.00041250 0.00027500 0.00000000
0.00041250 0.00027500 0.00000000
-0.00068750 0.00027500 -0.00096250
0.00041250 0.00027500 0.00000000
-0.00068750 0.00027500 0.00000000
0.00013750 0.00027500 0.00013750
0.00013750 0.00027500 0.00013750
0.00013750 -0.00068750 0.00013750
0.00013750 0.00027500 0.00013750
0.00013750 0.00027500 -0.00096250
0.00013750 0.00027500 -0.00096250
0.00013750 0.00027500 0.00013750
-0.00082500 0.00027500 0.00110000
0.00013750 -0.00068750 0.00013750
0.00013750 -0.00068750 0.00013750
0.00013750 0.00027500 0.00013750
0.00013750 0.00027500 0.00013750
0.00123750 0.00027500 0.00013750
-0.00082500 0.00027500 0.00013750
-0.00082500 -0.00068750 0.00013750
-0.00082500 -0.00068750 0.00013750
-0.00082500 -0.00068750 0.00013750
0.00013750 0.00027500 0.00013750
-0.00082500 0.00027500 0.00013750
-0.00082500 0.00027500 -0.00096250
0.00013750 -0.00068750 0.00013750
0.00013750 -0.00068750 0.00013750
0.00123750 0.00027500 0.00110000
-0.00082500 0.00027500 0.00013750
-0.00082500 0.00027500 0.00013750
0.00013750 0.00027500 0.00013750
0.00013750 -0.00068750 0.00000000
0.00013750 0.00027500 -0.00096250
0.00013750 -0.00068750 0.00000000
0.00013750 -0.00068750 0.00000000
-0.00082500 -0.00068750 0.00000000
-0.00082500 0.00027500 -0.00096250
-0.00082500 0.00027500 -0.00096250
0.00013750 0.00027500 0.00013750
-0.00082500 0.00027500 0.00013750
-0.00082500 0.00027500 0.00013750
0.00013750 -0.00068750 0.00013750
-0.00082500 0.00027500 0.00000000
-0.00082500 0.00027500 0.00000000
0.00013750 0.00027500 0.00000000
0.00013750 0.00027500 -0.00096250
0.00013750 0.00027500 0.00110000
-0.00082500 0.00027500 0.00000000
-0.00082500 0.00027500 0.00000000
-0.00082500 0.00027500 0.00000000
0.00013750 0.00027500 0.00000000
0.00013750 0.00027500 0.00000000
0.00013750 0.00027500 0.00000000
0.00013750 -0.00068750 0.00000000
0.00013750 0.00027500 -0.00096250
0.00013750 0.00027500 0.00000000
-0.00082500 0.00027500 0.00000000
-0.00082500 0.00027500 0.00000000
0.00013750 0.00027500 0.00000000
0.00013750 -0.00068750 0.00000000
0.00013750 0.00027500 0.00000000
0.00013750 0.00027500 0.00000000
0.00013750 0.00027500 0.00000000
0.00013750 0.00027500 0.00000000
-0.00082500 -0.00068750 0.00000000
-0.00082500 -0.00068750 0.00000000
0.00013750 0.00027500 0.00110000
-0.00082500 -0.00068750 0.00013750
-0.00082500 0.00027500 -0.00096250
0.00013750 -0.00068750 0.00013750
0.00013750 0.00027500 0.00013750
-0.00082500 0.00027500 0.00013750
0.00013750 0.00027500 -0.00096250
0.00013750 -0.00068750 0.00013750
0.00027500 -0.00082500 -0.00096250
0.00027500 0.00027500 0.00013750
0.00137500 0.00027500 0.00013750
0.00137500 0.00027500 0.00013750
-0.00082500 0.00027500 0.00013750
0.00027500 -0.00082500 0.00013750
0.00027500 0.00027500 0.00013750
-0.00082500 0.00027500 0.00013750
-0.00082500 0.00027500 0.00123750
0.00027500 0.00027500 0.00013750
-0.00082500 0.00027500 0.00013750
-0.00082500 0.00027500 0.00013750
0.00027500 0.00027500 0.00013750
0.00027500 0.00027500 0.00013750
0.00027500 -0.00082500 0.00013750
0.00027500 -0.00082500 0.00013750
0.00027500 -0.00082500 0.00013750
0.00137500 0.00027500 0.00013750
-0.00082500 0.00027500 0.00013750
0.00027500 0.00027500 0.00123750
0.00027500 -0.00082500 0.00013750
0.00027500 -0.00082500 0.00013750
0.00027500 0.00027500 -0.00096250
0.00027500 0.00027500 -0.00096250
0.00027500 0.00027500 -0.00096250
0.00027500 -0.00082500 0.00013750
-0.00082500 -0.00082500 0.00013750
-0.00082500 -0.00082500 0.00013750
0.00027500 0.00027500 0.00013750
0.00027500 0.00027500 0.00013750
0.00027500 0.00027500 0.00013750
0.00027500 0.00027500 0.00013750
0.00027500 0.00137500 -0.00096250
0.00027500 0.00137500 -0.00096250
-0.00082500 -0.00082500 0.00123750
0.00027500 0.00027500 0.00013750
0.00027500 0.00027500 0.00013750
0.00027500 -0.00082500 -0.00096250
0.00027500 -0.00082500 0.00013750
0.00027500 -0.00082500 0.00013750
0.00027500 0.00027500 0.00013750
0.00027500 -0.00082500 0.00013750
0.00027500 0.00027500 0.00013750
-0.00082500 -0.00082500 0.00123750
-0.00082500 -0.00082500 0.00123750
-0.00082500 -0.00082500 0.00013750
0.00027500 0.00027500 0.00013750
0.00027500 -0.00082500 0.00123750
-0.00082500 0.00027500 0.00013750
-0.00082500 0.00027500 0.00013750
-0.00082500 0.00027500 0.00123750
-0.00082500 -0.00082500 0.00013750
-0.00082500 0.00027500 0.00013750
-0.00082500 0.00027500 0.00013750
-0.00082500 0.00027500 0.00013750
0.00027500 0.00027500 0.00013750
0.00027500 0.00027500 0.00013750
0.00027500 0.00027500 0.00013750
0.00027500 0.00027500 0.00123750
0.00027500 0.00027500 0.00123750
0.00027500 0.00027500 0.00013750
0.00027500 0.00027500 0.00013750
0.00027500 0.00027500 0.00013750
0.00027500 0.00027500 0.00013750
-0.00082500 0.00027500 0.00013750
0.00027500 0.00027500 -0.00000000
0.00027500 -0.00082500 -0.00000000
0.00027500 0.00027500 -0.00000000
-0.00082500 0.00027500 -0.00000000
-0.00082500 0.00027500 -0.00000000
0.00027500 0.00027500 -0.00000000
0.00027500 0.00027500 0.00110000
0.00027500 0.00027500 0.00110000
-0.00082500 0.00027500 -0.00000000
0.00027500 0.00027500 -0.00000000
0.00027500 0.00027500 -0.00000000
0.00027500 0.00027500 -0.00000000
0.00027500 -0.00082500 -0.00000000
0.00027500 -0.00082500 -0.00000000
0.00027500 0.00027500 -0.00110000
0.00027500 -0.00082500 -0.00000000
0.00027500 0.00027500 -0.00000000
0.00027500 0.00027500 -0.00000000
0.00027500 0.00027500 -0.00000000
-0.00082500 0.00027500 -0.00000000
0.00027500 0.00027500 -0.00000000
0.00027500 0.00027500 -0.00000000
-0.00082500 0.00027500 0.00000000
0.00027500 0.00027500 0.00000000
-0.00082500 0.00027500 0.00000000
0.00027500 0.00027500 0.00000000
0.00027500 0.00027500 0.00000000
-0.00082500 0.00027500 -0.00110000
0.00027500 -0.00082500 0.00000000
0.00027500 0.00027500 -0.00110000
0.00027500 0.00027500 0.00000000
0.00027500 0.00013750 -0.00110000
-0.00082500 0.00123750 -0.00110000
-0.00082500 0.00123750 -0.00110000
0.00027500 0.00013750 -0.00110000
0.00027500 0.00013750 0.00000000
-0.00082500 0.00013750 0.00000000
0.00027500 0.00013750 0.00110000
0.00027500 -0.00082500 0.00000000
0.00027500 -0.00082500 0.00000000
0.00027500 0.00013750 0.00000000
0.00027500 0.00013750 0.00000000
0.00027500 0.00013750 0.00000000
-0.00068750 -0.00082500 -0.00110000
0.00027500 -0.00082500 -0.00110000
0.00027500 0.00013750 0.00000000
0.00027500 0.00013750 0.00000000
0.00027500 0.00013750 0.00000000
0.00027500 0.00013750 0.00000000
0.00027500 0.00013750 0.00110000
0.00027500 0.00013750 0.00110000
0.00027500 0.00013750 0.00000000
0.00027500 0.00013750 0.00000000
0.00027500 0.00123750 0.00110000
-0.00068750 0.00013750 0.00110000
-0.00068750 0.00013750 0.00110000
-0.00068750 -0.00096250 0.00110000
0.00027500 0.00013750 0.00000000
0.00027500 0.00013750 0.00110000
0.00027500 0.00013750 0.00110000
-0.00068750 0.00013750 0.00110000
0.00027500 0.00013750 0.00110000
-0.00068750 0.00013750 0.00110000
0.00027500 0.00013750 0.00110000
0.00027500 0.00013750 0.00110000
0.00027500 0.00013750 0.00000000
-0.00068750 -0.00096250 0.00110000
0.00041250 0.00013750 0.00110000
0.00041250 -0.00096250 0.00110000
0.00041250 0.00013750 0.00110000
0.00041250 0.00013750 0.00110000
-0.00068750 0.00013750 0.00110000
-0.00068750 0.00013750 0.00110000
0.00041250 0.00013750 0.00110000
0.00041250 0.00013750 0.00110000
0.00041250 0.00013750 0.00110000
0.00041250 0.00013750 0.00000000
0.00041250 0.00013750 0.00110000
0.00041250 0.00013750 0.00110000
0.00041250 0.00013750 0.00110000
0.00041250 0.00013750 0.00110000
0.00041250 0.00013750 0.00110000
-0.00068750 -0.00096250 0.00220000
-0.00068750 0.00013750 0.00110000
-0.00178750 -0.00096250 0.00110000
0.00041250 0.00013750 0.00110000
0.00041250 0.00013750 0.00220000
0.00041250 0.00013750 0.00220000
0.00027500 0.00013750 0.00110000
-0.00068750 0.00013750 0.00000000
0.00027500 0.00013750 0.00110000
0.00027500 -0.00096250 0.00110000
-0.00068750 0.00013750 0.00110000
0.00027500 0.00123750 0.00000000
0.00027500 0.00013750 0.00000000
0.00027500 0.00013750 0.00000000
-0.00068750 0.00013750 0.00110000
0.00027500 -0.00096250 0.00110000
0.00027500 -0.00096250 0.00110000
0.00027500 0.00013750 0.00110000
0.00027500 0.00013750 0.00110000
0.00027500 0.00013750 0.00110000
-0.00068750 0.00013750 0.00000000
0.00027500 0.00013750 0.00110000
0.00027500 0.00013750 0.00110000
0.00027500 0.00013750 0.00110000
-0.00068750 0.00013750 0.00000000
0.00027500 0.00013750 0.00110000
-0.00068750 -0.00096250 0.00110000
-0.00068750 -0.00096250 0.00110000
0.00027500 0.00013750 0.00110000
-0.00068750 0.00123750 0.00000000
0.00027500 0.00013750 0.00110000
0.00027500 0.00013750 0.00110000
0.00027500 0.00013750 0.00110000
-0.00068750 0.00013750 0.00110000
-0.00068750 0.00013750 0.00110000
0.00027500 0.00013750 0.00000000
0.00027500 0.00013750 0.00000000
0.00041250 0.00013750 -0.00082500
0.00041250 0.00013750 0.00013750
-0.00068750 0.00013750 0.00013750
-0.00068750 0.00013750 -0.00096250
0.00041250 0.00013750 -0.00096250
0.00041250 0.00013750 -0.00096250
0.00041250 -0.00096250 -0.00096250
0.00041250 -0.00096250 -0.00096250
-0.00068750 0.00013750 -0.00192500
-0.00068750 0.00013750 -0.00096250
-0.00068750 0.00013750 -0.00096250
0.00027500 0.00123750 -0.00096250
-0.00068750 0.00013750 -0.00096250
0.00027500 0.00013750 -0.00096250
-0.00068750 0.00013750 -0.00096250
-0.00068750 0.00013750 -0.00096250
-0.00068750 0.00013750 -0.00096250
0.00027500 -0.00082500 -0.00096250
0.00027500 0.00123750 -0.00192500
-0.00068750 0.00013750 -0.00096250
-0.00068750 0.00013750 -0.00096250
0.00027500 0.00013750 0.00013750
0.00027500 -0.00082500 -0.00096250
0.00027500 0.00013750 -0.00096250
0.00027500 0.00013750 -0.00096250
-0.00068750 0.00013750 -0.00096250
0.00027500 0.00013750 -0.00192500
0.00027500 0.00013750 -0.00192500
-0.00068750 0.00013750 -0.00096250
-0.00068750 0.00013750 -0.00096250
0.00027500 0.00013750 -0.00096250
-0.00068750 0.00027500 0.00000000
0.00041250 0.00027500 -0.00110000
0.00041250 0.00027500 -0.00110000
0.00041250 0.00027500 0.00000000
0.00041250 0.00027500 0.00000000
0.00041250 0.00027500 0.00000000
-0.00068750 0.00027500 -0.00000000
0.00041250 -0.00082500 -0.00000000
0.00041250 0.00027500 -0.00000000
0.00041250 0.00027500 -0.00000000
-0.00068750 0.00027500 -0.00000000
0.00041250 -0.00082500 -0.00000000
0.00041250 0.00027500 -0.00000000
0.00041250 0.00027500 -0.00000000
-0.00068750 0.00027500 -0.00000000
0.00041250 0.00027500 -0.00000000
0.00041250 0.00027500 -0.00000000
0.00041250 0.00027500 -0.00000000
0.00041250 -0.00082500 -0.00000000
-0.00068750 0.00027500 -0.00000000
0.00041250 0.00027500 -0.00000000
0.00041250 0.00027500 -0.00110000
0.00041250 0.00027500 -0.00110000
0.00041250 0.00027500 -0.00000000
0.00041250 0.00027500 -0.00000000
0.00041250 0.00027500 -0.00000000
0.00041250 0.00027500 -0.00000000
-0.00068750 0.00027500 -0.00000000
0.00041250 0.00027500 -0.00000000
0.00041250 0.00027500 -0.00000000
-0.00068750 -0.00082500 -0.00000000
-0.00068750 0.00027500 -0.00000000
0.00041250 -0.00082500 0.00110000
0.00041250 0.00027500 -0.00000000
0.00041250 -0.00082500 -0.00000000
0.00041250 -0.00082500 -0.00000000
0.00041250 0.00027500 -0.00110000
0.00041250 0.00027500 -0.00000000
0.00041250 -0.00082500 -0.00000000
0.00041250 0.00027500 -0.00110000
0.00041250 0.00027500 -0.00110000
-0.00068750 0.00123750 -0.00000000
-0.00068750 0.00123750 -0.00000000
0.00041250 0.00027500 -0.00110000
0.00041250 0.00027500 -0.00000000
-0.00068750 0.00027500 -0.00000000
-0.00068750 0.00027500 -0.00000000
-0.00068750 -0.00082500 -0.00000000
0.00041250 0.00027500 -0.00110000
-0.00068750 0.00027500 -0.00000000
-0.00068750 0.00027500 -0.00000000
0.00041250 -0.00082500 -0.00000000
-0.00068750 -0.00082500 -0.00110000
0.00041250 0.00027500 -0.00000000
0.00041250 0.00027500 -0.00000000
-0.00068750 0.00027500 0.00110000
0.00041250 0.00027500 -0.00000000
0.00151250 0.00027500 -0.00000000
-0.00068750 0.00027500 -0.00000000
-0.00055000 0.00013750 0.00013750
-0.00055000 0.00013750 0.00013750
-0.00055000 0.00013750 0.00013750
-0.00055000 -0.00096250 0.00013750
-0.00055000 0.00013750 0.00013750
0.00041250 0.00013750 0.00013750
-0.00055000 0.00013750 0.00013750
-0.00055000 0.00013750 0.00013750
0.00041250 -0.00096250 0.00013750
-0.00055000 0.00013750 -0.00096250
0.00041250 0.00013750 0.00123750
0.00041250 0.00013750 0.00013750
-0.00165000 0.00013750 0.00013750
-0.00055000 0.00013750 0.00013750
0.00041250 0.00013750 0.00013750
0.00041250 0.00013750 0.00013750
0.00041250 -0.00096250 0.00013750
0.00041250 0.00013750 0.00013750
-0.00055000 0.00013750 0.00013750
-0.00055000 0.00013750 0.00013750
0.00041250 0.00013750 0.00013750
-0.00055000 0.00013750 0.00013750
-0.00055000 0.00013750 0.00013750
0.00041250 0.00013750 0.00013750
0.00041250 0.00013750 0.00013750
-0.00055000 0.00123750 -0.00096250
-0.00055000 0.00013750 0.00013750
0.00041250 0.00013750 0.00013750
-0.00055000 0.00013750 0.00013750
0.00041250 -0.00096250 0.00013750
0.00041250 0.00013750 0.00013750
0.00041250 0.00013750 0.00013750
0.00041250 0.00013750 0.00013750
-0.00055000 0.00013750 0.00013750
0.00041250 0.00013750 0.00013750
-0.00055000 0.00013750 0.00013750
0.00041250 0.00013750 -0.00082500
-0.00055000 -0.00096250 -0.00096250
-0.00055000 0.00013750 0.00123750
0.00041250 0.00013750 0.00013750
0.00041250 -0.00096250 0.00013750
0.00041250 0.00013750 -0.00096250
0.00041250 0.00013750 0.00013750
-0.00055000 0.00013750 0.00013750
0.00041250 -0.00096250 0.00013750
0.00041250 -0.00096250 0.00013750
-0.00055000 -0.00096250 0.00013750
0.00041250 0.00013750 0.00013750
-0.00055000 0.00013750 -0.00096250
0.00041250 -0.00096250 0.00123750
-0.00055000 0.00013750 0.00123750
-0.00055000 0.00013750 0.00123750
-0.00055000 -0.00096250 0.00013750
0.00041250 -0.00096250 0.00013750
0.00041250 0.00013750 0.00123750
0.00041250 -0.00096250 0.00013750
0.00041250 0.00013750 0.00013750
-0.00055000 0.00013750 0.00013750
0.00041250 0.00013750 0.00110000
0.00041250 0.00013750 0.00110000
0.00041250 -0.00082500 -0.00000000
0.00041250 -0.00082500 -0.00000000
0.00041250 0.00013750 -0.00000000
0.00041250 0.00013750 -0.00000000
-0.00068750 0.00013750 -0.00110000
0.00041250 -0.00082500 -0.00000000
0.00041250 -0.00082500 -0.00000000
0.00041250 0.00013750 -0.00000000
0.00041250 0.00013750 -0.00000000
-0.00068750 -0.00082500 -0.00000000
0.00151250 0.00013750 0.00110000
-0.00068750 -0.00082500 -0.00000000
0.00041250 0.00013750 -0.00000000
0.00041250 0.00013750 -0.00000000
0.00041250 0.00013750 -0.00000000
0.00041250 0.00013750 -0.00000000
-0.00068750 0.00013750 -0.00000000
0.00041250 -0.00082500 -0.00000000
0.00041250 -0.00082500 -0.00000000
0.00041250 -0.00082500 -0.00000000
0.00041250 -0.00082500 -0.00000000
0.00041250 -0.00082500 -0.00000000
-0.00068750 0.00027500 -0.00000000
-0.00068750 0.00027500 -0.00110000
0.00041250 -0.00082500 -0.00000000
0.00041250 -0.00082500 0.00110000
0.00041250 0.00027500 -0.00000000
0.00041250 0.00027500 -0.00000000
-0.00068750 0.00027500 0.00110000
-0.00068750 0.00027500 0.00110000
0.00041250 0.00013750 -0.00000000
0.00041250 0.00013750 -0.00000000
-0.00165000 0.00013750 -0.00110000
-0.00165000 0.00013750 -0.00110000
0.00041250 0.00013750 -0.00000000
0.00041250 0.00013750 -0.00000000
-0.00068750 0.00027500 -0.00000000
-0.00068750 0.00027500 -0.00110000
-0.00068750 -0.00082500 -0.00000000
0.00151250 0.00027500 -0.00000000
-0.00068750 -0.00082500 -0.00000000
-0.00068750 0.00027500 -0.00000000
-0.00068750 0.00027500 -0.00000000
0.00041250 0.00027500 -0.00000000
-0.00068750 0.00027500 -0.00110000
0.00041250 -0.00082500 0.00110000
0.00041250 -0.00082500 0.00110000
0.00041250 0.00027500 -0.00000000
0.00041250 0.00027500 -0.00110000
-0.00068750 0.00027500 -0.00000000
0.00041250 -0.00082500 -0.00000000
-0.00068750 0.00027500 0.00110000
-0.00055000 0.00013750 -0.00000000
-0.00055000 0.00013750 -0.00000000
0.00041250 0.00013750 -0.00000000
0.00041250 0.00013750 -0.00000000
-0.00055000 0.00013750 -0.00000000
-0.00055000 -0.00082500 -0.00000000
-0.00055000 -0.00082500 -0.00000000
-0.00055000 0.00013750 -0.00000000
0.00041250 0.00013750 -0.00000000
-0.00055000 -0.00082500 -0.00000000
0.00041250 -0.00082500 -0.00000000
-0.00055000 -0.00082500 -0.00000000
-0.00055000 0.00027500 -0.00110000
-0.00055000 0.00027500 -0.00110000
0.00041250 -0.00082500 0.00000000
0.00041250 0.00027500 -0.00110000
0.00041250 0.00027500 0.00000000
0.00041250 0.00027500 0.00000000
0.00041250 0.00027500 0.00000000
0.00041250 0.00027500 0.00000000
-0.00055000 -0.00082500 0.00000000
-0.00055000 -0.00082500 0.00000000
-0.00055000 0.00027500 0.00000000
0.00041250 0.00027500 0.00000000
-0.00055000 -0.00082500 0.00000000
0.00041250 0.00027500 0.00000000
0.00041250 0.00027500 0.00000000
-0.00055000 0.00027500 -0.00110000
0.00055000 0.00027500 0.00000000
0.00055000 0.00027500 0.00000000
0.00055000 0.00027500 -0.00110000
-0.00055000 -0.00082500 0.00110000
0.00041250 -0.00082500 0.00000000
-0.00055000 0.00027500 0.00000000
0.00041250 0.00027500 0.00000000
-0.00055000 0.00027500 -0.00110000
0.00041250 0.00027500 0.00000000
-0.00055000 0.00123750 0.00110000
-0.00055000 0.00123750 0.00110000
-0.00055000 -0.00082500 0.00000000
0.00041250 0.00027500 -0.00110000
0.00041250 0.00027500 -0.00110000
-0.00055000 0.00027500 0.00000000
0.00041250 -0.00082500 0.00000000
0.00041250 -0.00082500 -0.00110000
0.00041250 -0.00082500 -0.00110000
-0.00055000 -0.00082500 0.00000000
-0.00055000 0.00027500 0.00000000
0.00041250 0.00027500 -0.00110000
0.00041250 0.00027500 -0.00110000
0.00041250 -0.00082500 -0.00110000
0.00041250 0.00027500 0.00000000
0.00041250 0.00027500 0.00000000
0.00041250 -0.00082500 0.00000000
-0.00055000 -0.00082500 0.00000000
0.00041250 -0.00082500 0.00000000
0.00041250 0.00027500 0.00000000
0.00041250 0.00027500 0.00110000
-0.00055000 0.00027500 0.00000000
0.00055000 0.00027500 0.00000000
0.00055000 0.00027500 0.00000000
0.00055000 0.00027500 0.00110000
0.00055000 0.00027500 0.00000000
0.00055000 0.00027500 -0.00110000
0.00055000 0.00027500 -0.00110000
0.00055000 -0.00082500 0.00000000
-0.00055000 -0.00082500 0.00000000
-0.00055000 -0.00082500 0.00000000
0.00055000 0.00027500 0.00000000
0.00055000 0.00027500 0.00000000
0.00055000 0.00027500 0.00110000
-0.00055000 0.00027500 -0.00110000
-0.00055000 0.00027500 0.00000000
-0.00068750 0.00027500 -0.00110000
-0.00068750 0.00027500 -0.00110000
0.00027500 0.00027500 0.00000000
0.00027500 0.00027500 0.00000000
-0.00068750 -0.00068750 0.00000000
-0.00068750 0.00027500 0.00000000
-0.00068750 0.00027500 0.00000000
0.00027500 -0.00068750 0.00000000
-0.00068750 0.00027500 0.00000000
0.00027500 0.00027500 0.00000000
-0.00068750 -0.00068750 0.00000000
0.00027500 0.00137500 0.00000000
0.00027500 0.00027500 0.00000000
0.00027500 0.00027500 0.00110000
0.00027500 0.00027500 -0.00110000
0.00027500 0.00027500 -0.00110000
0.00137500 0.00027500 0.00000000
-0.00068750 0.00027500 0.00000000
-0.00068750 0.00027500 0.00000000
0.00027500 0.00027500 0.00000000
0.00027500 -0.00068750 -0.00110000
0.00027500 -0.00068750 -0.00110000
-0.00068750 0.00027500 0.00000000
0.00027500 0.00027500 0.00000000
0.00027500 0.00027500 0.00000000
0.00027500 0.00137500 -0.00110000
0.00027500 0.00027500 0.00000000
0.00027500 0.00027500 0.00000000
-0.00068750 0.00027500 0.00000000
-0.00068750 0.00027500 0.00000000
-0.00068750 0.00027500 0.00000000
0.00027500 0.00027500 0.00000000
0.00027500 -0.00068750 0.00000000
0.00027500 -0.00068750 0.00000000
-0.00068750 0.00027500 0.00000000
-0.00068750 0.00027500 0.00000000
0.00027500 -0.00068750 0.00000000
0.00027500 0.00027500 -0.00110000
-0.00068750 0.00027500 0.00000000
0.00027500 -0.00068750 0.00000000
-0.00068750 -0.00068750 0.00000000
0.00027500 -0.00068750 -0.00110000
-0.00068750 -0.00068750 0.00000000
0.00027500 -0.00068750 0.00000000
0.00027500 -0.00068750 0.00000000
0.00027500 0.00027500 0.00000000
0.00027500 0.00027500 0.00000000
0.00027500 0.00027500 0.00000000
0.00027500 0.00027500 0.00000000
0.00137500 0.00027500 0.00000000
-0.00068750 0.00027500 0.00000000
0.00027500 0.00027500 0.00000000
-0.00068750 -0.00068750 0.00000000
-0.00068750 -0.00068750 0.00000000
-0.00068750 0.00027500 0.00000000
-0.00068750 0.00027500 0.00000000
-0.00068750 0.00027500 -0.00110000
-0.00068750 0.00027500 -0.00110000
-0.00068750 0.00027500 -0.00110000
-0.00068750 0.00027500 0.00000000
-0.00068750 0.00027500 0.00000000
0.00027500 0.00027500 0.00000000
-0.00068750 0.00027500 0.00000000
-0.00068750 -0.00068750 0.00000000
-0.00068750 -0.00068750 0.00000000
0.00027500 0.00027500 0.00000000
0.00027500 -0.00068750 0.00000000
0.00027500 0.00027500 0.00000000
0.00027500 0.00027500 0.00000000
0.00041250 -0.00082500 0.00013750
0.00041250 -0.00082500 0.00013750
0.00041250 0.00027500 0.00013750
-0.00068750 0.00027500 0.00013750
-0.00068750 0.00027500 0.00013750
0.00041250 -0.00082500 0.00110000
-0.00068750 0.00027500 0.00013750
-0.00068750 0.00027500 0.00013750
-0.00068750 0.00027500 0.00110000
-0.00068750 0.00027500 0.00013750
-0.00068750 0.00027500 0.00013750
-0.00068750 0.00027500 -0.00096250
0.00041250 0.00027500 0.00013750
0.00041250 0.00027500 0.00013750
0.00041250 0.00027500 0.00013750
0.00041250 0.00027500 0.00013750
0.00041250 0.00027500 0.00013750
0.00041250 0.00027500 0.00013750
0.00041250 0.00027500 0.00013750
-0.00068750 0.00027500 0.00013750
0.00041250 -0.00082500 0.00013750
0.00041250 -0.00082500 0.00013750
-0.00068750 0.00027500 0.00013750
-0.00068750 0.00027500 0.00110000
-0.00068750 0.00027500 0.00110000
-0.00068750 0.00027500 0.00013750
0.00041250 -0.00082500 0.00013750
0.00041250 0.00027500 -0.00096250
-0.00068750 -0.00082500 0.00013750
-0.00068750 0.00027500 -0.00096250
0.00041250 0.00027500 0.00013750
-0.00068750 0.00027500 0.00013750
-0.00068750 0.00027500 0.00013750
-0.00068750 0.00027500 0.00013750
0.00041250 -0.00082500 0.00013750
0.00041250 -0.00082500 0.00013750
-0.00068750 0.00027500 0.00013750
0.00041250 0.00027500 0.00013750
0.00041250 0.00027500 0.00013750
-0.00068750 0.00123750 0.00013750
0.00041250 0.00027500 0.00013750
0.00041250 0.00027500 0.00013750
-0.00068750 0.00027500 -0.00096250
0.00041250 0.00027500 -0.00096250
-0.00068750 0.00027500 0.00013750
-0.00068750 0.00027500 0.00013750
-0.00068750 -0.00082500 0.00013750
-0.00068750 -0.00082500 0.00013750
0.00041250 -0.00082500 0.00013750
-0.00068750 0.00027500 0.00013750
-0.00068750 0.00027500 0.00013750
0.00041250 0.00027500 0.00013750
-0.00068750 0.00027500 0.00013750
0.00041250 0.00027500 0.00013750
-0.00068750 -0.00082500 0.00013750
0.00041250 -0.00082500 0.00013750
0.00041250 -0.00082500 0.00013750
-0.00068750 0.00027500 0.00110000
-0.00068750 -0.00082500 0.00013750
-0.00068750 0.00027500 -0.00096250
-0.00068750 0.00027500 -0.00096250
-0.00068750 0.00027500 0.00013750
0.00041250 0.00027500 0.00013750
0.00041250 0.00027500 0.00013750
-0.00068750 0.00027500 0.00013750
-0.00068750 0.00027500 0.00013750
0.00041250 0.00027500 0.00013750
-0.00068750 0.00027500 0.00013750
-0.00068750 -0.00082500 0.00110000
0.00041250 -0.00082500 0.00000000
0.00041250 -0.00082500 0.00110000
0.00041250 0.00013750 0.00000000
-0.00055000 0.00013750 0.00000000
-0.00055000 0.00013750 0.00000000
0.00041250 0.00013750 0.00000000
-0.00055000 0.00013750 0.00000000
-0.00055000 -0.00082500 0.00000000
0.00041250 0.00013750 0.00000000
0.00041250 0.00013750 0.00000000
0.00041250 -0.00082500 0.00110000
-0.00055000 0.00013750 0.00000000
-0.00055000 0.00013750 0.00000000
0.00041250 0.00013750 0.00000000
0.00041250 -0.00082500 0.00000000
0.00041250 -0.00082500 0.00000000
0.00041250 -0.00082500 0.00000000
0.00041250 0.00013750 0.00000000
-0.00055000 -0.00082500 0.00000000
0.00041250 0.00123750 0.00000000
0.00041250 0.00123750 0.00000000
-0.00055000 0.00013750 -0.00096250
0.00041250 0.00123750 -0.00096250
0.00041250 -0.00082500 0.00000000
-0.00055000 0.00013750 0.00000000
-0.00055000 0.00013750 0.00000000
-0.00055000 0.00013750 0.00000000
-0.00055000 0.00013750 0.00000000
0.00041250 0.00123750 0.00000000
0.00041250 0.00123750 0.00000000
0.00041250 -0.00082500 0.00000000
-0.00055000 0.00013750 0.00110000
0.00151250 -0.00082500 0.00000000
0.00151250 -0.00082500 0.00000000
0.00041250 0.00013750 0.00000000
0.00041250 0.00013750 0.00000000
0.00041250 0.00013750 0.00000000
0.00041250 0.00013750 0.00000000
0.00041250 0.00013750 0.00000000
0.00041250 0.00013750 0.00000000
0.00041250 0.00013750 0.00000000
-0.00055000 -0.00082500 0.00000000
-0.00055000 -0.00082500 0.00000000
0.00041250 0.00013750 0.00000000
0.00041250 0.00013750 0.00000000
-0.00055000 0.00013750 0.00000000
0.00041250 0.00013750 0.00000000
0.00041250 0.00013750 0.00000000
0.00041250 0.00013750 -0.00096250
-0.00055000 0.00013750 0.00000000
0.00041250 0.00013750 0.00000000
0.00041250 -0.00082500 0.00000000
0.00041250 0.00013750 -0.00096250
-0.00055000 0.00013750 0.00000000
-0.00055000 0.00013750 0.00000000
-0.00055000 -0.00082500 0.00000000
0.00041250 0.00013750 0.00000000
-0.00055000 0.00013750 0.00000000
-0.00055000 0.00013750 0.00000000
0.00041250 0.00013750 0.00000000
0.00041250 0.00013750 0.00000000
-0.00055000 0.00013750 0.00000000
0.00041250 0.00013750 0.00000000
-0.00055000 0.00013750 -0.00096250
-0.00055000 0.00013750 0.00000000
-0.00055000 0.00013750 0.00000000
-0.00055000 0.00013750 0.00000000
0.00041250 0.00013750 -0.00096250
-0.00055000 0.00013750 -0.00096250
0.00041250 0.00027500 -0.00096250
0.00041250 0.00027500 -0.00096250
-0.00055000 -0.00082500 0.00000000
0.00041250 0.00027500 -0.00096250
-0.00055000 0.00027500 -0.00096250
-0.00055000 0.00027500 -0.00096250
0.00041250 0.00027500 0.00000000
-0.00055000 0.00027500 -0.00096250
-0.00055000 0.00027500 -0.00096250
0.00041250 0.00027500 0.00000000
0.00041250 0.00027500 0.00000000
-0.00055000 0.00027500 0.00000000
-0.00055000 0.00027500 0.00000000
-0.00055000 0.00027500 0.00000000
-0.00055000 0.00027500 -0.00096250
0.00041250 0.00027500 0.00000000
-0.00055000 -0.00082500 0.00000000
-0.00055000 0.00027500 0.00000000
-0.00055000 0.00027500 0.00000000
0.00041250 0.00027500 0.00110000
-0.00055000 -0.00082500 0.00000000
0.00041250 0.00027500 0.00000000
0.00041250 -0.00082500 0.00000000
0.00041250 -0.00082500 0.00000000
0.00041250 -0.00082500 0.00000000
0.00041250 -0.00082500 0.00000000
-0.00055000 0.00027500 -0.00096250
0.00041250 -0.00082500 0.00000000
0.00041250 -0.00082500 0.00000000
-0.00055000 0.00027500 0.00000000
-0.00055000 0.00027500 0.00000000
-0.00055000 0.00027500 0.00000000
0.00041250 0.00027500 -0.00096250
-0.00055000 0.00027500 0.00110000
-0.00055000 0.00027500 0.00110000
-0.00055000 0.00027500 0.00000000
-0.00055000 0.00027500 0.00000000
-0.00055000 0.00027500 0.00000000
-0.00055000 0.00027500 -0.00096250
-0.00055000 0.00027500 0.00000000
-0.00055000 0.00027500 0.00000000
0.00041250 0.00027500 -0.00096250
-0.00055000 -0.00082500 0.00000000
0.00041250 0.00027500 0.00000000
0.00041250 0.00027500 0.00000000
-0.00055000 -0.00082500 0.00000000
-0.00055000 -0.00082500 0.00000000
0.00041250 0.00027500 0.00110000
0.00041250 0.00027500 0.00000000
0.00041250 0.00027500 0.00000000
0.00041250 0.00027500 0.00000000
0.00041250 -0.00082500 0.00000000
-0.00055000 0.00027500 0.00000000
-0.00055000 0.00027500 0.00000000
0.00041250 0.00123750 0.00000000
-0.00055000 0.00027500 -0.00096250
0.00041250 0.00027500 0.00000000
0.00041250 0.00027500 0.00110000
0.00041250 0.00027500 0.00000000
-0.00055000 -0.00082500 0.00110000
-0.00055000 -0.00082500 0.00110000
0.00041250 0.00027500 0.00000000
0.00041250 0.00027500 0.00000000
0.00041250 0.00027500 0.00000000
0.00041250 0.00027500 0.00000000
0.00041250 -0.00082500 0.00000000
0.00041250 0.00027500 0.00000000
0.00041250 0.00027500 0.00000000
-0.00055000 0.00027500 0.00000000
0.00041250 0.00027500 0.00000000
0.00041250 0.00027500 0.00013750
-0.00165000 0.00027500 0.00013750
0.00041250 0.00027500 0.00013750
0.00041250 0.00027500 0.00013750
0.00041250 0.00027500 0.00123750
0.00041250 0.00027500 0.00013750
0.00041250 0.00027500 0.00013750
-0.00055000 -0.00082500 0.00013750
-0.00055000 -0.00082500 0.00013750
-0.00055000 0.00027500 0.00013750
0.00041250 0.00027500 -0.00096250
-0.00055000 0.00027500 -0.00096250
0.00041250 0.00027500 0.00013750
0.00041250 0.00027500 0.00013750
0.00041250 0.00027500 0.00013750
-0.00055000 0.00027500 0.00013750
-0.00055000 0.00123750 0.00123750
-0.00055000 0.00123750 0.00123750
-0.00055000 0.00027500 0.00013750
-0.00055000 0.00027500 0.00123750
-0.00055000 0.00027500 0.00013750
0.00041250 0.00027500 0.00013750
-0.00055000 0.00027500 0.00013750
-0.00055000 0.00027500 0.00013750
-0.00055000 0.00027500 -0.00096250
-0.00055000 0.00027500 0.00013750
0.00041250 0.00027500 0.00013750
0.00041250 0.00027500 0.00013750
0.00041250 0.00027500 0.00013750
-0.00055000 0.00027500 0.00013750
-0.00055000 0.00027500 0.00013750
-0.00055000 -0.00082500 0.00013750
0.00041250 0.00027500 0.00013750
0.00041250 0.00027500 0.00013750
0.00041250 -0.00082500 0.00013750
0.00041250 0.00027500 0.00013750
0.00041250 0.00027500 0.00123750
0.00041250 -0.00082500 0.00013750
0.00041250 -0.00082500 0.00013750
0.00041250 0.00027500 0.00013750
-0.00055000 0.00027500 0.00013750
-0.00055000 -0.00082500 0.00013750
0.00041250 0.00027500 0.00013750
-0.00055000 0.00027500 0.00013750
-0.00055000 0.00027500 0.00013750
-0.00055000 0.00027500 0.00013750
0.00041250 0.00027500 0.00013750
0.00041250 0.00027500 0.00013750
0.00041250 0.00027500 0.00013750
-0.00055000 0.00123750 0.00013750
-0.00055000 -0.00082500 -0.00096250
0.00041250 0.00123750 0.00013750
-0.00055000 0.00027500 0.00013750
-0.00055000 0.00027500 0.00013750
0.00041250 0.00027500 0.00013750
0.00041250 0.00027500 0.00013750
0.00041250 -0.00082500 0.00013750
0.00041250 0.00027500 0.00123750
0.00041250 0.00027500 0.00123750
0.00041250 0.00027500 -0.00096250
0.00041250 0.00027500 0.00013750
0.00041250 0.00027500 0.00013750
0.00041250 0.00027500 0.00013750
0.00041250 0.00027500 -0.00096250
0.00041250 0.00027500 0.00013750
0.00041250 0.00027500 0.00013750
0.00041250 0.00027500 0.00013750
-0.00055000 0.00027500 0.00013750
-0.00055000 0.00027500 0.00013750
-0.00055000 0.00027500 0.00013750
-0.00055000 0.00027500 0.00013750
0.00041250 -0.00082500 0.00013750
0.00041250 0.00027500 0.00013750
0.00055000 0.00013750 -0.00000000
0.00055000 0.00013750 -0.00000000
0.00055000 0.00013750 -0.00000000
0.00055000 0.00013750 0.00110000
-0.00055000 -0.00096250 -0.00110000
-0.00055000 -0.00096250 -0.00110000
-0.00055000 0.00013750 -0.00000000
0.00055000 0.00013750 0.00110000
-0.00055000 0.00013750 -0.00000000
-0.00055000 0.00013750 -0.00000000
0.00055000 0.00013750 -0.00000000
0.00055000 0.00013750 -0.00000000
0.00055000 0.00013750 -0.00000000
-0.00055000 -0.00096250 -0.00000000
-0.00055000 0.00013750 -0.00000000
-0.00055000 0.00013750 -0.00000000
0.00055000 0.00013750 0.00110000
0.00055000 0.00013750 -0.00000000
0.00055000 -0.00096250 -0.00000000
-0.00055000 -0.00096250 0.00110000
-0.00055000 0.00013750 -0.00110000
-0.00055000 0.00013750 -0.00000000
-0.00055000 -0.00096250 -0.00110000
-0.00055000 0.00013750 -0.00000000
0.00055000 0.00013750 -0.00000000
0.00055000 -0.00096250 -0.00000000
0.00055000 -0.00096250 -0.00000000
-0.00055000 0.00013750 -0.00000000
0.00055000 0.00013750 -0.00000000
0.00055000 0.00013750 -0.00000000
0.00055000 0.00013750 -0.00000000
-0.00055000 0.00013750 -0.00000000
-0.00055000 0.00013750 -0.00000000
0.00055000 0.00013750 -0.00000000
0.00055000 0.00013750 -0.00000000
-0.00055000 0.00013750 -0.00000000
0.00055000 0.00013750 -0.00000000
0.00055000 0.00013750 0.00110000
-0.00055000 0.00013750 -0.00000000
0.00055000 0.00013750 -0.00000000
-0.00055000 0.00123750 -0.00110000
-0.00055000 0.00123750 -0.00110000
0.00055000 0.00013750 -0.00000000
0.00055000 0.00013750 -0.00000000
0.00055000 -0.00096250 -0.00000000
-0.00055000 0.00013750 -0.00110000
0.00055000 0.00013750 -0.00110000
0.00055000 0.00013750 -0.00000000
0.00055000 0.00013750 -0.00000000
0.00055000 0.00013750 -0.00000000
0.00055000 0.00013750 -0.00000000
-0.00055000 0.00013750 -0.00000000
-0.00055000 0.00013750 -0.00000000
-0.00055000 0.00013750 -0.00000000
0.00165000 0.00013750 -0.00000000
-0.00055000 0.00013750 -0.00000000
-0.00055000 0.00013750 -0.00000000
-0.00055000 0.00013750 -0.00000000
0.00055000 0.00013750 -0.00000000
-0.00055000 0.00013750 -0.00000000
0.00055000 0.00000000 0.00013750
0.00055000 0.00000000 0.00013750
0.00055000 -0.00096250 0.00013750
-0.00055000 0.00000000 0.00013750
-0.00055000 0.00000000 0.00013750
-0.00055000 0.00000000 0.00013750
-0.00055000 0.00110000 0.00013750
-0.00055000 0.00110000 0.00013750
-0.00055000 -0.00096250 0.00013750
0.00055000 0.00000000 0.00110000
0.00055000 -0.00096250 -0.00096250
0.00055000 -0.00096250 -0.00096250
-0.00055000 0.00000000 0.00110000
-0.00055000 0.00000000 0.00013750
-0.00055000 0.00000000 0.00013750
-0.00055000 0.00000000 0.00013750
0.00055000 0.00000000 -0.00096250
-0.00055000 0.00000000 0.00013750
-0.00055000 0.00000000 0.00013750
0.00055000 0.00000000 0.00110000
0.00055000 0.00000000 0.00013750
-0.00055000 -0.00096250 0.00013750
0.00055000 -0.00096250 0.00013750
0.00055000 0.00000000 0.00013750
-0.00055000 -0.00096250 0.00013750
-0.00055000 0.00000000 0.00013750
-0.00055000 0.00000000 0.00013750
-0.00055000 0.00000000 0.00013750
-0.00055000 0.00000000 0.00013750
-0.00055000 0.00000000 0.00013750
0.00041250 0.00000000 0.00013750
0.00041250 0.00000000 0.00013750
-0.00055000 0.00000000 0.00013750
-0.00055000 0.00000000 0.00013750
0.00041250 0.00000000 0.00013750
0.00041250 0.00000000 0.00013750
0.00041250 0.00000000 0.00013750
-0.00055000 0.00000000 0.00013750
0.00041250 0.00000000 0.00013750
-0.00055000 0.00110000 -0.00096250
0.00055000 0.00000000 0.00013750
0.00055000 0.00000000 0.00013750
-0.00055000 0.00000000 0.00013750
-0.00055000 0.00000000 0.00013750
-0.00165000 0.00000000 -0.00096250
-0.00055000 0.00000000 0.00013750
-0.00055000 0.00000000 0.00013750
0.00055000 0.00000000 0.00013750
0.00055000 0.00000000 0.00013750
-0.00055000 0.00000000 0.00013750
-0.00055000 0.00000000 0.00013750
-0.00055000 0.00000000 0.00013750
-0.00055000 0.00000000 0.00013750
-0.00055000 0.00000000 -0.00096250
0.00055000 0.00000000 0.00013750
0.00055000 0.00000000 0.00013750
0.00055000 0.00000000 0.00013750
0.00055000 -0.00096250 -0.00096250
0.00055000 -0.00096250 -0.00096250
-0.00055000 0.00000000 0.00013750
0.00055000 0.00000000 0.00013750
0.00055000 -0.00096250 0.00013750
0.00041250 -0.00096250 0.00013750
0.00041250 -0.00096250 0.00013750
0.00041250 0.00000000 0.00013750
0.00041250 -0.00096250 0.00013750
0.00041250 0.00000000 0.00013750
0.00041250 0.00000000 0.00013750
-0.00055000 0.00013750 0.00000000
-0.00055000 0.00013750 -0.00096250
-0.00055000 0.00013750 -0.00096250
-0.00055000 0.00013750 0.00000000
-0.00055000 0.00013750 0.00000000
0.00055000 0.00013750 0.00000000
-0.00055000 0.00013750 0.00000000
0.00055000 -0.00096250 0.00000000
-0.00055000 0.00013750 -0.00096250
0.00055000 0.00013750 0.00000000
0.00055000 0.00013750 0.00000000
-0.00165000 -0.00096250 0.00000000
0.00055000 0.00013750 0.00000000
-0.00055000 0.00013750 0.00000000
-0.00055000 0.00123750 0.00000000
0.00055000 -0.00096250 -0.00096250
0.00055000 0.00013750 0.00110000
0.00055000 0.00013750 0.00110000
-0.00055000 0.00013750 0.00000000
-0.00055000 0.00013750 0.00000000
0.00055000 0.00013750 0.00000000
0.00055000 0.00013750 0.00000000
0.00055000 0.00013750 -0.00096250
0.00055000 0.00013750 -0.00096250
0.00055000 0.00013750 0.00000000
0.00055000 0.00013750 0.00000000
0.00055000 0.00013750 0.00000000
0.00055000 0.00013750 0.00000000
0.00055000 0.00013750 0.00000000
-0.00055000 0.00013750 0.00000000
-0.00055000 0.00013750 0.00000000
-0.00055000 0.00013750 0.00000000
-0.00055000 0.00013750 0.00000000
0.00055000 0.00013750 0.00000000
0.00055000 0.00013750 0.00110000
0.00055000 -0.00096250 0.00000000
0.00055000 0.00013750 0.00000000
0.00055000 0.00013750 0.00000000
0.00055000 0.00013750 0.00000000
-0.00055000 0.00013750 0.00000000
-0.00055000 0.00013750 0.00000000
-0.00055000 0.00013750 -0.00096250
0.00055000 -0.00096250 0.00000000
0.00055000 0.00013750 0.00000000
-0.00055000 0.00013750 0.00000000
0.00055000 -0.00096250 -0.00096250
0.00055000 -0.00096250 0.00000000
-0.00055000 0.00013750 -0.00096250
-0.00055000 0.00013750 0.00000000
0.00055000 0.00013750 -0.00096250
-0.00055000 0.00013750 0.00000000
0.00055000 -0.00096250 0.00000000
-0.00055000 0.00013750 0.00000000
-0.00055000 0.00013750 0.00000000
-0.00165000 0.00013750 0.00000000
-0.00165000 0.00013750 0.00000000
-0.00055000 -0.00096250 0.00000000
0.00055000 0.00013750 0.00000000
-0.00055000 0.00123750 0.00000000
0.00055000 0.00013750 0.00000000
0.00055000 0.00013750 0.00000000
-0.00055000 0.00013750 -0.00096250
-0.00055000 -0.00096250 0.00000000
-0.00151250 0.00013750 -0.00096250
-0.00055000 -0.00096250 0.00013750
-0.00055000 0.00123750 0.00013750
0.00055000 0.00013750 -0.00096250
0.00055000 -0.00096250 0.00013750
0.00165000 0.00013750 0.00013750
-0.00055000 0.00013750 0.00013750
0.00055000 -0.00206250 0.00013750
0.00055000 -0.00206250 0.00013750
0.00165000 -0.00096250 0.00013750
-0.00055000 0.00013750 0.00110000
-0.00055000 0.00013750 0.00013750
-0.00055000 0.00013750 0.00013750
0.00055000 0.00013750 -0.00096250
-0.00055000 0.00013750 0.00013750
0.00165000 0.00013750 0.00013750
-0.00055000 0.00013750 0.00013750
-0.00055000 0.00013750 0.00013750
-0.00055000 0.00013750 0.00013750
0.00055000 -0.00096250 0.00013750
0.00055000 0.00123750 -0.00096250
0.00055000 0.00013750 0.00123750
0.00055000 0.00013750 0.00123750
-0.00055000 0.00013750 -0.00096250
-0.00055000 0.00013750 0.00123750
-0.00055000 0.00013750 0.00123750
0.00055000 -0.00096250 0.00013750
0.00055000 -0.00096250 0.00013750
0.00055000 0.00013750 0.00013750
0.00055000 0.00013750 0.00013750
0.00055000 0.00013750 0.00013750
-0.00055000 -0.00096250 0.00013750
0.00055000 0.00123750 -0.00096250
-0.00055000 0.00013750 0.00013750
-0.00055000 0.00013750 0.00013750
0.00055000 0.00013750 0.00013750
-0.00055000 -0.00096250 0.00123750
0.00165000 -0.00096250 0.00013750
0.00165000 -0.00096250 0.00013750
-0.00055000 0.00013750 0.00013750
0.00055000 0.00013750 0.00013750
0.00055000 0.00013750 -0.00096250
0.00055000 0.00013750 0.00013750
-0.00055000 -0.00096250 -0.00096250
-0.00055000 0.00013750 0.00123750
0.00055000 0.00013750 0.00013750
0.00055000 -0.00096250 0.00123750
0.00055000 -0.00096250 0.00013750
0.00055000 0.00013750 0.00013750
0.00055000 -0.00096250 0.00013750
0.00055000 -0.00096250 0.00013750
-0.00055000 0.00013750 -0.00096250
-0.00055000 0.00013750 0.00013750
-0.00055000 0.00013750 0.00013750
-0.00055000 0.00013750 0.00013750
-0.00055000 0.00013750 0.00123750
-0.00055000 0.00013750 0.00013750
-0.00055000 0.00013750 0.00013750
0.00055000 0.00013750 0.00123750
-0.00055000 0.00013750 0.00013750
-0.00055000 0.00013750 0.00013750
0.00055000 0.00013750 0.00013750
-0.00055000 0.00013750 0.00123750
0.00055000 0.00123750 -0.00096250
0.00055000 0.00013750 0.00000000
0.00055000 0.00013750 0.00000000
0.00055000 0.00013750 0.00000000
0.00055000 0.00013750 0.00000000
0.00055000 0.00013750 -0.00096250
0.00055000 0.00013750 0.00000000
0.00055000 0.00013750 0.00000000
-0.00055000 -0.00082500 0.00000000
-0.00055000 -0.00082500 0.00000000
-0.00055000 -0.00082500 0.00000000
0.00055000 0.00013750 0.00000000
-0.00055000 0.00013750 0.00110000
0.00055000 0.00013750 0.00110000
0.00055000 0.00013750 0.00110000
0.00055000 -0.00082500 0.00000000
-0.00055000 0.00013750 0.00000000
-0.00165000 0.00013750 0.00000000
0.00055000 0.00013750 0.00110000
-0.00055000 0.00013750 0.00000000
-0.00055000 0.00013750 0.00000000
-0.00055000 -0.00082500 0.00000000
-0.00055000 -0.00082500 0.00000000
0.00055000 -0.00082500 0.00000000
-0.00055000 0.00123750 0.00000000
-0.00055000 -0.00082500 0.00000000
0.00055000 0.00013750 0.00000000
-0.00055000 0.00013750 0.00000000
-0.00055000 0.00013750 0.00110000
0.00055000 0.00013750 0.00110000
-0.00055000 0.00013750 0.00000000
0.00055000 0.00013750 0.00000000
-0.00055000 -0.00082500 0.00000000
-0.00055000 -0.00082500 0.00000000
-0.00055000 0.00013750 0.00000000
0.00165000 0.00013750 0.00000000
-0.00055000 -0.00082500 0.00000000
-0.00055000 -0.00082500 0.00000000
0.00055000 0.00013750 0.00000000
0.00055000 0.00013750 -0.00096250
0.00055000 0.00013750 0.00000000
-0.00055000 0.00013750 0.00000000
-0.00055000 0.00013750 0.00000000
-0.00055000 0.00013750 -0.00096250
0.00055000 -0.00192500 0.00000000
0.00055000 0.00013750 0.00110000
-0.00055000 0.00013750 0.00000000
-0.00055000 0.00013750 0.00000000
0.00055000 0.00013750 0.00000000
-0.00055000 -0.00082500 0.00000000
0.00055000 0.00013750 0.00110000
0.00055000 -0.00082500 -0.00096250
-0.00055000 0.00013750 0.00000000
-0.00055000 0.00013750 0.00000000
0.00055000 0.00013750 0.00000000
-0.00055000 -0.00082500 0.00000000
-0.00055000 0.00013750 0.00000000
-0.00055000 -0.00082500 0.00000000
0.00055000 0.00123750 0.00000000
0.00055000 0.00123750 0.00000000
0.00055000 0.00013750 0.00000000
-0.00055000 0.00013750 0.00000000
-0.00055000 0.00013750 0.00000000
-0.00055000 0.00123750 0.00000000
-0.00055000 0.00013750 0.00000000
-0.00055000 0.00027500 0.00013750
-0.00055000 0.00027500 0.00013750
-0.00055000 0.00027500 0.00013750
0.00055000 0.00027500 -0.00096250
0.00055000 0.00027500 0.00013750
0.00055000 -0.00082500 -0.00096250
0.00055000 -0.00082500 -0.00096250
0.00055000 0.00027500 0.00013750
0.00055000 0.00027500 0.00013750
0.00055000 -0.00082500 0.00013750
0.00055000 -0.00082500 0.00013750
0.00055000 -0.00082500 0.00110000
0.00055000 -0.00082500 0.00110000
0.00055000 -0.00082500 0.00013750
0.00055000 0.00027500 0.00013750
-0.00055000 0.00027500 0.00013750
-0.00055000 0.00027500 0.00013750
-0.00055000 0.00027500 -0.00096250
0.00055000 -0.00082500 0.00013750
0.00055000 0.00027500 0.00013750
0.00055000 0.00027500 0.00013750
0.00055000 0.00027500 0.00013750
0.00055000 0.00027500 0.00013750
0.00055000 0.00027500 0.00013750
0.00055000 0.00027500 0.00013750
-0.00055000 -0.00082500 0.00110000
0.00055000 0.00027500 0.00013750
0.00055000 0.00027500 0.00013750
0.00055000 0.00027500 0.00013750
0.00055000 0.00027500 0.00013750
0.00055000 0.00027500 0.00013750
0.00055000 -0.00082500 0.00013750
0.00055000 -0.00082500 0.00110000
0.00055000 0.00027500 0.00013750
-0.00055000 0.00027500 0.00013750
0.00055000 -0.00082500 0.00013750
0.00055000 -0.00082500 0.00013750
-0.00055000 0.00027500 0.00013750
0.00055000 0.00027500 0.00013750
0.00055000 0.00027500 0.00013750
-0.00055000 0.00027500 0.00013750
-0.00055000 0.00027500 0.00013750
-0.00055000 0.00027500 0.00013750
0.00055000 0.00027500 0.00013750
0.00055000 0.00027500 0.00110000
0.00055000 0.00027500 0.00110000
0.00055000 0.00123750 0.00013750
0.00055000 0.00027500 0.00110000
0.00055000 0.00027500 0.00013750
0.00055000 -0.00082500 0.00013750
0.00055000 -0.00082500 0.00013750
-0.00055000 0.00027500 -0.00096250
-0.00055000 0.00027500 -0.00096250
0.00055000 0.00123750 0.00013750
0.00055000 -0.00082500 0.00013750
-0.00068750 0.00027500 0.00000000
-0.00068750 0.00027500 0.00000000
-0.00068750 0.00027500 0.00000000
0.00027500 0.00027500 -0.00110000
0.00027500 0.00027500 -0.00110000
0.00027500 -0.00082500 0.00000000
-0.00068750 0.00027500 0.00000000
-0.00068750 0.00123750 0.00000000
-0.00068750 0.00123750 0.00000000
0.00027500 -0.00082500 0.00000000
0.00027500 0.00027500 0.00000000
-0.00068750 -0.00082500 0.00000000
0.00027500 0.00027500 0.00000000
0.00027500 0.00123750 0.00000000
0.00027500 0.00123750 0.00000000
0.00027500 0.00027500 0.00000000
-0.00068750 0.00027500 0.00000000
-0.00068750 -0.00082500 0.00000000
0.00027500 -0.00082500 0.00000000
0.00027500 0.00027500 0.00000000
-0.00068750 0.00027500 0.00000000
-0.00068750 0.00027500 0.00000000
-0.00068750 0.00027500 0.00000000
0.00027500 -0.00082500 0.00000000
0.00027500 -0.00082500 0.00000000
-0.00068750 0.00027500 -0.00110000
0.00027500 0.00027500 -0.00110000
0.00027500 0.00027500 -0.00110000
0.00027500 0.00123750 0.00000000
-0.00068750 0.00027500 0.00000000
0.00027500 -0.00082500 0.00000000
0.00027500 -0.00082500 0.00110000
-0.00068750 0.00027500 0.00000000
-0.00068750 0.00027500 0.00000000
0.00027500 0.00027500 0.00000000
0.00027500 0.00027500 0.00000000
0.00027500 0.00027500 0.00000000
0.00027500 0.00027500 0.00000000
0.00027500 0.00027500 0.00000000
0.00027500 0.00027500 0.00000000
0.00027500 0.00027500 0.00000000
0.00027500 -0.00082500 0.00000000
0.00027500 -0.00082500 0.00110000
0.00027500 0.00027500 0.00000000
0.00027500 0.00027500 0.00000000
0.00027500 0.00027500 0.00000000
0.00027500 0.00027500 0.00000000
0.00027500 0.00027500 0.00000000
0.00027500 0.00027500 0.00000000
0.00027500 0.00027500 0.00000000
0.00027500 -0.00082500 0.00000000
-0.00068750 -0.00082500 0.00000000
-0.00068750 -0.00082500 0.00000000
0.00027500 0.00027500 0.00110000
0.00027500 0.00027500 0.00000000
0.00027500 -0.00082500 0.00000000
0.00027500 -0.00082500 0.00000000
-0.00068750 0.00027500 0.00000000
-0.00178750 0.00027500 0.00000000
-0.00068750 0.00027500 0.00000000
-0.00068750 0.00027500 0.00000000
0.00027500 -0.00082500 0.00000000
0.00041250 0.00027500 0.00000000
0.00041250 0.00027500 0.00000000
0.00041250 -0.00082500 0.00000000
0.00041250 0.00027500 -0.00110000
0.00041250 0.00027500 0.00000000
0.00041250 0.00027500 0.00000000
0.00041250 0.00027500 0.00000000
0.00027500 0.00027500 0.00000000
-0.00068750 0.00013750 0.00000000
-0.00068750 0.00013750 0.00000000
-0.00068750 0.00013750 -0.00110000
-0.00068750 0.00013750 -0.00110000
-0.00068750 0.00013750 0.00000000
0.00041250 0.00013750 -0.00110000
0.00041250 0.00013750 0.00000000
0.00041250 0.00123750 -0.00110000
0.00041250 0.00013750 0.00000000
0.00041250 0.00013750 0.00000000
-0.00068750 0.00013750 -0.00110000
-0.00068750 0.00013750 0.00000000
0.00041250 0.00013750 -0.00110000
0.00041250 -0.00082500 0.00110000
0.00041250 0.00013750 0.00000000
-0.00068750 0.00013750 0.00000000
-0.00068750 0.00013750 -0.00110000
0.00041250 0.00013750 0.00000000
0.00041250 0.00013750 0.00000000
-0.00068750 0.00013750 0.00000000
-0.00068750 0.00013750 0.00000000
0.00041250 0.00013750 0.00000000
0.00041250 0.00013750 0.00000000
-0.00068750 0.00013750 0.00000000
-0.00068750 0.00013750 0.00000000
0.00041250 -0.00082500 0.00000000
0.00041250 0.00013750 0.00000000
0.00041250 0.00013750 0.00000000
-0.00068750 0.00123750 0.00000000
0.00041250 -0.00082500 0.00000000
0.00041250 0.00013750 -0.00110000
0.00041250 0.00013750 -0.00110000
0.00041250 0.00013750 0.00000000
0.00041250 0.00013750 -0.00110000
-0.00068750 0.00013750 0.00000000
-0.00068750 0.00013750 0.00000000
0.00041250 0.00123750 0.00000000
-0.00068750 0.00013750 0.00000000
-0.00068750 0.00013750 0.00000000
-0.00068750 0.00013750 0.00000000
-0.00068750 0.00013750 0.00000000
-0.00068750 0.00013750 0.00000000
0.00041250 -0.00082500 0.00000000
0.00041250 -0.00082500 0.00000000
0.00041250 0.00013750 -0.00110000
-0.00068750 0.00123750 0.00110000
-0.00068750 0.00013750 0.00000000
-0.00068750 0.00013750 0.00000000
0.00041250 0.00013750 0.00000000
0.00041250 0.00013750 0.00000000
0.00041250 0.00013750 0.00000000
-0.00068750 0.00013750 0.00000000
-0.00068750 -0.00082500 0.00000000
-0.00068750 -0.00082500 0.00000000
0.00041250 0.00013750 -0.00110000
0.00041250 0.00013750 0.00000000
0.00041250 0.00013750 0.00000000
-0.00068750 0.00013750 0.00000000
-0.00055000 0.00013750 0.00013750
0.00041250 -0.00096250 0.00013750
0.00041250 -0.00096250 0.00013750
-0.00055000 0.00013750 0.00013750
-0.00055000 0.00013750 0.00013750
0.00041250 0.00013750 -0.00096250
-0.00055000 0.00013750 0.00013750
0.00151250 0.00013750 0.00013750
-0.00055000 0.00013750 -0.00096250
0.00041250 0.00013750 0.00013750
0.00041250 -0.00096250 0.00013750
-0.00055000 0.00123750 0.00013750
0.00041250 -0.00096250 0.00013750
-0.00055000 0.00013750 0.00013750
-0.00055000 0.00013750 0.00013750
0.00041250 0.00013750 0.00013750
-0.00055000 0.00013750 0.00013750
-0.00055000 -0.00096250 0.00013750
0.00041250 0.00013750 -0.00096250
0.00041250 0.00013750 -0.00096250
0.00041250 0.00013750 -0.00096250
0.00041250 0.00013750 0.00013750
-0.00055000 0.00013750 -0.00096250
0.00041250 0.00013750 -0.00096250
-0.00055000 0.00013750 0.00110000
0.00041250 0.00013750 0.00013750
0.00041250 0.00123750 0.00110000
0.00041250 0.00123750 0.00110000
0.00151250 0.00013750 0.00013750
0.00041250 -0.00096250 0.00013750
0.00041250 0.00013750 0.00013750
0.00041250 -0.00082500 -0.00096250
-0.00055000 0.00013750 0.00110000
-0.00055000 0.00013750 0.00013750
-0.00055000 -0.00082500 0.00013750
0.00041250 0.00013750 0.00013750
0.00041250 -0.00082500 0.00013750
0.00041250 0.00013750 0.00013750
0.00041250 0.00013750 0.00013750
-0.00055000 0.00013750 0.00013750
-0.00055000 -0.00082500 0.00013750
0.00041250 0.00013750 0.00013750
0.00041250 0.00013750 0.00013750
-0.00055000 0.00013750 0.00013750
-0.00055000 0.00013750 0.00013750
-0.00055000 0.00013750 0.00013750
-0.00055000 0.00013750 0.00013750
0.00041250 0.00013750 0.00013750
-0.00055000 0.00013750 0.00013750
-0.00055000 0.00013750 -0.00096250
0.00041250 0.00013750 0.00110000
0.00041250 0.00013750 0.00013750
0.00041250 0.00013750 0.00013750
-0.00055000 -0.00082500 0.00013750
0.00041250 0.00013750 0.00013750
-0.00055000 0.00013750 0.00013750
0.00041250 0.00013750 0.00013750
0.00041250 0.00013750 0.00110000
-0.00055000 0.00013750 0.00013750
0.00041250 0.00013750 0.00013750
0.00041250 0.00013750 0.00013750
0.00041250 0.00013750 0.00013750
0.00041250 0.00013750 0.00013750
-0.00055000 -0.00082500 0.00013750
-0.00055000 0.00013750 0.00013750
0.00151250 -0.00082500 0.00013750
-0.00055000 -0.00082500 0.00013750
-0.00055000 -0.00082500 0.00013750
0.00041250 -0.00082500 0.00013750
-0.00055000 0.00013750 0.00013750
-0.00055000 0.00013750 0.00013750
0.00041250 0.00013750 -0.00096250
-0.00055000 0.00013750 0.00000000
-0.00055000 0.00013750 -0.00110000
0.00041250 0.00013750 0.00000000
0.00041250 -0.00082500 0.00110000
0.00041250 -0.00082500 0.00110000
0.00041250 0.00013750 0.00000000
-0.00055000 0.00013750 0.00000000
-0.00055000 0.00013750 0.00000000
-0.00055000 0.00013750 0.00000000
0.00041250 0.00013750 0.00000000
0.00041250 0.00013750 0.00000000
0.00041250 0.00013750 0.00000000
-0.00055000 0.00123750 0.00000000
-0.00055000 -0.00082500 0.00000000
0.00041250 0.00013750 0.00000000
0.00041250 0.00013750 0.00000000
-0.00055000 0.00123750 0.00000000
0.00041250 -0.00082500 -0.00110000
0.00041250 0.00013750 0.00110000
0.00151250 0.00013750 0.00000000
-0.00055000 -0.00082500 -0.00110000
0.00041250 0.00013750 0.00000000
0.00041250 0.00013750 0.00000000
0.00041250 0.00013750 0.00000000
-0.00055000 0.00013750 0.00000000
-0.00055000 0.00013750 0.00000000
-0.00055000 0.00013750 0.00000000
-0.00055000 0.00013750 0.00000000
0.00041250 -0.00082500 0.00000000
0.00041250 0.00013750 0.00000000
-0.00055000 -0.00082500 0.00000000
-0.00055000 -0.00082500 0.00000000
-0.00055000 0.00123750 0.00000000
0.00041250 -0.00082500 0.00000000
0.00041250 -0.00082500 0.00000000
-0.00055000 0.00013750 0.00000000
0.00041250 -0.00082500 0.00000000
0.00041250 0.00013750 0.00110000
0.00041250 0.00013750 0.00110000
0.00041250 0.00013750 0.00000000
0.00041250 0.00013750 0.00000000
0.00041250 -0.00082500 0.00000000
-0.00055000 0.00013750 -0.00110000
-0.00055000 0.00013750 0.00110000
-0.00055000 0.00013750 0.00110000
0.00041250 0.00013750 0.00000000
0.00041250 0.00013750 0.00000000
-0.00055000 0.00123750 -0.00110000
0.00041250 -0.00082500 0.00000000
0.00041250 -0.00082500 0.00000000
0.00041250 0.00013750 -0.00110000
0.00041250 0.00123750 0.00110000
-0.00055000 0.00013750 0.00000000
-0.00055000 0.00013750 0.00000000
0.00041250 0.00013750 0.00000000
0.00041250 0.00013750 0.00000000
-0.00055000 0.00013750 0.00000000
0.00041250 -0.00082500 0.00000000
-0.00055000 0.00123750 -0.00110000
0.00041250 0.00013750 0.00000000
-0.00055000 0.00013750 0.00000000
-0.00055000 0.00013750 -0.00110000
-0.00055000 0.00013750 -0.00110000
0.00041250 -0.00082500 0.00000000
0.00041250 -0.00082500 0.00000000
0.00041250 0.00013750 0.00000000
0.00041250 0.00013750 0.00000000
0.00041250 0.00013750 0.00000000
0.00041250 0.00013750 0.00000000
0.00041250 0.00013750 0.00000000
0.00041250 0.00013750 0.00000000
0.00041250 -0.00096250 0.00000000
0.00041250 -0.00096250 0.00000000
0.00041250 0.00013750 0.00000000
0.00041250 0.00013750 0.00000000
0.00041250 0.00013750 0.00000000
0.00041250 -0.00096250 0.00000000
0.00041250 0.00123750 0.00000000
0.00041250 0.00013750 0.00000000
0.00041250 0.00013750 0.00110000
0.00041250 0.00013750 0.00110000
-0.00068750 0.00013750 0.00110000
0.00041250 0.00013750 -0.00096250
-0.00068750 0.00013750 0.00000000
-0.00068750 0.00013750 0.00000000
0.00041250 0.00013750 0.00000000
0.00041250 0.00013750 0.00000000
0.00041250 0.00013750 0.00000000
0.00041250 0.00013750 0.00000000
-0.00068750 0.00013750 0.00110000
-0.00068750 0.00013750 -0.00096250
-0.00068750 0.00013750 0.00000000
-0.00068750 0.00013750 0.00000000
-0.00068750 0.00013750 0.00000000
-0.00068750 0.00013750 0.00000000
-0.00068750 -0.00096250 0.00110000
-0.00068750 -0.00096250 0.00110000
0.00041250 0.00013750 0.00000000
-0.00068750 0.00013750 0.00110000
0.00041250 0.00013750 0.00000000
-0.00068750 0.00013750 -0.00096250
-0.00068750 0.00013750 0.00000000
0.00041250 -0.00096250 0.00000000
0.00041250 -0.00096250 0.00000000
0.00041250 0.00013750 0.00110000
-0.00068750 0.00013750 0.00000000
-0.00068750 -0.00096250 0.00000000
0.00041250 0.00013750 0.00000000
-0.00068750 0.00013750 -0.00096250
-0.00068750 0.00013750 -0.00096250
0.00041250 0.00013750 0.00110000
-0.00068750 -0.00096250 0.00110000
-0.00068750 -0.00096250 0.00110000
-0.00068750 0.00013750 0.00000000
0.00041250 0.00013750 0.00000000
-0.00068750 0.00013750 0.00000000
-0.00068750 0.00013750 0.00000000
-0.00068750 0.00013750 -0.00096250
0.00041250 0.00013750 0.00000000
0.00151250 -0.00096250 0.00000000
-0.00165000 0.00013750 0.00000000
-0.00068750 0.00013750 0.00000000
-0.00068750 0.00013750 0.00000000
-0.00068750 0.00013750 0.00000000
0.00041250 0.00013750 0.00000000
0.00041250 0.00013750 0.00000000
0.00041250 0.00013750 0.00000000
0.00041250 0.00013750 0.00000000
0.00041250 0.00013750 0.00000000
-0.00068750 0.00013750 -0.00096250
-0.00068750 0.00013750 0.00000000
0.00041250 0.00013750 -0.00096250
-0.00055000 0.00013750 -0.00096250
-0.00055000 0.00013750 -0.00096250
0.00055000 0.00013750 0.00000000
-0.00055000 0.00013750 -0.00096250
0.00055000 0.00013750 0.00000000
-0.00055000 -0.00096250 -0.00096250
0.00055000 0.00013750 0.00000000
0.00055000 -0.00096250 -0.00096250
-0.00055000 0.00013750 0.00000000
-0.00055000 0.00013750 -0.00096250
-0.00055000 0.00013750 -0.00096250
0.00055000 0.00013750 0.00000000
-0.00055000 0.00123750 0.00000000
0.00055000 0.00013750 0.00000000
0.00055000 0.00013750 0.00000000
0.00055000 -0.00096250 -0.00096250
-0.00055000 0.00013750 0.00000000
-0.00055000 -0.00096250 0.00000000
-0.00055000 0.00013750 0.00000000
-0.00055000 0.00013750 0.00000000
0.00055000 0.00013750 0.00000000
0.00055000 0.00013750 0.00110000
0.00055000 0.00013750 -0.00096250
0.00055000 0.00013750 0.00110000
0.00055000 0.00013750 0.00000000
0.00055000 0.00013750 0.00110000
0.00055000 0.00013750 0.00110000
0.00055000 -0.00096250 0.00000000
-0.00055000 0.00013750 0.00000000
-0.00055000 -0.00096250 0.00000000
-0.00055000 0.00013750 0.00000000
0.00055000 -0.00096250 0.00000000
0.00055000 0.00013750 0.00000000
0.00055000 0.00013750 -0.00096250
-0.00055000 -0.00096250 0.00000000
0.00055000 0.00013750 0.00110000
0.00055000 0.00013750 0.00000000
0.00055000 0.00013750 0.00000000
0.00055000 0.00013750 -0.00096250
-0.00055000 0.00013750 0.00000000
-0.00055000 -0.00096250 -0.00096250
-0.00055000 -0.00096250 -0.00096250
0.00055000 0.00013750 0.00000000
0.00055000 -0.00096250 0.00000000
0.00055000 0.00123750 0.00000000
-0.00055000 0.00013750 0.00000000
0.00055000 0.00013750 0.00000000
0.00055000 0.00013750 0.00000000
0.00055000 0.00013750 -0.00096250
-0.00055000 0.00013750 0.00000000
-0.00055000 0.00013750 -0.00096250
0.00055000 -0.00096250 0.00000000
0.00055000 0.00013750 -0.00096250
-0.00055000 -0.00096250 0.00110000
0.00055000 0.00123750 0.00000000
0.00055000 0.00013750 -0.00096250
-0.00055000 -0.00096250 0.00000000
0.00055000 0.00013750 0.00000000
-0.00055000 0.00013750 0.00000000
0.00055000 0.00013750 0.00000000
-0.00055000 0.00013750 0.00013750
-0.00165000 0.00013750 -0.00096250
-0.00055000 0.00013750 0.00013750
-0.00055000 -0.00082500 -0.00096250
-0.00055000 0.00013750 -0.00096250
-0.00055000 0.00013750 0.00013750
-0.00055000 0.00013750 0.00013750
0.00055000 0.00013750 0.00013750
0.00055000 0.00013750 0.00013750
0.00055000 0.00013750 0.00013750
0.00055000 0.00013750 0.00013750
-0.00055000 0.00013750 0.00013750
-0.00055000 0.00013750 0.00013750
-0.00055000 0.00013750 0.00013750
0.00055000 0.00013750 -0.00096250
-0.00055000 0.00013750 0.00013750
0.00055000 0.00013750 0.00013750
0.00055000 0.00013750 0.00013750
-0.00055000 0.00013750 0.00013750
-0.00055000 0.00013750 0.00013750
-0.00055000 0.00013750 -0.00096250
0.00055000 0.00013750 0.00123750
0.00055000 0.00013750 0.00013750
0.00055000 0.00013750 0.00013750
-0.00055000 0.00013750 0.00013750
-0.00055000 -0.00082500 0.00013750
-0.00055000 -0.00082500 0.00013750
-0.00055000 0.00013750 0.00013750
-0.00055000 0.00013750 0.00013750
-0.00055000 0.00013750 -0.00096250
-0.00055000 -0.00082500 0.00013750
0.00055000 0.00013750 -0.00096250
-0.00055000 0.00013750 0.00123750
-0.00055000 0.00013750 0.00123750
-0.00055000 0.00013750 0.00013750
0.00055000 -0.00082500 -0.00096250
0.00055000 0.00013750 0.00013750
0.00055000 0.00013750 -0.00096250
0.00055000 0.00013750 0.00013750
0.00055000 0.00013750 0.00013750
0.00055000 -0.00082500 0.00123750
0.00055000 0.00013750 0.00013750
0.00055000 0.00013750 0.00013750
0.00055000 0.00013750 0.00013750
-0.00055000 0.00013750 0.00013750
-0.00055000 0.00013750 0.00013750
0.00055000 0.00013750 0.00013750
-0.00055000 0.00013750 0.00013750
0.00055000 0.00013750 0.00013750
-0.00055000 0.00013750 0.00123750
0.00055000 0.00013750 0.00013750
-0.00041250 0.00013750 0.00013750
0.00068750 -0.00096250 0.00013750
0.00068750 -0.00096250 0.00013750
0.00068750 -0.00096250 0.00110000
0.00068750 -0.00096250 0.00013750
0.00068750 0.00013750 0.00013750
-0.00041250 0.00013750 0.00013750
0.00068750 0.00013750 0.00013750
0.00068750 -0.00096250 0.00013750
0.00068750 -0.00096250 0.00013750
0.00068750 -0.00096250 0.00013750
0.00068750 0.00013750 -0.00096250
0.00068750 -0.00096250 0.00110000
-0.00041250 -0.00096250 0.00013750
-0.00041250 -0.00096250 0.00013750
-0.00041250 0.00013750 -0.00096250
-0.00041250 0.00123750 0.00013750
0.00068750 0.00013750 0.00013750
0.00068750 0.00013750 0.00013750
0.00068750 0.00013750 0.00013750
-0.00041250 0.00013750 0.00013750
-0.00041250 0.00013750 0.00013750
-0.00041250 0.00013750 0.00110000
-0.00041250 0.00013750 0.00110000
0.00068750 -0.00096250 0.00013750
0.00068750 0.00013750 0.00013750
-0.00041250 0.00013750 0.00013750
-0.00041250 0.00013750 -0.00096250
-0.00041250 -0.00096250 0.00013750
-0.00041250 -0.00096250 0.00013750
0.00068750 0.00013750 0.00013750
0.00068750 0.00013750 0.00013750
0.00068750 0.00013750 0.00013750
-0.00041250 0.00013750 0.00013750
0.00068750 -0.00096250 0.00013750
0.00068750 -0.00096250 0.00013750
0.00068750 -0.00096250 0.00013750
0.00068750 -0.00096250 0.00110000
0.00068750 0.00013750 -0.00096250
-0.00041250 0.00013750 0.00110000
0.00068750 0.00013750 0.00013750
0.00068750 -0.00096250 0.00013750
-0.00041250 0.00123750 -0.00096250
0.00068750 0.00013750 0.00013750
0.00068750 0.00013750 0.00013750
-0.00041250 0.00013750 0.00013750
-0.00041250 0.00013750 0.00013750
-0.00041250 0.00013750 0.00013750
-0.00041250 0.00013750 0.00013750
-0.00041250 0.00013750 0.00013750
0.00068750 0.00013750 0.00013750
-0.00041250 0.00013750 0.00013750
-0.00041250 0.00013750 0.00110000
-0.00041250 0.00013750 0.00110000
-0.00041250 0.00013750 0.00110000
-0.00041250 -0.00096250 0.00013750
-0.00151250 -0.00096250 0.00013750
0.00068750 -0.00096250 0.00013750
0.00068750 0.00013750 0.00013750
0.00068750 0.00013750 0.00013750
0.00068750 0.00013750 0.00013750
0.00068750 0.00013750 -0.00096250
0.00068750 0.00013750 0.00013750
0.00068750 -0.00096250 0.00013750
0.00068750 -0.00096250 0.00013750
-0.00041250 0.00013750 0.00013750
0.00068750 0.00013750 0.00013750
0.00068750 0.00013750 -0.00096250
0.00068750 0.00013750 -0.00096250
0.00055000 0.00027500 -0.00000000
0.00055000 0.00027500 -0.00000000
-0.00055000 0.00027500 -0.00000000
-0.00055000 0.00027500 -0.00000000
0.00055000 0.00027500 -0.00000000
0.00055000 0.00027500 -0.00000000
-0.00055000 0.00027500 -0.00000000
0.00055000 -0.00082500 0.00110000
0.00055000 0.00027500 -0.00000000
-0.00055000 0.00027500 0.00110000
-0.00055000 0.00027500 -0.00110000
-0.00055000 0.00027500 -0.00110000
0.00055000 0.00027500 0.00110000
-0.00055000 -0.00082500 -0.00110000
0.00055000 0.00027500 0.00110000
0.00055000 0.00027500 0.00110000
-0.00055000 0.00027500 -0.00000000
0.00055000 -0.00082500 -0.00000000
-0.00055000 -0.00082500 -0.00000000
-0.00055000 -0.00082500 -0.00000000
0.00055000 -0.00082500 -0.00000000
0.00055000 -0.00082500 0.00110000
0.00055000 0.00027500 -0.00000000
0.00055000 0.00027500 -0.00000000
0.00055000 0.00027500 -0.00000000
-0.00055000 0.00027500 -0.00000000
0.00055000 0.00027500 -0.00000000
0.00055000 0.00027500 -0.00000000
-0.00055000 0.00027500 0.00110000
0.00055000 0.00027500 -0.00000000
0.00055000 0.00027500 -0.00000000
0.00055000 0.00027500 -0.00000000
-0.00055000 0.00027500 -0.00000000
0.00055000 0.00027500 -0.00000000
0.00055000 0.00027500 -0.00000000
0.00055000 0.00027500 -0.00000000
0.00055000 0.00027500 -0.00000000
-0.00055000 0.00027500 -0.00000000
-0.00055000 0.00027500 -0.00000000
0.00055000 0.00027500 0.00110000
-0.00055000 0.00027500 -0.00000000
-0.00055000 0.00027500 0.00110000
-0.00055000 0.00027500 0.00110000
0.00055000 0.00027500 -0.00000000
-0.00055000 0.00137500 -0.00110000
0.00055000 0.00027500 -0.00000000
0.00055000 0.00027500 -0.00000000
0.00055000 0.00027500 -0.00000000
0.00055000 0.00027500 -0.00110000
0.00055000 0.00027500 -0.00110000
0.00055000 0.00027500 -0.00000000
0.00055000 0.00027500 -0.00000000
0.00055000 0.00137500 -0.00000000
0.00055000 0.00027500 -0.00110000
-0.00055000 0.00027500 -0.00000000
-0.00055000 0.00027500 -0.00000000
-0.00055000 0.00013750 0.00000000
-0.00055000 0.00013750 0.00000000
0.00055000 -0.00096250 0.00110000
-0.00055000 0.00013750 -0.00096250
0.00055000 -0.00096250 0.00000000
0.00055000 0.00013750 0.00000000
-0.00055000 0.00013750 0.00000000
-0.00055000 0.00013750 0.00000000
0.00055000 0.00013750 0.00000000
0.00055000 0.00013750 0.00000000
0.00055000 0.00013750 0.00000000
-0.00055000 0.00013750 0.00000000
0.00055000 0.00013750 0.00000000
0.00055000 0.00013750 0.00000000
0.00055000 0.00013750 0.00000000
0.00055000 0.00013750 0.00000000
-0.00055000 0.00013750 0.00000000
-0.00055000 -0.00096250 -0.00096250
0.00055000 0.00013750 0.00110000
0.00055000 0.00013750 0.00110000
-0.00055000 0.00013750 0.00000000
-0.00055000 0.00013750 0.00000000
-0.00055000 0.00013750 0.00000000
0.00055000 0.00013750 0.00000000
-0.00055000 0.00013750 0.00000000
0.00055000 0.00013750 0.00000000
0.00165000 0.00013750 0.00000000
0.00165000 0.00013750 0.00000000
0.00055000 0.00013750 0.00110000
0.00055000 -0.00096250 0.00110000
0.00055000 0.00013750 -0.00096250
0.00055000 0.00013750 -0.00096250
-0.00055000 0.00013750 0.00000000
-0.00055000 0.00013750 0.00000000
-0.00055000 0.00123750 0.00000000
0.00165000 0.00013750 0.00110000
-0.00055000 0.00013750 0.00000000
0.00055000 0.00013750 0.00000000
0.00055000 0.00013750 0.00000000
0.00055000 0.00013750 0.00000000
0.00055000 0.00013750 0.00000000
0.00055000 0.00013750 0.00000000
0.00055000 0.00013750 0.00000000
0.00055000 0.00013750 0.00000000
0.00055000 0.00013750 0.00000000
0.00055000 -0.00096250 0.00000000
-0.00055000 0.00013750 -0.00096250
-0.00055000 0.00013750 -0.00096250
0.00055000 0.00013750 0.00110000
0.00055000 -0.00096250 -0.00096250
0.00055000 0.00013750 -0.00096250
0.00055000 0.00013750 0.00000000
0.00055000 -0.00096250 0.00000000
0.00055000 0.00013750 0.00000000
0.00055000 0.00013750 0.00000000
0.00055000 0.00013750 0.00000000
-0.00055000 -0.00096250 0.00000000
0.00055000 0.00013750 0.00000000
-0.00055000 0.00013750 0.00000000
-0.00055000 0.00013750 0.00000000
-0.00055000 0.00013750 0.00000000
-0.00055000 0.00013750 -0.00096250
-0.00055000 -0.00096250 0.00000000
0.00055000 -0.00096250 0.00110000
-0.00055000 0.00013750 -0.00096250
-0.00055000 0.00013750 -0.00096250
-0.00055000 -0.00096250 0.00000000
-0.00055000 0.00013750 0.00110000
-0.00055000 -0.00082500 0.00000000
-0.00055000 0.00027500 0.00110000
0.00055000 0.00027500 0.00000000
0.00055000 0.00027500 0.00000000
0.00055000 0.00027500 0.00000000
0.00055000 0.00027500 0.00000000
-0.00055000 0.00027500 -0.00096250
-0.00055000 0.00027500 0.00000000
-0.00055000 0.00027500 0.00000000
0.00055000 0.00027500 0.00110000
-0.00055000 0.00027500 0.00000000
-0.00055000 0.00123750 0.00000000
0.00055000 -0.00082500 -0.00096250
0.00055000 -0.00082500 -0.00096250
0.00055000 0.00027500 0.00000000
0.00055000 0.00027500 0.00000000
-0.00055000 0.00027500 0.00000000
0.00055000 0.00027500 0.00000000
-0.00055000 0.00027500 0.00000000
-0.00055000 0.00027500 0.00000000
-0.00055000 0.00027500 0.00000000
-0.00055000 0.00027500 0.00000000
-0.00055000 0.00027500 0.00000000
0.00055000 -0.00082500 0.00110000
0.00055000 0.00027500 0.00000000
-0.00055000 0.00027500 0.00000000
-0.00055000 0.00027500 0.00000000
-0.00055000 -0.00082500 0.00000000
-0.00055000 0.00027500 0.00000000
-0.00055000 0.00027500 0.00000000
0.00055000 0.00027500 0.00000000
-0.00055000 0.00027500 0.00000000
0.00055000 0.00027500 -0.00096250
0.00055000 0.00027500 -0.00096250
0.00055000 0.00027500 0.00000000
0.00055000 0.00027500 0.00000000
0.00055000 0.00027500 0.00110000
0.00055000 0.00027500 0.00110000
0.00055000 0.00027500 0.00000000
0.00055000 0.00027500 0.00000000
-0.00055000 -0.00082500 0.00110000
-0.00055000 -0.00082500 0.00110000
0.00055000 0.00027500 -0.00096250
0.00055000 0.00123750 0.00000000
0.00055000 0.00123750 0.00000000
0.00055000 0.00027500 0.00000000
0.00055000 0.00027500 0.00000000
0.00055000 0.00027500 -0.00096250
0.00055000 0.00027500 -0.00096250
0.00055000 0.00027500 0.00000000
0.00055000 -0.00082500 0.00000000
0.00055000 0.00027500 -0.00096250
-0.00055000 0.00027500 0.00000000
-0.00055000 0.00027500 0.00000000
-0.00055000 0.00027500 0.00000000
-0.00055000 0.00027500 -0.00096250
-0.00055000 0.00027500 0.00110000
-0.00055000 0.00027500 -0.00096250
0.00055000 0.00027500 0.00000000
0.00055000 0.00027500 0.00000000
-0.00055000 0.00027500 0.00000000
0.00055000 0.00027500 -0.00096250
0.00055000 0.00027500 0.00110000
-0.00055000 0.00123750 0.00000000
-0.00055000 0.00027500 0.00000000
-0.00055000 0.00027500 0.00000000
0.00055000 -0.00082500 0.00000000
0.00055000 0.00027500 0.00000000
0.00055000 0.00027500 0.00000000
0.00055000 0.00027500 0.00000000
0.00055000 0.00013750 0.00000000
-0.00055000 0.00013750 -0.00096250
0.00055000 0.00013750 -0.00096250
0.00055000 0.00013750 -0.00096250
-0.00055000 0.00013750 0.00000000
0.00055000 0.00013750 0.00000000
0.00055000 0.00013750 0.00000000
-0.00055000 0.00013750 -0.00096250
0.00055000 -0.00082500 0.00110000
0.00055000 -0.00082500 0.00110000
0.00055000 0.00013750 0.00000000
-0.00055000 0.00013750 0.00000000
0.00055000 -0.00082500 0.00000000
0.00055000 -0.00082500 0.00000000
0.00055000 0.00013750 0.00000000
0.00055000 0.00013750 0.00000000
0.00055000 0.00013750 0.00000000
0.00055000 0.00013750 0.00000000
0.00055000 0.00013750 0.00000000
0.00055000 0.00013750 0.00000000
0.00055000 0.00013750 0.00000000
-0.00055000 0.00013750 0.00000000
0.00055000 0.00013750 -0.00096250
0.00055000 0.00013750 -0.00096250
0.00055000 0.00013750 -0.00096250
0.00055000 0.00013750 0.00000000
-0.00055000 0.00123750 0.00000000
-0.00055000 0.00013750 -0.00096250
-0.00055000 0.00013750 0.00000000
0.00055000 -0.00082500 0.00000000
0.00055000 -0.00082500 0.00000000
-0.00055000 -0.00082500 0.00000000
0.00055000 -0.00082500 0.00000000
0.00055000 0.00013750 0.00110000
0.00055000 0.00013750 0.00110000
0.00055000 0.00013750 -0.00096250
-0.00055000 0.00013750 0.00000000
0.00055000 0.00013750 0.00000000
0.00055000 0.00013750 0.00000000
-0.00055000 0.00013750 -0.00096250
-0.00055000 0.00013750 -0.00096250
-0.00055000 0.00013750 0.00000000
-0.00055000 0.00013750 0.00000000
-0.00055000 0.00013750 0.00000000
-0.00055000 0.00013750 0.00000000
-0.00055000 0.00013750 0.00000000
0.00055000 0.00013750 0.00000000
-0.00055000 -0.00082500 0.00000000
-0.00055000 0.00013750 0.00000000
0.00055000 0.00013750 0.00000000
-0.00055000 0.00013750 0.00000000
-0.00055000 0.00013750 0.00000000
0.00055000 0.00013750 0.00000000
0.00055000 0.00013750 0.00000000
-0.00055000 -0.00082500 0.00000000
-0.00055000 0.00013750 0.00000000
0.00055000 0.00013750 0.00000000
-0.00055000 0.00013750 0.00000000
-0.00055000 0.00013750 0.00110000
-0.00055000 0.00013750 0.00110000
0.00055000 0.00013750 -0.00096250
0.00055000 0.00013750 0.00000000
-0.00055000 0.00013750 0.00000000
0.00055000 0.00013750 -0.00096250
-0.00055000 0.00013750 0.00123750
0.00055000 -0.00096250 0.00013750
0.00055000 0.00013750 0.00013750
0.00055000 0.00013750 0.00013750
-0.00055000 0.00013750 0.00013750
0.00055000 0.00013750 0.00013750
0.00055000 -0.00096250 0.00013750
0.00055000 -0.00096250 0.00013750
0.00055000 0.00013750 0.00013750
0.00055000 0.00013750 0.00013750
0.00055000 0.00013750 0.00013750
0.00055000 0.00013750 0.00013750
-0.00055000 0.00013750 -0.00096250
0.00055000 0.00013750 0.00013750
0.00055000 0.00013750 0.00013750
0.00055000 0.00013750 0.00013750
-0.00055000 0.00013750 0.00013750
-0.00055000 0.00013750 0.00013750
-0.00055000 0.00013750 0.00013750
-0.00055000 0.00013750 0.00013750
-0.00055000 0.00013750 0.00013750
-0.00055000 -0.00096250 0.00013750
-0.00055000 -0.00096250 0.00013750
-0.00055000 -0.00096250 -0.00096250
-0.00055000 0.00013750 0.00013750
-0.00055000 -0.00096250 0.00013750
-0.00055000 0.00013750 0.00013750
-0.00055000 0.00013750 0.00013750
0.00055000 0.00013750 0.00013750
0.00055000 0.00013750 0.00013750
0.00055000 0.00013750 0.00013750
0.00055000 -0.00096250 0.00013750
0.00055000 -0.00096250 0.00013750
-0.00055000 0.00123750 0.00013750
0.00055000 -0.00096250 0.00013750
-0.00055000 -0.00096250 0.00013750
-0.00055000 0.00013750 0.00123750
-0.00055000 0.00013750 0.00123750
-0.00055000 0.00013750 0.00013750
-0.00055000 0.00013750 0.00013750
-0.00055000 0.00013750 0.00013750
-0.00055000 0.00013750 -0.00096250
0.00055000 0.00013750 0.00013750
-0.00055000 0.00013750 0.00013750
-0.00055000 0.00013750 0.00013750
0.00055000 0.00123750 0.00013750
0.00055000 -0.00096250 0.00013750
0.00055000 -0.00096250 0.00013750
-0.00055000 0.00013750 0.00013750
-0.00055000 0.00013750 0.00013750
0.00055000 -0.00096250 0.00013750
0.00055000 0.00013750 0.00013750
0.00055000 0.00013750 0.00013750
-0.00055000 0.00013750 0.00013750
-0.00055000 0.00013750 0.00013750
-0.00055000 0.00013750 0.00013750
0.00055000 -0.00096250 0.00123750
0.00055000 -0.00096250 0.00123750
-0.00055000 0.00013750 -0.00096250
-0.00055000 0.00013750 0.00123750
-0.00055000 0.00013750 0.00013750
0.00055000 0.00013750 0.00013750
-0.00055000 0.00013750 -0.00096250
0.00055000 -0.00096250 0.00013750
0.00055000 0.00013750 0.00013750
-0.00055000 0.00123750 -0.00096250
-0.00055000 -0.00096250 0.00013750
-0.00055000 -0.00096250 0.00013750
0.00055000 0.00013750 0.00013750
-0.00055000 -0.00096250 -0.00096250
-0.00055000 0.00013750 -0.00096250
0.00055000 0.00027500 0.00013750
-0.00055000 0.00027500 0.00013750
-0.00055000 0.00027500 0.00013750
0.00055000 -0.00082500 0.00013750
0.00055000 -0.00082500 0.00013750
-0.00055000 0.00027500 0.00013750
0.00055000 0.00027500 0.00013750
0.00055000 0.00027500 0.00013750
-0.00055000 0.00027500 0.00013750
-0.00055000 0.00027500 0.00013750
-0.00055000 -0.00082500 0.00013750
-0.00055000 0.00027500 0.00013750
-0.00055000 0.00027500 0.00013750
-0.00055000 0.00027500 -0.00096250
0.00055000 0.00027500 0.00013750
-0.00055000 0.00027500 0.00013750
0.00055000 0.00027500 0.00013750
0.00055000 0.00027500 0.00013750
0.00055000 0.00027500 0.00013750
-0.00055000 0.00027500 -0.00096250
-0.00055000 0.00137500 0.00123750
-0.00055000 0.00027500 0.00013750
-0.00055000 0.00027500 0.00013750
0.00055000 0.00027500 0.00013750
0.00055000 0.00027500 0.00013750
0.00055000 0.00027500 0.00013750
-0.00055000 0.00027500 0.00013750
-0.00055000 0.00137500 -0.00096250
0.00055000 -0.00082500 0.00013750
0.00055000 0.00027500 0.00013750
0.00055000 0.00027500 0.00013750
0.00055000 0.00027500 0.00013750
0.00055000 0.00027500 0.00123750
0.00055000 0.00027500 0.00013750
-0.00055000 0.00027500 0.00013750
0.00055000 0.00027500 0.00013750
0.00055000 0.00027500 -0.00096250
0.00055000 -0.00082500 -0.00096250
0.00055000 0.00027500 0.00013750
0.00055000 0.00027500 0.00013750
0.00055000 0.00027500 0.00013750
-0.00055000 0.00027500 0.00013750
0.00055000 0.00027500 0.00013750
0.00055000 0.00137500 0.00013750
0.00055000 0.00027500 -0.00096250
0.00055000 0.00027500 -0.00096250
0.00055000 0.00027500 0.00123750
-0.00055000 0.00027500 0.00013750
-0.00055000 -0.00082500 0.00013750
0.00055000 0.00027500 0.00013750
-0.00055000 0.00027500 0.00013750
-0.00055000 0.00027500 0.00013750
-0.00055000 0.00027500 0.00013750
0.00055000 -0.00082500 0.00013750
0.00055000 -0.00082500 0.00013750
0.00055000 -0.00082500 0.00013750
0.00055000 0.00137500 0.00013750
-0.00055000 -0.00082500 0.00013750
0.00055000 0.00027500 0.00013750
0.00055000 -0.00082500 0.00013750
-0.00055000 -0.00082500 0.00013750
-0.00055000 -0.00082500 -0.00096250
0.00055000 0.00027500 0.00013750
-0.00055000 0.00027500 0.00013750
-0.00055000 0.00027500 -0.00096250
-0.00055000 0.00027500 -0.00096250
-0.00055000 0.00027500 0.00123750
0.00055000 -0.00082500 0.00013750
-0.00055000 -0.00082500 0.00013750
0.00055000 0.00027500 0.00013750
-0.00165000 0.00027500 0.00013750
-0.00055000 0.00027500 0.00013750
-0.00055000 0.00027500 0.00013750
-0.00055000 -0.00082500 0.00013750
-0.00055000 -0.00082500 0.00013750
0.00055000 0.00027500 0.00013750
0.00055000 0.00027500 0.00013750
-0.00055000 0.00027500 -0.00096250
0.00055000 0.00027500 0.00013750
-0.00055000 0.00027500 0.00013750
0.00055000 0.00027500 0.00013750
-0.00165000 0.00027500 0.00013750
-0.00055000 -0.00082500 0.00013750
0.00055000 0.00027500 0.00013750
0.00055000 -0.00082500 0.00013750
-0.00055000 0.00027500 0.00013750
-0.00055000 -0.00082500 0.00013750
0.00055000 0.00027500 0.00013750
-0.00055000 0.00027500 0.00013750
-0.00055000 0.00027500 0.00013750
-0.00055000 0.00027500 0.00013750
0.00055000 0.00027500 0.00013750
0.00055000 0.00027500 0.00013750
0.00055000 0.00027500 0.00013750
0.00055000 0.00027500 0.00013750
0.00165000 0.00027500 0.00013750
0.00055000 -0.00082500 0.00013750
-0.00055000 0.00027500 0.00013750
-0.00055000 -0.00082500 0.00013750
-0.00055000 -0.00082500 0.00013750
-0.00055000 0.00027500 0.00013750
-0.00055000 0.00027500 0.00013750
-0.00055000 0.00123750 0.00013750
-0.00055000 0.00123750 0.00013750
0.00055000 -0.00082500 0.00013750
-0.00055000 0.00027500 0.00013750
0.00055000 0.00027500 0.00013750
0.00055000 0.00027500 0.00013750
-0.00055000 0.00027500 0.00110000
-0.00055000 0.00027500 0.00110000
0.00055000 0.00123750 0.00013750
-0.00055000 0.00027500 0.00013750
0.00055000 -0.00082500 0.00013750
0.00055000 -0.00082500 0.00013750
-0.00055000 0.00027500 -0.00096250
-0.00055000 0.00027500 0.00013750
0.00055000 0.00027500 0.00013750
0.00055000 -0.00082500 0.00013750
0.00055000 0.00027500 0.00013750
0.00055000 0.00027500 0.00110000
0.00055000 -0.00082500 0.00013750
0.00055000 -0.00082500 0.00013750
0.00055000 -0.00082500 0.00013750
0.00055000 0.00027500 0.00013750
0.00055000 0.00027500 0.00013750
-0.00055000 0.00027500 0.00013750
-0.00055000 0.00027500 0.00013750
0.00055000 0.00027500 0.00013750
-0.00055000 0.00027500 0.00013750
-0.00055000 0.00027500 0.00013750
0.00055000 0.00027500 -0.00096250
0.00055000 0.00027500 -0.00096250
-0.00055000 0.00027500 0.00013750
0.00055000 0.00027500 0.00013750
0.00055000 0.00137500 0.00013750
-0.00041250 0.00027500 0.00013750
-0.00041250 0.00027500 0.00013750
-0.00041250 0.00027500 0.00013750
-0.00041250 0.00027500 0.00013750
-0.00041250 0.00027500 0.00013750
-0.00041250 -0.00082500 0.00013750
0.00055000 0.00027500 -0.00096250
-0.00041250 0.00027500 0.00013750
-0.00041250 -0.00082500 -0.00096250
-0.00041250 -0.00082500 0.00013750
-0.00041250 -0.00082500 0.00013750
-0.00041250 -0.00082500 0.00013750
0.00055000 0.00027500 0.00013750
-0.00041250 0.00027500 0.00013750
0.00055000 0.00027500 0.00013750
0.00055000 -0.00082500 0.00013750
-0.00041250 0.00027500 -0.00096250
-0.00041250 -0.00082500 0.00013750
0.00055000 0.00027500 0.00013750
0.00055000 0.00027500 -0.00096250
0.00055000 0.00027500 -0.00096250
0.00055000 0.00027500 0.00013750
-0.00041250 0.00027500 0.00013750
-0.00041250 0.00027500 0.00013750
-0.00041250 0.00027500 0.00013750
-0.00041250 0.00027500 -0.00096250
-0.00041250 0.00027500 0.00013750
-0.00041250 0.00027500 0.00110000
-0.00041250 0.00027500 0.00110000
0.00055000 0.00027500 -0.00096250
-0.00041250 0.00027500 0.00013750
-0.00041250 0.00027500 0.00013750
-0.00041250 0.00027500 0.00013750
0.00055000 0.00027500 -0.00096250
0.00055000 -0.00082500 0.00013750
0.00055000 0.00027500 0.00013750
0.00055000 0.00027500 0.00013750
-0.00041250 0.00027500 0.00013750
0.00055000 0.00027500 0.00013750
0.00055000 0.00027500 0.00013750
-0.00041250 -0.00082500 0.00013750
0.00055000 0.00027500 0.00013750
0.00055000 -0.00082500 0.00013750
0.00055000 0.00027500 -0.00096250
0.00055000 0.00027500 -0.00096250
-0.00041250 -0.00082500 0.00013750
-0.00041250 0.00027500 0.00013750
0.00055000 0.00027500 0.00013750
-0.00041250 0.00027500 0.00013750
-0.00041250 0.00027500 0.00013750
-0.00041250 0.00027500 0.00013750
-0.00041250 0.00027500 0.00013750
-0.00041250 0.00027500 -0.00096250
-0.00041250 0.00027500 -0.00096250
-0.00041250 0.00027500 0.00013750
-0.00041250 0.00027500 0.00013750
0.00055000 0.00027500 0.00110000
-0.00041250 0.00027500 -0.00096250
-0.00041250 0.00027500 0.00013750
0.00055000 -0.00082500 0.00013750
-0.00151250 -0.00082500 0.00013750
-0.00041250 -0.00082500 0.00013750
0.00055000 0.00027500 0.00013750
0.00055000 0.00027500 0.00013750
-0.00041250 0.00137500 0.00013750
0.00055000 -0.00082500 0.00013750
0.00055000 -0.00082500 0.00013750
-0.00041250 0.00027500 0.00013750
-0.00041250 0.00027500 0.00013750
-0.00041250 0.00027500 0.00110000
-0.00041250 0.00027500 0.00110000
-0.00041250 0.00027500 0.00013750
-0.00041250 0.00027500 0.00013750
0.00055000 0.00027500 0.00013750
0.00055000 -0.00082500 0.00013750
-0.00041250 0.00027500 0.00013750
-0.00041250 0.00027500 0.00013750
-0.00041250 -0.00082500 -0.00096250
-0.00041250 0.00027500 0.00013750
0.00055000 0.00027500 0.00013750
-0.00041250 -0.00082500 0.00013750
-0.00041250 -0.00082500 0.00013750
-0.00041250 -0.00082500 -0.00096250
-0.00041250 0.00027500 0.00013750
-0.00041250 0.00027500 0.00013750
-0.00041250 0.00027500 0.00013750
0.00055000 0.00027500 -0.00096250
-0.00041250 0.00027500 0.00013750
-0.00041250 0.00027500 0.00013750
0.00055000 -0.00082500 0.00013750
-0.00041250 -0.00082500 0.00013750
-0.00041250 0.00027500 0.00013750
0.00055000 0.00027500 0.00110000
0.00055000 0.00027500 0.00013750
0.00055000 0.00027500 0.00013750
-0.00151250 0.00027500 0.00013750
0.00055000 0.00027500 0.00013750
0.00055000 0.00027500 0.00013750
0.00055000 0.00027500 0.00013750
-0.00041250 0.00137500 0.00013750
-0.00041250 0.00137500 0.00013750
0.00055000 0.00027500 0.00013750
0.00055000 0.00027500 0.00013750
0.00055000 -0.00082500 0.00013750
0.00055000 0.00027500 0.00013750
-0.00041250 -0.00082500 -0.00096250
-0.00041250 -0.00082500 -0.00096250
-0.00041250 0.00027500 0.00013750
-0.00041250 0.00027500 0.00013750
-0.00041250 0.00137500 0.00013750
-0.00041250 0.00137500 0.00013750
0.00055000 0.00137500 0.00013750
-0.00041250 0.00027500 0.00013750
0.00055000 0.00027500 0.00013750
-0.00041250 0.00027500 0.00013750
-0.00041250 0.00027500 0.00013750
-0.00041250 0.00027500 0.00013750
0.00055000 0.00027500 0.00013750
-0.00041250 0.00027500 0.00013750
0.00055000 -0.00082500 0.00013750
0.00055000 -0.00082500 0.00013750
-0.00041250 0.00027500 0.00110000
-0.00041250 0.00027500 0.00110000
-0.00041250 -0.00082500 0.00013750
-0.00041250 0.00027500 -0.00096250
-0.00041250 0.00027500 -0.00096250
0.00068750 0.00027500 0.00013750
-0.00041250 0.00027500 -0.00096250
-0.00041250 0.00027500 0.00013750
0.00068750 -0.00192500 0.00123750
0.00068750 -0.00192500 0.00123750
-0.00041250 0.00027500 0.00013750
0.00068750 -0.00082500 0.00013750
0.00165000 0.00027500 -0.00096250
0.00165000 0.00027500 -0.00096250
-0.00041250 0.00027500 -0.00096250
-0.00041250 0.00027500 0.00013750
-0.00041250 -0.00082500 0.00013750
0.00068750 0.00027500 0.00013750
0.00068750 0.00027500 0.00013750
-0.00041250 -0.00082500 0.00013750
0.00068750 0.00027500 0.00013750
-0.00041250 0.00027500 -0.00096250
0.00068750 0.00027500 0.00013750
0.00068750 -0.00082500 0.00013750
0.00068750 0.00027500 0.00013750
0.00068750 0.00027500 0.00013750
0.00068750 0.00027500 0.00013750
0.00068750 0.00027500 0.00013750
0.00068750 0.00027500 0.00013750
0.00068750 0.00027500 0.00013750
0.00068750 0.00027500 0.00013750
-0.00041250 0.00027500 0.00013750
-0.00041250 0.00027500 0.00013750
-0.00041250 0.00027500 0.00013750
0.00068750 -0.00082500 0.00013750
0.00068750 0.00123750 0.00013750
0.00068750 0.00027500 0.00013750
-0.00041250 0.00027500 0.00110000
-0.00041250 0.00027500 0.00110000
-0.00041250 0.00027500 0.00110000
0.00068750 0.00027500 0.00013750
-0.00041250 -0.00082500 0.00013750
-0.00041250 0.00027500 -0.00096250
-0.00041250 0.00027500 -0.00096250
-0.00055000 0.00013750 0.00013750
0.00055000 -0.00082500 0.00013750
0.00055000 0.00013750 0.00013750
0.00055000 0.00013750 0.00013750
0.00055000 0.00013750 0.00013750
-0.00055000 0.00013750 0.00013750
-0.00055000 0.00013750 0.00013750
0.00055000 0.00013750 0.00013750
0.00055000 0.00013750 0.00013750
0.00055000 0.00013750 0.00013750
0.00055000 0.00013750 0.00123750
-0.00055000 0.00013750 0.00013750
0.00055000 0.00013750 0.00013750
0.00055000 0.00013750 0.00013750
0.00055000 0.00013750 -0.00096250
-0.00055000 -0.00082500 0.00013750
-0.00055000 0.00013750 0.00013750
0.00055000 0.00013750 0.00013750
-0.00055000 0.00013750 0.00013750
-0.00055000 0.00013750 0.00013750
0.00055000 0.00013750 0.00123750
0.00055000 0.00013750 0.00123750
-0.00055000 0.00013750 -0.00096250
-0.00055000 0.00013750 -0.00096250
0.00055000 0.00013750 0.00013750
-0.00055000 0.00013750 -0.00096250
-0.00055000 0.00013750 -0.00096250
-0.00055000 0.00013750 -0.00096250
0.00055000 0.00013750 0.00013750
0.00055000 0.00013750 0.00013750
0.00055000 0.00013750 0.00013750
0.00055000 0.00013750 0.00013750
-0.00151250 0.00013750 0.00013750
-0.00055000 -0.00082500 0.00013750
-0.00055000 -0.00082500 0.00013750
-0.00055000 -0.00082500 0.00013750
-0.00055000 0.00013750 0.00013750
0.00055000 0.00013750 0.00013750
-0.00055000 0.00013750 -0.00096250
-0.00055000 0.00013750 -0.00096250
0.00055000 0.00013750 0.00013750
-0.00055000 0.00013750 -0.00096250
0.00055000 -0.00082500 0.00013750
0.00055000 -0.00082500 0.00013750
-0.00055000 -0.00082500 -0.00096250
0.00055000 0.00013750 0.00013750
-0.00055000 0.00013750 0.00013750
0.00055000 0.00013750 0.00013750
0.00055000 0.00013750 -0.00096250
0.00055000 0.00013750 -0.00096250
-0.00055000 -0.00082500 0.00013750
0.00055000 0.00013750 0.00013750
-0.00055000 0.00013750 0.00013750
-0.00055000 0.00013750 0.00013750
-0.00055000 0.00013750 -0.00096250
-0.00055000 0.00123750 0.00013750
0.00055000 0.00013750 0.00013750
0.00055000 0.00013750 0.00013750
0.00055000 0.00013750 0.00013750
-0.00055000 0.00013750 0.00013750
-0.00055000 0.00013750 0.00013750
-0.00055000 0.00013750 0.00013750
-0.00055000 0.00013750 0.00123750
0.00055000 0.00013750 0.00013750
-0.00055000 0.00013750 0.00013750
0.00055000 0.00013750 0.00013750
-0.00055000 0.00013750 0.00013750
-0.00055000 0.00013750 0.00013750
-0.00055000 0.00013750 -0.00096250
0.00055000 0.00013750 -0.00096250
-0.00055000 -0.00082500 0.00013750
0.00055000 0.00013750 0.00013750
0.00055000 0.00013750 0.00013750
-0.00055000 0.00013750 0.00013750
0.00055000 0.00013750 0.00013750
0.00055000 -0.00082500 0.00013750
0.00055000 -0.00082500 0.00013750
-0.00055000 0.00013750 0.00013750
-0.00055000 0.00013750 -0.00096250
0.00055000 0.00013750 0.00013750
-0.00055000 -0.00082500 0.00013750
-0.00055000 -0.00082500 0.00013750
-0.00055000 0.00013750 0.00013750
-0.00055000 0.00013750 0.00013750
-0.00055000 0.00013750 0.00013750
0.00055000 0.00013750 -0.00096250
-0.00165000 0.00013750 0.00013750
-0.00165000 0.00013750 0.00013750
-0.00165000 0.00013750 0.00013750
0.00055000 0.00013750 0.00013750
0.00055000 0.00013750 0.00013750
-0.00055000 0.00013750 0.00123750
0.00055000 0.00013750 0.00123750
0.00055000 0.00013750 0.00123750
0.00055000 0.00013750 0.00013750
0.00055000 0.00013750 0.00013750
0.00055000 -0.00082500 0.00013750
0.00055000 -0.00082500 0.00013750
0.00055000 0.00013750 0.00013750
0.00165000 -0.00082500 0.00123750
0.00055000 0.00013750 0.00123750
0.00055000 0.00013750 0.00123750
-0.00055000 -0.00082500 0.00123750
0.00055000 0.00013750 0.00123750
0.00055000 0.00013750 0.00123750
-0.00055000 0.00013750 0.00123750
0.00055000 0.00013750 0.00123750
0.00055000 0.00013750 0.00123750
-0.00055000 0.00013750 0.00123750
-0.00055000 0.00013750 0.00123750
-0.00055000 -0.00082500 0.00123750
-0.00055000 0.00013750 0.00013750
0.00055000 -0.00082500 0.00123750
0.00055000 -0.00082500 0.00123750
-0.00055000 0.00013750 0.00013750
-0.00055000 0.00013750 0.00013750
-0.00055000 -0.00082500 0.00123750
-0.00055000 -0.00082500 0.00123750
0.00055000 0.00123750 0.00013750
-0.00055000 -0.00082500 0.00123750
-0.00055000 -0.00082500 0.00013750
-0.00055000 0.00013750 0.00013750
-0.00055000 0.00013750 0.00013750
0.00055000 0.00013750 0.00013750
0.00055000 0.00013750 0.00013750
-0.00055000 0.00013750 0.00013750
-0.00055000 0.00013750 0.00123750
0.00055000 -0.00082500 -0.00096250
-0.00055000 0.00013750 0.00013750
-0.00055000 0.00013750 0.00013750
0.00055000 -0.00082500 0.00013750
0.00055000 0.00013750 0.00013750
-0.00055000 0.00013750 0.00013750
-0.00055000 0.00013750 0.00013750
-0.00055000 -0.00082500 0.00123750
0.00055000 0.00013750 0.00123750
-0.00055000 0.00013750 0.00013750
-0.00055000 0.00013750 0.00013750
-0.00055000 0.00013750 0.00013750
-0.00055000 0.00013750 0.00013750
-0.00165000 -0.00082500 0.00013750
-0.00055000 0.00013750 0.00013750
-0.00055000 0.00013750 0.00013750
-0.00055000 0.00013750 0.00013750
-0.00055000 0.00013750 0.00013750
-0.00055000 -0.00082500 0.00013750
0.00055000 -0.00082500 0.00013750
0.00055000 -0.00082500 0.00013750
-0.00055000 0.00013750 0.00013750
0.00055000 0.00013750 -0.00096250
-0.00055000 0.00013750 0.00013750
-0.00055000 0.00013750 0.00013750
0.00055000 -0.00082500 0.00013750
-0.00055000 0.00013750 0.00013750
0.00055000 0.00013750 0.00123750
-0.00055000 0.00013750 0.00123750
0.00165000 0.00013750 0.00013750
-0.00055000 -0.00082500 0.00013750
0.00055000 0.00013750 0.00013750
-0.00055000 -0.00082500 0.00013750
-0.00055000 0.00013750 0.00013750
-0.00055000 0.00013750 0.00013750
-0.00055000 -0.00082500 0.00123750
0.00055000 0.00013750 -0.00096250
0.00055000 0.00013750 0.00013750
0.00055000 -0.00082500 0.00123750
0.00055000 0.00013750 0.00013750
-0.00055000 0.00013750 0.00013750
-0.00055000 0.00013750 0.00013750
0.00055000 0.00013750 0.00013750
-0.00055000 0.00013750 0.00013750
-0.00055000 0.00013750 0.00013750
0.00055000 -0.00082500 0.00013750
-0.00055000 0.00123750 0.00013750
-0.00055000 -0.00082500 0.00013750
-0.00055000 0.00013750 0.00013750
-0.00055000 -0.00082500 -0.00096250
-0.00055000 -0.00082500 -0.00096250
-0.00055000 0.00123750 0.00013750
-0.00055000 0.00013750 0.00013750
-0.00041250 0.00027500 -0.00110000
-0.00041250 0.00027500 -0.00013750
-0.00041250 0.00027500 -0.00013750
0.00068750 0.00027500 0.00096250
0.00068750 0.00123750 -0.00013750
0.00068750 0.00027500 -0.00013750
-0.00041250 -0.00082500 -0.00013750
0.00068750 0.00027500 -0.00013750
-0.00151250 0.00027500 0.00096250
0.00068750 0.00027500 0.00096250
0.00068750 -0.00082500 -0.00013750
0.00068750 0.00027500 -0.00013750
0.00068750 0.00027500 -0.00013750
-0.00041250 0.00027500 -0.00013750
-0.00041250 0.00027500 -0.00013750
0.00068750 0.00027500 -0.00110000
-0.00041250 0.00027500 -0.00013750
0.00068750 -0.00082500 -0.00013750
0.00068750 0.00027500 -0.00013750
-0.00041250 0.00027500 -0.00013750
-0.00041250 -0.00082500 -0.00013750
-0.00041250 0.00027500 -0.00013750
-0.00041250 0.00027500 -0.00013750
0.00068750 0.00027500 -0.00013750
-0.00041250 0.00027500 -0.00110000
-0.00041250 0.00027500 -0.00110000
-0.00041250 0.00027500 -0.00110000
0.00068750 0.00027500 -0.00013750
-0.00041250 0.00027500 0.00096250
-0.00041250 -0.00082500 -0.00013750
-0.00041250 -0.00082500 -0.00013750
0.00068750 -0.00082500 -0.00013750
0.00068750 -0.00082500 -0.00013750
-0.00041250 0.00027500 -0.00013750
-0.00041250 -0.00082500 -0.00013750
0.00068750 0.00027500 -0.00013750
-0.00041250 0.00027500 0.00096250
0.00068750 -0.00082500 0.00096250
0.00068750 0.00123750 0.00096250
-0.00041250 0.00027500 0.00096250
-0.00041250 0.00027500 0.00096250
-0.00041250 0.00027500 0.00096250
0.00068750 0.00027500 0.00096250
-0.00041250 -0.00082500 -0.00013750
-0.00041250 0.00027500 0.00096250
-0.00041250 0.00027500 0.00096250
-0.00041250 -0.00082500 0.00096250
-0.00041250 0.00027500 0.00096250
0.00068750 0.00027500 0.00096250
-0.00041250 0.00027500 0.00096250
-0.00041250 0.00027500 0.00096250
0.00068750 0.00027500 0.00096250
0.00068750 0.00027500 0.00096250
0.00068750 -0.00082500 0.00096250
-0.00041250 0.00123750 0.00096250
0.00068750 0.00027500 0.00096250
-0.00041250 0.00027500 0.00096250
0.00068750 0.00027500 0.00096250
-0.00041250 0.00027500 0.00206250
-0.00041250 0.00027500 0.00096250
-0.00041250 -0.00082500 0.00096250
0.00068750 0.00027500 -0.00013750
0.00068750 -0.00082500 0.00096250
0.00068750 -0.00082500 0.00096250
0.00068750 0.00027500 0.00096250
0.00068750 0.00027500 -0.00013750
-0.00041250 0.00027500 -0.00013750
-0.00041250 0.00027500 -0.00013750
-0.00041250 0.00027500 -0.00013750
-0.00041250 0.00027500 0.00096250
-0.00041250 0.00027500 0.00096250
-0.00041250 -0.00082500 0.00096250
-0.00041250 0.00027500 -0.00013750
0.00068750 0.00027500 0.00096250
0.00068750 0.00027500 0.00096250
0.00068750 0.00027500 0.00096250
0.00068750 -0.00082500 0.00206250
0.00068750 -0.00082500 0.00206250
0.00068750 0.00027500 -0.00013750
0.00068750 -0.00082500 0.00096250
-0.00041250 0.00027500 0.00096250
-0.00041250 0.00027500 0.00096250
-0.00041250 -0.00082500 0.00096250
-0.00041250 0.00027500 0.00096250
-0.00041250 0.00027500 0.00096250
0.00068750 0.00027500 0.00096250
0.00068750 0.00027500 0.00096250
0.00068750 -0.00082500 -0.00013750
-0.00151250 0.00027500 0.00096250
-0.00041250 0.00123750 -0.00013750
-0.00041250 0.00123750 -0.00013750
0.00068750 0.00027500 0.00096250
0.00068750 0.00027500 0.00096250
-0.00041250 0.00027500 -0.00013750
-0.00041250 0.00027500 0.00096250
-0.00041250 0.00027500 0.00096250
-0.00041250 0.00027500 0.00096250
-0.00041250 0.00027500 0.00096250
-0.00041250 -0.00082500 0.00096250
-0.00041250 -0.00082500 0.00096250
0.00068750 -0.00082500 0.00096250
0.00068750 -0.00082500 0.00096250
0.00068750 0.00027500 -0.00013750
-0.00041250 0.00027500 0.00096250
0.00068750 -0.00082500 0.00096250
-0.00041250 -0.00082500 0.00096250
-0.00041250 0.00027500 0.00096250
-0.00041250 -0.00082500 0.00096250
-0.00041250 0.00027500 -0.00013750
-0.00041250 0.00027500 0.00096250
-0.00041250 0.00027500 0.00096250
-0.00041250 0.00027500 0.00096250
-0.00041250 0.00027500 0.00096250
0.00068750 0.00027500 0.00096250
-0.00041250 0.00027500 -0.00013750
-0.00041250 0.00027500 0.00013750
-0.00041250 -0.00068750 0.00013750
-0.00041250 0.00027500 0.00013750
0.00068750 0.00027500 0.00013750
0.00068750 0.00027500 0.00013750
0.00068750 0.00027500 0.00013750
0.00068750 0.00027500 0.00013750
-0.00041250 0.00027500 0.00013750
-0.00041250 0.00027500 -0.00096250
-0.00041250 0.00027500 0.00013750
0.00068750 0.00027500 0.00013750
0.00068750 -0.00068750 0.00013750
0.00068750 0.00027500 0.00013750
-0.00041250 0.00027500 0.00013750
0.00068750 0.00027500 0.00013750
0.00068750 0.00027500 0.00013750
0.00068750 -0.00068750 0.00013750
0.00068750 0.00027500 0.00013750
-0.00041250 0.00027500 0.00013750
-0.00041250 0.00027500 0.00013750
-0.00041250 0.00027500 -0.00096250
0.00068750 0.00027500 0.00013750
0.00068750 0.00027500 0.00013750
-0.00041250 0.00027500 -0.00096250
-0.00041250 0.00027500 0.00013750
0.00055000 -0.00068750 -0.00096250
0.00055000 -0.00068750 -0.00096250
-0.00041250 0.00027500 0.00013750
-0.00041250 0.00027500 0.00013750
-0.00041250 0.00027500 0.00013750
-0.00041250 -0.00068750 0.00013750
0.00068750 -0.00068750 0.00013750
0.00068750 0.00027500 0.00013750
0.00068750 0.00027500 0.00013750
0.00068750 0.00027500 -0.00096250
0.00068750 -0.00068750 0.00013750
0.00068750 0.00027500 0.00013750
0.00068750 0.00027500 0.00013750
0.00068750 0.00027500 0.00013750
0.00068750 0.00027500 0.00013750
-0.00041250 -0.00068750 0.00013750
-0.00041250 -0.00068750 0.00013750
-0.00041250 -0.00068750 -0.00096250
0.00068750 -0.00068750 0.00013750
-0.00041250 0.00027500 0.00013750
-0.00041250 0.00027500 0.00013750
0.00068750 0.00027500 0.00013750
-0.00041250 0.00027500 -0.00096250
-0.00041250 0.00027500 0.00000000
-0.00041250 0.00027500 -0.00096250
0.00055000 0.00027500 0.00000000
0.00055000 0.00027500 0.00000000
-0.00151250 0.00027500 0.00000000
-0.00041250 0.00027500 0.00000000
-0.00041250 0.00027500 0.00000000
-0.00041250 -0.00082500 0.00110000
-0.00041250 -0.00082500 0.00110000
-0.00041250 0.00027500 0.00000000
-0.00041250 -0.00082500 -0.00096250
-0.00041250 -0.00082500 -0.00096250
-0.00041250 -0.00082500 -0.00096250
0.00055000 -0.00082500 0.00000000
0.00055000 0.00027500 0.00000000
-0.00041250 0.00027500 0.00000000
-0.00041250 0.00027500 0.00000000
0.00055000 -0.00082500 0.00000000
0.00055000 -0.00082500 0.00000000
0.00055000 0.00027500 0.00000000
0.00055000 0.00027500 -0.00096250
-0.00041250 0.00027500 0.00000000
-0.00041250 0.00027500 0.00000000
0.00055000 -0.00082500 0.00000000
0.00055000 -0.00082500 0.00000000
-0.00041250 0.00027500 -0.00096250
-0.00041250 0.00027500 0.00013750
-0.00041250 0.00027500 0.00013750
0.00068750 0.00027500 0.00013750
0.00068750 0.00027500 0.00013750
-0.00041250 -0.00082500 0.00013750
-0.00041250 0.00027500 0.00013750
0.00068750 0.00027500 0.00013750
-0.00041250 0.00027500 0.00013750
0.00068750 0.00027500 0.00013750
-0.00041250 0.00027500 -0.00096250
0.00055000 0.00027500 0.00000000
-0.00041250 0.00027500 0.00000000
-0.00041250 0.00027500 0.00000000
-0.00041250 0.00027500 0.00000000
-0.00041250 0.00027500 -0.00096250
-0.00041250 0.00027500 0.00000000
-0.00041250 0.00027500 0.00000000
-0.00041250 0.00027500 0.00000000
-0.00041250 0.00027500 0.00000000
-0.00041250 -0.00082500 0.00110000
-0.00041250 0.00027500 0.00000000
-0.00041250 0.00027500 0.00000000
0.00055000 0.00027500 0.00000000
0.00055000 0.00123750 0.00000000
-0.00041250 0.00027500 0.00000000
-0.00041250 0.00027500 0.00000000
-0.00041250 -0.00082500 0.00000000
0.00055000 0.00027500 0.00000000
-0.00041250 0.00027500 0.00000000
-0.00041250 0.00027500 0.00000000
0.00055000 0.00027500 0.00110000
-0.00041250 0.00027500 0.00000000
-0.00041250 0.00027500 0.00000000
0.00055000 0.00027500 -0.00096250
-0.00041250 0.00027500 0.00013750
-0.00041250 0.00027500 0.00013750
0.00068750 0.00027500 -0.00096250
-0.00041250 0.00027500 0.00013750
-0.00041250 0.00027500 -0.00096250
0.00068750 0.00027500 0.00013750
-0.00041250 -0.00082500 -0.00096250
-0.00041250 0.00027500 0.00013750
-0.00041250 0.00027500 0.00013750
-0.00041250 0.00027500 0.00013750
-0.00041250 0.00027500 -0.00096250
-0.00041250 -0.00082500 -0.00096250
-0.00041250 0.00027500 0.00013750
-0.00041250 0.00027500 0.00013750
-0.00041250 0.00027500 0.00013750
-0.00041250 -0.00082500 0.00013750
-0.00041250 0.00027500 0.00013750
-0.00041250 0.00027500 -0.00096250
-0.00041250 0.00027500 -0.00096250
0.00068750 0.00027500 0.00013750
-0.00041250 0.00027500 -0.00096250
-0.00041250 0.00027500 -0.00096250
0.00068750 0.00027500 -0.00096250
-0.00041250 0.00027500 0.00013750
-0.00041250 0.00027500 0.00013750
0.00068750 0.00027500 0.00013750
0.00068750 0.00027500 0.00013750
0.00068750 -0.00082500 0.00013750
0.00068750 -0.00082500 -0.00096250
-0.00041250 -0.00082500 0.00013750
-0.00041250 -0.00082500 0.00013750
0.00068750 0.00137500 0.00013750
-0.00041250 0.00027500 0.00013750
0.00068750 -0.00082500 0.00013750
0.00068750 -0.00082500 0.00013750
0.00068750 -0.00082500 0.00013750
0.00068750 0.00027500 -0.00096250
0.00068750 0.00027500 -0.00096250
-0.00041250 0.00137500 0.00013750
0.00068750 0.00027500 0.00013750
-0.00041250 -0.00082500 -0.00096250
-0.00041250 0.00027500 0.00013750
-0.00137500 0.00027500 0.00123750
-0.00137500 0.00027500 0.00123750
-0.00041250 -0.00082500 0.00013750
-0.00041250 0.00027500 -0.00096250
-0.00041250 0.00027500 -0.00096250
-0.00041250 0.00027500 -0.00096250
0.00068750 0.00027500 0.00013750
-0.00041250 0.00027500 -0.00096250
-0.00041250 -0.00082500 0.00013750
0.00068750 0.00027500 0.00013750
0.00068750 0.00027500 0.00013750
0.00068750 0.00027500 0.00013750
-0.00041250 0.00027500 0.00013750
0.00068750 -0.00082500 0.00013750
-0.00041250 0.00027500 -0.00096250
-0.00041250 0.00027500 -0.00096250
-0.00041250 0.00027500 0.00013750
0.00068750 -0.00082500 -0.00096250
-0.00041250 0.00027500 0.00013750
-0.00041250 0.00027500 -0.00096250
-0.00041250 0.00027500 -0.00096250
0.00068750 -0.00082500 0.00013750
-0.00041250 -0.00082500 0.00013750
-0.00041250 0.00027500 0.00013750
-0.00041250 -0.00082500 -0.00096250
-0.00041250 0.00027500 -0.00096250
0.00068750 0.00027500 0.00013750
-0.00027500 0.00027500 0.00041250
-0.00027500 0.00027500 0.00041250
0.00068750 0.00027500 0.00041250
0.00068750 0.00027500 0.00041250
0.00068750 0.00027500 0.00041250
-0.00027500 0.00027500 0.00041250
-0.00027500 0.00027500 0.00041250
-0.00027500 0.00027500 -0.00068750
-0.00027500 -0.00082500 -0.00178750
-0.00027500 0.00027500 -0.00068750
-0.00027500 0.00027500 0.00041250
-0.00027500 0.00027500 0.00041250
-0.00027500 0.00027500 0.00041250
-0.00027500 0.00027500 -0.00068750
