10.14900000 -0.60300004 1.73505010
10.14900000 -0.60300004 1.73505010
10.21395000 -0.78795004 1.98795010
9.91200100 -1.51305010 2.56800000
9.91200100 -1.51305010 2.56800000
9.90300100 -1.65705010 2.23995020
10.07805100 -0.63405000 1.76295010
10.07805100 -0.63405000 1.76295010
10.07805100 -0.63405000 1.76295010
10.42695000 -0.10005000 -1.38000010
10.42695000 -0.10005000 -1.38000010
9.36105100 -0.99405000 -2.56095000
9.36105100 -0.99405000 -2.56095000
8.61195100 -2.54595020 -4.96605000
8.61195100 -2.54595020 -4.96605000
8.61195100 -2.54595020 -4.96605000
7.84305050 4.35600040 -4.66905000
7.84305050 4.35600040 -4.66905000
6.68595030 0.44505003 -5.73900030
3.39495020 1.05105010 -8.26395000
3.39495020 1.05105010 -8.26395000
4.93995050 0.39000002 -6.96105050
-1.71705010 -0.58905005 -8.42595000
-1.71705010 -0.58905005 -8.42595000
-4.16505000 -0.71805006 -7.41300060
-6.13305040 -0.38805002 -2.92695020
-6.13305040 -0.38805002 -2.92695020
-7.22805000 -0.36600003 -2.02695010
-10.13505100 -1.93005010 2.68995020
-10.13505100 -1.93005010 2.68995020
-8.34195000 -2.73000000 5.67705000
-8.34195000 -2.73000000 5.67705000
-7.88595060 -2.05005000 6.63195040
-5.24205000 -1.87695010 6.97695000
-5.24205000 -1.87695010 6.97695000
-4.00695040 -1.44195010 7.55205060
-0.53595000 -2.19600000 9.94995000
-0.53595000 -2.19600000 9.94995000
2.65995000 -3.84600020 7.98795030
2.65995000 -3.84600020 7.98795030
3.62100030 -3.58005020 7.33395050
6.52605000 -2.69895000 7.54695030
6.52605000 -2.69895000 7.54695030
6.87105040 -2.50695010 13.30695100
8.61900000 -4.13400030 0.47205000
8.61900000 -4.13400030 0.47205000
10.31895100 1.22295010 -0.55905000
9.99600000 0.17595000 -4.16295000
9.99600000 0.17595000 -4.16295000
9.99600000 0.17595000 -4.16295000
5.77395000 1.85505010 -6.38805000
5.77395000 1.85505010 -6.38805000
5.77395000 1.85505010 -6.38805000
-6.79395060 -2.60805000 -3.14805000
-6.79395060 -2.60805000 -3.14805000
-7.92195030 -2.93400030 -2.23500010
-10.22595000 -2.95500020 1.78500010
-10.22595000 -2.95500020 1.78500010
-9.20595100 -2.74005000 2.07000020
-9.80700000 -3.81495020 7.78005030
-9.80700000 -3.81495020 7.78005030
-6.06105040 -5.13900040 7.42800050
-2.69205020 -4.54095030 7.30995040
-2.69205020 -4.54095030 7.30995040
-2.07105020 -3.31695000 9.37695000
-2.07105020 -3.31695000 9.37695000
-1.35795010 -4.26300000 9.23295000
-1.35795010 -4.26300000 9.23295000
-0.51195000 -4.78695000 8.81205100
3.81900020 -4.96695040 7.87500050
3.81900020 -4.96695040 7.87500050
3.81900020 -4.96695040 7.87500050
8.87100000 -3.50400020 6.16500040
8.87100000 -3.50400020 6.16500040
8.72400000 -3.36000010 6.25200030
8.57805100 -3.57795020 0.42900002
8.57805100 -3.57795020 0.42900002
8.02995000 -2.51895020 0.91095006
8.01105000 -3.32895020 -2.59905000
8.01105000 -3.32895020 -2.59905000
7.74000020 -3.57795020 -3.67005010
7.90305040 -4.04295000 -5.16195000
7.90305040 -4.04295000 -5.16195000
7.75395060 -3.89400030 -5.45700030
6.25995000 -3.52305000 -7.60005040
6.25995000 -3.52305000 -7.60005040
6.25995000 -3.52305000 -7.60005040
4.93800000 -2.32305000 -8.55105000
4.93800000 -2.32305000 -8.55105000
4.74105020 -1.92795010 -8.22000000
2.23395010 0.08505000 -8.51505000
2.23395010 0.08505000 -8.51505000
1.69695010 -0.28695002 -8.63505100
0.09000000 1.10595000 -8.12505100
0.09000000 1.10595000 -8.12505100
-1.12800000 1.75200010 -8.82900000
-1.12800000 1.75200010 -8.82900000
-1.74105010 3.37605020 -10.31895100
-1.74105010 3.37605020 -10.31895100
-1.74105010 3.37605020 -10.31895100
-1.73400010 3.50805020 -10.27800100
-3.26400020 2.67405000 -9.29595100
-3.26400020 2.67405000 -9.29595100
-5.03895040 0.51705000 -7.48500000
-5.03895040 0.51705000 -7.48500000
-5.03895040 0.51705000 -7.48500000
-4.68705030 1.53000010 -8.49105100
-4.68705030 1.53000010 -8.49105100
-4.68705030 1.53000010 -8.49105100
0.67005000 2.30805020 -8.86995000
0.67005000 2.30805020 -8.86995000
-3.58005020 2.33700010 -5.85405000
-3.58005020 2.33700010 -5.85405000
-3.58005020 2.33700010 -5.85405000
-11.52195100 -0.37800002 -4.33800030
-11.52195100 -0.37800002 -4.33800030
-11.52195100 -0.37800002 -4.33800030
-11.46900100 -0.97005004 -3.93795010
-9.73800100 -0.79695004 2.74995020
-9.73800100 -0.79695004 2.74995020
-5.37405000 -0.71295005 5.26200000
-4.94805000 -2.31300020 6.27795030
-4.94805000 -2.31300020 6.27795030
-6.93105030 -4.36305000 9.96600100
-6.93105030 -4.36305000 9.96600100
-2.41395020 -0.62205005 9.29805100
-2.41395020 -0.62205005 9.29805100
-2.41395020 -0.62205005 9.29805100
-5.66895000 -2.11005020 10.84800100
-5.66895000 -2.11005020 10.84800100
1.27095010 -0.79005000 9.98100100
1.27095010 -0.79005000 9.98100100
3.28800000 0.10500000 9.66495000
4.79205040 -0.43095002 8.74005000
4.79205040 -0.43095002 8.74005000
10.26405050 0.91200006 3.69900010
10.26405050 0.91200006 3.69900010
10.26405050 0.91200006 3.69900010
8.97300100 -0.73500000 -3.57195020
8.97300100 -0.73500000 -3.57195020
8.97300100 -0.73500000 -3.57195020
10.62405000 1.23000000 -8.22000000
10.62405000 1.23000000 -8.22000000
6.81600050 -1.48905000 -6.11805000
5.02905040 -0.22995001 -8.07405000
5.02905040 -0.22995001 -8.07405000
0.94800010 0.28395000 -9.13500000
-5.09400030 0.74400000 -8.36400000
-5.09400030 0.74400000 -8.36400000
-4.71300030 0.31500003 -4.27095030
-4.71300030 0.31500003 -4.27095030
-7.89405060 -0.20805001 1.66995010
-7.89405060 -0.20805001 1.66995010
-7.89405060 -0.20805001 1.66995010
-7.78095050 -0.45195000 2.27805020
-7.01700000 -1.47300000 5.00595050
-7.01700000 -1.47300000 5.00595050
-5.62995000 -1.18500010 5.96895030
-6.23100040 -2.07600020 8.83095100
-6.23100040 -2.07600020 8.83095100
-6.23100040 -2.07600020 8.83095100
-0.56700003 0.60000000 7.06605050
-0.56700003 0.60000000 7.06605050
-0.56700003 0.60000000 7.06605050
1.32105000 -1.68300010 9.04905000
1.32105000 -1.68300010 9.04905000
1.97295010 -1.15200010 8.99205000
6.27000050 -1.27605010 7.59000000
6.27000050 -1.27605010 7.59000000
10.91295050 1.81695010 2.89095020
10.91295050 1.81695010 2.89095020
10.91295050 1.81695010 2.89095020
7.73295000 0.50205004 -4.03395030
7.73295000 0.50205004 -4.03395030
7.73295000 0.50205004 -4.03395030
4.55505040 -0.42600003 -8.12205000
4.55505040 -0.42600003 -8.12205000
2.94000000 -2.01405000 -9.69600000
2.94000000 -2.01405000 -9.69600000
-1.19505000 1.02405000 -5.12100030
-1.19505000 1.02405000 -5.12100030
-1.19505000 1.02405000 -5.12100030
-9.21600100 0.44505003 3.98805020
-9.21600100 0.44505003 3.98805020
-8.92305100 0.42300000 3.40200020
-5.55405040 0.45000002 6.10095020
-5.55405040 0.45000002 6.10095020
-5.87205030 1.11300000 7.27395060
-3.62295000 0.58395004 7.72500040
-3.62295000 0.58395004 7.72500040
-6.73395000 -0.39300000 8.80500000
2.15505000 1.03605010 11.05395000
2.15505000 1.03605010 11.05395000
0.40200000 2.62905000 11.94195100
1.55595000 -0.28695002 6.29505000
1.55595000 -0.28695002 6.29505000
7.63200040 3.50295020 5.89200000
12.24705000 5.70195000 5.34600000
12.24705000 5.70195000 5.34600000
10.38705100 2.16000000 -1.24095010
10.38705100 2.16000000 -1.24095010
9.45000100 2.34405020 -1.16700000
7.62495040 2.02500000 -6.60900000
7.62495040 2.02500000 -6.60900000
8.34405000 -0.46005002 -6.37605050
8.34405000 -0.46005002 -6.37605050
-0.06405000 -0.64200000 -8.92905000
-0.06405000 -0.64200000 -8.92905000
0.51405000 -1.34805010 -9.70800000
-13.23195100 -2.09805000 -4.68300000
-13.23195100 -2.09805000 -4.68300000
-11.26800100 -2.07900000 -3.60495020
-9.24000100 -0.43605003 -1.99800010
-9.24000100 -0.43605003 -1.99800010
-9.24000100 -0.43605003 -1.99800010
-7.87005040 2.01600000 -0.07005000
-7.87005040 2.01600000 -0.07005000
-7.87005040 2.01600000 -0.07005000
-5.77395000 1.59195000 3.59805000
-5.77395000 1.59195000 3.59805000
-5.38800050 1.40295000 4.67100000
-9.85005100 -0.78795004 11.04600050
-9.85005100 -0.78795004 11.04600050
-8.46405000 -0.22995001 8.07195000
-4.71795030 -0.46695003 5.31795020
-4.71795030 -0.46695003 5.31795020
-4.60500000 -0.30900002 5.32500030
-6.70305000 -1.89705010 9.34800100
-6.70305000 -1.89705010 9.34800100
-6.08100030 -1.78605010 9.54495050
-4.15995030 -1.14495000 8.99595100
-4.15995030 -1.14495000 8.99595100
-2.16495010 -2.29905000 9.09705100
-0.19095000 -0.49800003 8.31105000
0.98100007 -0.32805002 8.69505000
0.98100007 -0.32805002 8.69505000
4.98300030 -3.22800020 8.06700000
4.98300030 -3.22800020 8.06700000
4.98300030 -3.22800020 8.06700000
11.89500000 -4.92900040 -0.51300000
11.89500000 -4.92900040 -0.51300000
8.49195000 -3.54000020 -5.29905030
8.49195000 -3.54000020 -5.29905030
8.49195000 -3.54000020 -5.29905030
1.91295000 -2.45700000 -6.08895000
1.91295000 -2.45700000 -6.08895000
1.91295000 -2.45700000 -6.08895000
-4.75095030 -4.86195040 -6.89595030
-4.75095030 -4.86195040 -6.89595030
-4.75095030 -4.86195040 -6.89595030
-8.20695000 -0.49605003 1.40895010
-8.20695000 -0.49605003 1.40895010
-8.28195000 -0.46005002 2.45805000
-11.94600000 -1.27200010 5.37000040
-11.94600000 -1.27200010 5.37000040
-5.20395040 -1.43400000 5.87295000
-5.20395040 -1.43400000 5.87295000
-7.61100050 -1.92795010 5.89695020
-6.61200050 -0.95805010 6.33300000
-6.67005000 -1.41795000 9.25500000
-6.67005000 -1.41795000 9.25500000
-1.12095010 0.69405000 9.28095100
-1.12095010 0.69405000 9.28095100
-1.12095010 0.69405000 9.28095100
-1.62795010 2.73705000 11.38200100
1.06800010 -0.12405001 9.10905100
1.06800010 -0.12405001 9.10905100
2.58795020 -1.27395010 8.01195050
12.87000100 -0.68700004 4.13895030
12.87000100 -0.68700004 4.13895030
12.87000100 -0.68700004 4.13895030
10.95705000 -0.98700005 -0.32895002
10.95705000 -0.98700005 -0.32895002
9.98400000 -2.15805000 -0.84600000
10.37895000 -2.48595020 -4.52700040
10.37895000 -2.48595020 -4.52700040
1.16805000 -0.80895007 -7.70595030
1.16805000 -0.80895007 -7.70595030
1.16805000 -0.80895007 -7.70595030
-0.32505003 0.81600004 -6.87000040
-0.32505003 0.81600004 -6.87000040
-0.32505003 0.81600004 -6.87000040
-8.41305100 -0.00900000 1.36605010
-8.41305100 -0.00900000 1.36605010
-10.72200000 -0.81195000 2.08905000
-10.72200000 -0.81195000 2.08905000
-10.69305000 -1.42695010 0.73095006
-10.39905100 -1.45095000 6.74700000
-10.39905100 -1.45095000 6.74700000
-10.39905100 -1.45095000 6.74700000
-3.24705000 -0.29895002 9.66000100
-3.24705000 -0.29895002 9.66000100
-3.24705000 -0.29895002 9.66000100
1.89105010 0.18405001 10.61805100
1.89105010 0.18405001 10.61805100
3.15405000 0.41595003 7.12605050
6.27900030 0.81795000 8.24400000
6.27900030 0.81795000 8.24400000
6.74100000 -0.23205002 7.99500040
7.68000030 -1.21200000 4.69200040
7.68000030 -1.21200000 4.69200040
9.72300100 0.26700002 -3.05400010
9.72300100 0.26700002 -3.05400010
9.72300100 0.26700002 -3.05400010
5.88900040 -0.04800000 -6.86700000
5.88900040 -0.04800000 -6.86700000
5.22795000 0.61200005 -6.83400000
1.70700010 1.20600010 -6.38805000
1.70700010 1.20600010 -6.38805000
-4.78995040 0.19800001 -4.31895000
-4.78995040 0.19800001 -4.31895000
-4.78995040 0.19800001 -4.31895000
-10.25805100 -1.19505000 -0.93000007
-10.25805100 -1.19505000 -0.93000007
-10.78200100 1.35495010 2.91495010
-10.78200100 1.35495010 2.91495010
-10.79595100 1.18695010 3.76995020
-5.44095040 -0.39000002 4.78095000
-5.44095040 -0.39000002 4.78095000
-5.19000000 -0.21495001 4.87200000
-6.37500050 0.01605000 4.48395000
-6.37500050 0.01605000 4.48395000
-7.69200040 2.83305030 5.05695000
-10.73205100 1.38600000 6.13395000
-10.73205100 1.38600000 6.13395000
-7.68795000 1.96095010 8.18895100
-7.68795000 1.96095010 8.18895100
-8.45400000 3.15300000 8.37795100
-2.99295020 2.00595020 8.99595100
-2.99295020 2.00595020 8.99595100
-1.96095010 -3.30705020 7.89195060
-1.96095010 -3.30705020 7.89195060
-1.96095010 -3.30705020 7.89195060
1.93200000 -2.04000020 12.89805000
1.93200000 -2.04000020 12.89805000
1.93200000 -2.04000020 12.89805000
6.40395000 2.84505000 9.06600000
6.40395000 2.84505000 9.06600000
5.30400040 -0.04800000 9.51795000
5.30400040 -0.04800000 9.51795000
5.49405000 0.16500000 8.96805000
7.68300060 1.50600000 7.90905050
7.68300060 1.50600000 7.90905050
7.68300060 1.50600000 7.90905050
9.49995000 0.07800000 4.31205030
9.49995000 0.07800000 4.31205030
9.49995000 0.07800000 4.31205030
7.93905000 1.90605010 -7.57605030
7.93905000 1.90605010 -7.57605030
7.82100060 -0.00900000 -6.88200040
5.58195000 -1.39605010 -6.86700000
5.58195000 -1.39605010 -6.86700000
4.10400000 -3.20700030 -8.03400000
2.97195000 -3.45600000 -9.71505100
2.97195000 -3.45600000 -9.71505100
0.74205005 -0.49095002 -7.28400040
0.74205005 -0.49095002 -7.28400040
0.74205005 -0.49095002 -7.28400040
-5.97000030 -0.49800003 0.26895002
-5.97000030 -0.49800003 0.26895002
-7.85295060 -0.57495004 2.49405000
-10.25295100 -0.81900007 5.35605050
-10.25295100 -0.81900007 5.35605050
-9.25605000 -1.54200000 6.18195000
-6.98805050 -0.61995006 8.67795100
-3.67395020 -0.50295000 8.47905100
-3.67395020 -0.50295000 8.47905100
-3.43905020 0.62700003 7.76295040
-1.18500010 -1.17600000 10.35405100
-1.18500010 -1.17600000 10.35405100
0.78300005 2.74605010 9.20505000
0.78300005 2.74605010 9.20505000
0.78300005 2.74605010 9.20505000
6.73695040 1.78605010 8.18400000
6.73695040 1.78605010 8.18400000
6.73695040 1.78605010 8.18400000
10.64505000 1.55400000 6.20100000
10.64505000 1.55400000 6.20100000
10.64505000 1.55400000 6.20100000
10.24305100 1.33605000 -0.19005000
10.24305100 1.33605000 -0.19005000
8.35995000 1.83900010 -1.65300010
9.22305000 -0.17505000 -3.67695020
9.22305000 -0.17505000 -3.67695020
10.25505100 -0.48405004 -5.00400000
5.75205040 -1.20705010 -7.22895050
5.75205040 -1.20705010 -7.22895050
4.59300040 -0.13905000 -6.62100030
-2.74695010 1.02195000 -4.35300000
-2.74695010 1.02195000 -4.35300000
-9.86700100 -2.71095010 -0.94395006
-9.86700100 -2.71095010 -0.94395006
-14.33595100 -1.75500010 1.43295000
-14.33595100 -1.75500010 1.43295000
-15.72300100 -3.12795020 3.10500030
-7.23300030 -0.74700004 7.83705040
-7.23300030 -0.74700004 7.83705040
-8.52795000 0.71805006 8.19600000
-5.26605030 1.83900010 9.76005100
-5.26605030 1.83900010 9.76005100
0.58395004 2.23605010 8.14800100
0.58395004 2.23605010 8.14800100
1.62105010 3.46200010 7.76805000
4.16895000 3.29700020 9.81795000
4.16895000 3.29700020 9.81795000
4.32705000 3.83100000 9.34605000
6.21195030 1.86300000 9.54705000
6.21195030 1.86300000 9.54705000
7.16505050 0.34695002 8.25600050
8.93295000 0.19605000 4.93395040
8.93295000 0.19605000 4.93395040
8.93295000 0.19605000 4.93395040
10.02705000 1.53000010 1.39005000
10.02705000 1.53000010 1.39005000
10.02705000 1.53000010 1.39005000
9.79500000 1.44300010 -3.14805000
9.79500000 1.44300010 -3.14805000
10.91805100 0.69405000 -2.33595010
3.56805010 -2.48595020 -8.23500100
2.31300020 -3.04095000 -8.42595000
1.83195010 -2.78505020 -8.53905000
1.83195010 -2.78505020 -8.53905000
-2.91705010 -2.23005000 -5.00205040
-2.91705010 -2.23005000 -5.00205040
-4.71300030 -1.68795010 -3.63195010
-10.40100000 -1.87695010 0.74805003
-10.40100000 -1.87695010 0.74805003
-10.30500000 -4.97205000 0.87705004
-8.52405100 -1.26900000 4.41195000
-8.52405100 -1.26900000 4.41195000
-8.58105100 -2.32800000 6.54600050
-4.64805030 1.42395010 8.12895000
-4.64805030 1.42395010 8.12895000
-0.22995001 -0.23400001 8.47905100
-0.22995001 -0.23400001 8.47905100
0.49995002 -0.04005000 7.63395000
4.59795000 0.03300000 9.64800100
4.59795000 0.03300000 9.64800100
7.33500050 0.03000000 8.20800000
7.52895000 -0.16005000 7.42500000
7.52895000 -0.16005000 7.42500000
8.05605000 -0.94800010 7.18800000
9.88800050 1.69305000 2.72100020
9.88800050 1.69305000 2.72100020
9.88800050 1.69305000 2.72100020
9.23700000 1.42395010 -6.75000050
9.69195100 0.79005000 -4.76400040
9.69195100 0.79005000 -4.76400040
9.69195100 0.79005000 -4.76400040
3.21300000 -0.63405000 -8.62995100
3.21300000 -0.63405000 -8.62995100
3.21300000 -0.63405000 -8.62995100
-4.11900000 1.29705010 -5.74395040
-4.11900000 1.29705010 -5.74395040
-4.11900000 1.29705010 -5.74395040
-8.77005000 -4.64805030 -0.63795000
-8.77005000 -4.64805030 -0.63795000
-8.79705000 -3.36000010 0.21105000
-9.97005100 -2.43495000 2.53905000
-9.97005100 -2.43495000 2.53905000
-10.01100100 -1.05405010 4.75695040
-8.04900100 -1.32195010 4.69500000
-8.04900100 -1.32195010 4.69500000
-8.09505100 -0.34695002 5.55495000
-6.88500000 -0.04005000 6.78300050
-6.88500000 -0.04005000 6.78300050
-6.88500000 -0.04005000 6.78300050
-4.90200040 -0.95805010 8.92905000
-4.90200040 -0.95805010 8.92905000
-4.90200040 -0.95805010 8.92905000
1.51500010 -0.08400001 10.58205000
1.51500010 -0.08400001 10.58205000
2.89695020 -0.41595003 10.17705100
7.50795030 -2.09295000 7.61895040
7.78305050 -2.72295020 7.84200050
7.78305050 -2.72295020 7.84200050
7.24395040 -2.26305000 6.10605050
7.38795040 -0.94305000 6.07200050
7.38795040 -0.94305000 6.07200050
9.08595100 -0.73005000 4.45995040
6.22395040 -2.11905000 -3.67005010
6.22395040 -2.11905000 -3.67005010
5.89605050 -3.10605030 -4.78395030
5.41905000 2.17395020 -9.67395000
5.41905000 2.17395020 -9.67395000
5.95305000 2.64600010 -9.31005000
11.51205100 -1.00605000 -7.93500040
11.51205100 -1.00605000 -7.93500040
11.51205100 -1.00605000 -7.93500040
2.28900000 0.21495001 -6.67995000
2.28900000 0.21495001 -6.67995000
-3.07995000 1.88400010 -6.20895050
-3.07995000 1.88400010 -6.20895050
-3.06300020 0.82995003 -5.21205040
-17.47095100 -4.83300000 -2.11095000
-17.47095100 -4.83300000 -2.11095000
-14.21595100 -4.71600000 -1.25100000
-10.17795100 -2.10495020 0.70995003
-10.17795100 -2.10495020 0.70995003
-10.38000000 -1.91805000 1.69905010
-8.74605100 -2.08800000 3.28695000
-8.74605100 -2.08800000 3.28695000
-8.74605100 -2.08800000 3.28695000
-7.16295050 -0.92895010 5.30595000
-7.16295050 -0.92895010 5.30595000
-6.38505030 -1.81995010 5.30295040
-8.01105000 -2.00400020 6.33795000
-8.01105000 -2.00400020 6.33795000
-3.08205000 -1.06605000 5.37495040
-3.08205000 -1.06605000 5.37495040
-4.90695000 -1.22805010 8.33505100
-4.90695000 -1.22805010 8.33505100
0.37800002 0.63405000 9.36000100
0.37800002 0.63405000 9.36000100
0.37800002 0.63405000 9.36000100
0.30405003 0.82800007 9.31500100
2.17905020 -1.21395000 9.95400000
2.17905020 -1.21395000 9.95400000
2.30295010 0.54105000 12.65595100
8.09895000 -0.73005000 8.51700000
8.09895000 -0.73005000 8.51700000
8.12595100 -0.51495004 7.54005050
9.83100000 -0.28200000 3.15195010
9.83100000 -0.28200000 3.15195010
9.83100000 -0.28200000 3.15195010
8.46105000 1.12995000 -5.99100000
8.46105000 1.12995000 -5.99100000
7.42395000 0.96000004 -7.68405060
10.81500100 0.57600003 -4.87005040
10.81500100 0.57600003 -4.87005040
9.94800100 0.33705002 -4.59405040
2.80605000 -2.23005000 -6.97305000
2.80605000 -2.23005000 -6.97305000
2.22000000 -1.04205000 -7.81095030
2.54505010 0.47295000 -9.04200100
2.54505010 0.47295000 -9.04200100
2.54505010 0.47295000 -9.04200100
-5.26905000 1.01505000 -4.55895040
-5.26905000 1.01505000 -4.55895040
-7.05105000 -2.25795000 -1.75200010
-7.05105000 -2.25795000 -1.75200010
-9.09600100 -2.51505020 -1.43505000
-13.46700100 -2.59395000 -2.47005000
-13.46700100 -2.59395000 -2.47005000
-9.26100100 -1.55400000 3.08505000
-9.26100100 -1.55400000 3.08505000
-6.36795040 -1.30500010 3.14295000
-7.99695000 -0.23700002 6.40995030
-7.99695000 -0.23700002 6.40995030
-8.75295100 -0.22005000 6.20400050
-7.08195000 -0.93405000 5.17905040
-7.08195000 -0.93405000 5.17905040
-5.77905040 1.28295000 8.73495000
-2.26800010 -0.26805001 9.34605000
-2.26800010 -0.26805001 9.34605000
-1.89405010 -0.26805001 9.13500000
0.11400001 1.52505000 9.01305000
0.11400001 1.52505000 9.01305000
2.13795020 0.76605004 9.80805000
2.13795020 0.76605004 9.80805000
2.77500000 0.99795010 9.72900000
5.35200000 0.26295000 8.96805000
5.35200000 0.26295000 8.96805000
9.86400000 -0.10995001 6.36705000
9.86400000 -0.10995001 6.36705000
9.86400000 -0.10995001 6.36705000
9.25395000 0.82305000 4.84095000
9.88605000 0.59100000 4.28805000
9.42405000 -0.27495003 0.53505003
9.42405000 -0.27495003 0.53505003
8.77500100 -0.30600002 0.50400000
8.61705000 -0.28695002 -0.78600000
8.61705000 -0.28695002 -0.78600000
8.76300050 0.66300005 -3.67005010
10.98105050 0.08295000 -7.82805000
10.98105050 0.08295000 -7.82805000
10.98105050 0.08295000 -7.82805000
-0.44805002 1.36395000 -7.13805060
-0.44805002 1.36395000 -7.13805060
-0.44805002 1.36395000 -7.13805060
-5.06805040 0.63405000 -4.87905030
-5.06805040 0.63405000 -4.87905030
-6.39705040 0.45705003 -5.01600030
-12.47805000 -1.35495010 -0.58005005
-12.47805000 -1.35495010 -0.58005005
-9.76395000 -1.25205000 1.43805000
-8.82300000 -2.32095000 3.75600030
-8.82300000 -2.32095000 3.75600030
-10.68600100 -2.00700020 4.77405000
-5.87205030 -1.54200000 6.50805040
-5.87205030 -1.54200000 6.50805040
-5.87205030 -1.54200000 6.50805040
-1.63500010 -2.11200000 7.99305060
-2.93100020 -3.40995030 8.16795100
-2.93100020 -3.40995030 8.16795100
-3.12300010 -3.20400020 8.39805000
2.45205020 -1.86795010 9.85395050
2.45205020 -1.86795010 9.85395050
2.45205020 -1.86795010 9.85395050
7.16295050 -1.68795010 8.38095000
7.16295050 -1.68795010 8.38095000
8.64795000 -0.90300006 7.28400040
10.36500100 1.88205000 2.96100020
10.36500100 1.88205000 2.96100020
11.16705000 -0.05205000 2.86005020
8.43000000 -0.83100003 -3.79395000
8.43000000 -0.83100003 -3.79395000
6.70995040 -0.06195000 -4.82400040
11.11695100 1.24905000 -6.11805000
11.11695100 1.24905000 -6.11805000
11.37795100 -0.20295002 -6.31605050
3.11295000 0.10200001 -7.27395060
3.11295000 0.10200001 -7.27395060
3.11295000 0.10200001 -7.27395060
-0.86700004 0.62205005 -7.56900020
-0.86700004 0.62205005 -7.56900020
-2.13600020 1.41195010 -6.79995000
-6.18405000 -1.09695000 -1.09995010
-6.18405000 -1.09695000 -1.09995010
-12.12105100 -4.66500040 -0.75795000
-12.12105100 -4.66500040 -0.75795000
-11.89995100 -2.85900020 4.89600040
-11.89995100 -2.85900020 4.89600040
-7.33605050 -3.03900000 5.04495000
-7.33605050 -3.03900000 5.04495000
-7.37895000 -1.22100010 5.77695040
-7.84095050 -2.79195020 8.09595000
-7.84095050 -2.79195020 8.09595000
-7.96500000 -2.92905020 7.66500040
-5.13495000 -1.92105010 7.92105050
-5.13495000 -1.92105010 7.92105050
-4.18395040 -1.47300000 9.51105000
-4.18395040 -1.47300000 9.51105000
-4.18395040 -1.47300000 9.51105000
-0.67305005 -1.08195010 9.67395000
-0.67305005 -1.08195010 9.67395000
5.00295000 -2.95800020 9.06300100
5.00295000 -2.95800020 9.06300100
5.00295000 -2.95800020 9.06300100
5.10795000 -2.20095010 8.84505100
7.86705000 0.02100000 7.39200000
7.86705000 0.02100000 7.39200000
10.03395100 0.91905004 6.79800030
9.56700000 -0.17895001 1.32705010
9.56700000 -0.17895001 1.32705010
9.56700000 -0.17895001 1.32705010
8.15400000 -1.49700010 -3.71295020
8.15400000 -1.49700010 -3.71295020
9.19905100 -0.64395005 -5.55705000
9.19905100 -0.64395005 -5.55705000
10.10895100 0.56400000 -6.32400040
6.71295000 -0.34695002 -5.71305040
6.71295000 -0.34695002 -5.71305040
6.71295000 -0.34695002 -5.71305040
-1.64295000 -1.46805010 -8.52705000
-1.64295000 -1.46805010 -8.52705000
-5.30895040 0.12405001 -3.78000020
-5.30895040 0.12405001 -3.78000020
-6.47295050 0.22905001 -2.58495020
-10.73700000 -3.84105010 0.13005000
-10.73700000 -3.84105010 0.13005000
-8.23605100 -3.57105020 0.03900000
-12.82695100 -2.06400010 3.84000020
-12.82695100 -2.06400010 3.84000020
-11.00205000 -2.61000010 5.00100040
-5.68500040 -0.69705003 6.22500040
-5.68500040 -0.69705003 6.22500040
-5.68500040 -0.69705003 6.22500040
-3.83595010 -0.27495003 8.41905000
-3.83595010 -0.27495003 8.41905000
-4.07400040 -0.63195000 9.11100000
-4.78995040 -1.44195010 11.96895000
-4.78995040 -1.44195010 11.96895000
-2.42295000 -2.07900000 10.66305100
4.40895030 -1.63605010 9.22395000
7.25100040 0.09300000 6.00300030
9.48405100 -0.97695005 2.31900000
9.48405100 -0.97695005 2.31900000
9.48405100 -0.97695005 2.31900000
7.35000040 -1.42995010 -5.45700030
5.85000040 -4.32000000 -6.98205040
5.85000040 -4.32000000 -6.98205040
5.30400040 0.10905001 -8.10300100
5.30400040 0.10905001 -8.10300100
5.30400040 0.10905001 -8.10300100
-7.50105050 -9.42705100 -10.69905100
-7.50105050 -9.42705100 -10.69905100
-7.50105050 -9.42705100 -10.69905100
-2.27295020 -1.55400000 -4.09605030
-2.27295020 -1.55400000 -4.09605030
-3.62295000 -1.96395000 -4.61805000
-8.43000000 -7.29300000 -6.61305050
-8.43000000 -7.29300000 -6.61305050
-9.83805100 -6.30105000 -4.81005000
-11.32995000 -2.61795020 1.48095010
-11.32995000 -2.61795020 1.48095010
-7.71405030 -1.82700010 4.11000000
-8.07105100 -3.55905000 7.42305040
-8.07105100 -3.55905000 7.42305040
-8.07105100 -3.55905000 7.42305040
-1.82700010 -0.97200006 7.25295000
-1.82700010 -0.97200006 7.25295000
1.65195010 -0.32295000 10.56000000
1.65195010 -0.32295000 10.56000000
0.29400000 -1.58805010 8.41395000
3.73605010 -0.95100003 9.62100000
3.73605010 -0.95100003 9.62100000
3.73605010 -0.95100003 9.62100000
3.56100000 -3.11295000 13.13700100
3.56100000 -3.11295000 13.13700100
3.10800000 -2.34000020 11.55705100
2.91600010 -4.66305000 8.48100000
2.91600010 -4.66305000 8.48100000
8.51100100 -0.28695002 5.95695000
8.51100100 -0.28695002 5.95695000
9.00705050 -1.14195000 5.50200030
9.22695100 -4.40895030 1.49505010
9.22695100 -4.40895030 1.49505010
8.97600100 -3.85605030 0.19695000
7.29195000 -0.83595000 -0.89895004
7.29195000 -0.83595000 -0.89895004
7.19205050 -2.44500020 -3.78300020
9.69900000 2.30100000 -4.69500000
9.69900000 2.30100000 -4.69500000
9.28995000 1.99905010 -4.53000000
4.29600000 0.79695004 -8.79495050
4.29600000 0.79695004 -8.79495050
-7.00995000 -2.31105020 -8.10300100
-7.00995000 -2.31105020 -8.10300100
-7.56600050 -5.56095030 -4.38795040
-7.56600050 -5.56095030 -4.38795040
-9.23700000 -6.04200030 -3.04500000
-11.01195050 0.79905003 2.57805010
-11.01195050 0.79905003 2.57805010
-10.30095000 1.45800010 4.12995000
-7.85505060 -2.94795010 5.47605040
-7.85505060 -2.94795010 5.47605040
-6.08295000 -3.76995020 4.86300040
-7.57695060 -0.04305000 7.87800030
-7.57695060 -0.04305000 7.87800030
-6.49500040 -0.06195000 8.34195000
-7.80300050 0.29895002 9.23595000
-7.80300050 0.29895002 9.23595000
-7.80300050 0.29895002 9.23595000
-5.89095000 -1.81305000 7.54995000
-5.89095000 -1.81305000 7.54995000
-5.60895000 -1.77195010 9.50595100
-1.57605000 -1.99695010 11.44395100
-1.57605000 -1.99695010 11.44395100
1.96305010 -0.95805010 10.90500100
1.96305010 -0.95805010 10.90500100
1.96305010 -0.95805010 10.90500100
6.52095030 -1.06800010 6.12495040
6.52095030 -1.06800010 6.12495040
6.52095030 -1.06800010 6.12495040
9.69405100 0.66495000 3.70800020
9.69405100 0.66495000 3.70800020
9.86205000 0.40605003 0.21405001
9.86205000 0.40605003 0.21405001
10.96395000 0.39705002 -0.01800000
5.98500000 0.81600004 -6.02700040
5.98500000 0.81600004 -6.02700040
5.26605030 1.09905000 -6.87195000
-3.89400030 0.99795010 -9.42300000
-3.89400030 0.99795010 -9.42300000
-8.71305100 2.47995020 -7.47105030
-9.48195100 -1.33395000 -2.15895000
-9.48195100 -1.33395000 -2.15895000
-11.21100000 -2.33700010 0.02205000
-8.15700100 0.18795002 6.58905030
-8.15700100 0.18795002 6.58905030
-9.65595100 -0.90300006 6.44100050
-5.16105030 -0.57195000 20.96205100
-5.16105030 -0.57195000 20.96205100
-3.42705000 -2.88795020 11.08200100
-3.42705000 -2.88795020 11.08200100
-3.42705000 -2.88795020 11.08200100
1.17795000 1.82700010 10.55505100
1.17795000 1.82700010 10.55505100
1.27800010 0.22200002 11.97105000
7.61595060 -0.53595000 9.94005000
7.61595060 -0.53595000 9.94005000
8.54700000 -0.05700000 9.70305100
8.14200000 -2.34705020 3.22905020
8.14200000 -2.34705020 3.22905020
8.65995000 3.20400020 0.46005002
8.65995000 3.20400020 0.46005002
7.66605040 -0.09795000 -3.46200010
7.66605040 -0.09795000 -3.46200010
7.50495050 -1.77405010 -6.73095040
0.79500000 2.85705020 -9.09000000
0.79500000 2.85705020 -9.09000000
-1.83195010 -0.77805007 -10.56495100
-1.83195010 -0.77805007 -10.56495100
-1.83195010 -0.77805007 -10.56495100
-9.92700000 -4.27200030 -3.98100020
-9.92700000 -4.27200030 -3.98100020
-9.92700000 -4.27200030 -3.98100020
-9.80205100 -0.92400000 4.30395030
-9.80205100 -0.92400000 4.30395030
-8.98095000 -2.12700000 3.76800010
-9.31905100 1.89795000 5.11605020
-9.31905100 1.89795000 5.11605020
-9.03105100 1.55100010 4.25700000
-9.03105100 1.55100010 4.25700000
-9.03105100 1.55100010 4.25700000
-2.55495020 3.75195030 10.67295100
-2.55495020 3.75195030 10.67295100
-2.55495020 3.75195030 10.67295100
0.06195000 -0.27495003 8.79495050
0.06195000 -0.27495003 8.79495050
4.41600040 -3.20700030 6.86700000
4.41600040 -3.20700030 6.86700000
5.91705040 -3.46800020 10.96005100
5.77905040 -0.95100003 9.73605100
5.77905040 -0.95100003 9.73605100
5.25405030 -3.95895030 9.55005100
10.25505100 -2.74695010 8.11005000
10.25505100 -2.74695010 8.11005000
9.27495000 -0.23205002 1.36095010
9.27495000 -0.23205002 1.36095010
8.84400100 1.02195000 1.11195000
10.51305000 4.32000000 -1.95300010
10.51305000 4.32000000 -1.95300010
10.01100100 7.16805030 -4.52700040
13.96695000 1.44105000 -1.48095010
13.96695000 1.44105000 -1.48095010
12.96795100 0.33495003 -2.52495000
7.28505040 1.66395010 -6.02700040
7.28505040 1.66395010 -6.02700040
7.28505040 1.66395010 -6.02700040
9.10005000 -0.46905002 -10.92195000
9.10005000 -0.46905002 -10.92195000
6.14700030 -3.31695000 -11.73405100
-7.10595040 -2.31300020 6.76695000
-7.10595040 -2.31300020 6.76695000
-1.53705010 2.55195020 9.93300100
-1.53705010 2.55195020 9.93300100
2.26500000 -1.32405010 10.94100100
2.26500000 -1.32405010 10.94100100
3.14895000 0.02805000 11.63295100
5.58705040 -0.49605003 11.77500100
5.58705040 -0.49605003 11.77500100
11.62500100 0.05700000 7.33395050
7.83795000 -1.59495010 -4.65000000
7.83795000 -1.59495010 -4.65000000
7.75395060 -1.94205010 -6.47700000
0.73005000 3.21795000 -14.40405100
0.73005000 3.21795000 -14.40405100
0.22395001 1.85505010 -13.06995100
3.86295000 -0.13095000 11.31000000
3.86295000 -0.13095000 11.31000000
3.86295000 -0.13095000 11.31000000
3.82695000 -2.17395020 14.22000000
3.82695000 -2.17395020 14.22000000
2.08095000 2.11395000 18.33900000
2.08095000 2.11395000 18.33900000
2.08095000 2.11395000 18.33900000
3.06300020 1.30695010 10.95105100
3.06300020 1.30695010 10.95105100
3.06300020 1.30695010 10.95105100
4.34205000 1.36395000 9.15900000
4.47795000 0.45705003 1.24095010
4.47795000 0.45705003 1.24095010
8.77695100 -2.04300000 0.45600003
8.77695100 -2.04300000 0.45600003
8.39595000 2.35395000 7.90695050
8.39595000 2.35395000 7.90695050
10.04895000 4.04205040 8.39505000
10.03905000 2.30805020 6.33795000
10.03905000 2.30805020 6.33795000
10.03905000 2.30805020 6.33795000
5.19195030 1.25205000 3.37995000
5.19195030 1.25205000 3.37995000
5.19195030 1.25205000 3.37995000
8.31195100 1.27605010 8.63700000
8.31195100 1.27605010 8.63700000
9.31605100 0.86595005 9.32895100
12.98505000 -1.91805000 10.29405000
12.98505000 -1.91805000 10.29405000
13.36095000 -1.67100010 9.94200000
-1.54005000 1.47000000 -3.34905000
-1.54005000 1.47000000 -3.34905000
0.37305000 1.33995010 -3.24795000
3.67995020 -3.48900000 -6.77895000
3.67995020 -3.48900000 -6.77895000
3.67995020 -3.48900000 -6.77895000
0.36600003 -2.43495000 -8.01495100
0.36600003 -2.43495000 -8.01495100
3.78105020 -3.33405020 -7.08300000
5.98200040 -2.79195020 -6.97305000
5.98200040 -2.79195020 -6.97305000
7.09605030 -2.88105000 -6.87705040
7.75905040 -3.95205020 -6.75000050
7.86705000 -5.79105040 -5.71305040
7.86705000 -5.79105040 -5.71305040
7.06500050 -6.12900000 -5.51895050
0.85695004 -0.03300000 -9.71505100
0.85695004 -0.03300000 -9.71505100
1.59705010 -0.59595000 -10.26300050
2.43300000 -2.69700000 -9.69600000
2.43300000 -2.69700000 -9.69600000
1.16295000 -2.34000020 -9.31500100
-3.81495020 -3.64005020 0.72405005
-3.81495020 -3.64005020 0.72405005
-1.72605010 -3.37905030 2.38095020
-6.12405000 0.07605001 9.20505000
-6.12405000 0.07605001 9.20505000
-6.12405000 0.07605001 9.20505000
-7.32795050 -5.11305050 9.23595000
-7.32795050 -5.11305050 9.23595000
-6.37305000 -4.82100000 10.92705100
-6.07305050 -3.27105020 6.54405000
-6.07305050 -3.27105020 6.54405000
2.00595020 -3.11595000 10.76100100
2.00595020 -3.11595000 10.76100100
2.00595020 -3.11595000 10.76100100
2.71800020 -3.18495000 11.36505000
10.05600100 -2.69205020 8.45295050
10.05600100 -2.69205020 8.45295050
9.41205000 -2.16000000 4.42200040
9.41205000 -2.16000000 4.42200040
2.68200020 -1.47300000 -12.47400100
2.68200020 -1.47300000 -12.47400100
2.81400010 -4.06905030 -9.34905050
1.69500000 -2.94105000 -8.69895100
1.69500000 -2.94105000 -8.69895100
1.69500000 -2.94105000 -8.69895100
4.68195000 -1.46100010 -6.80700000
4.68195000 -1.46100010 -6.80700000
4.80600000 -0.59400004 -9.15000100
4.80600000 -0.59400004 -9.15000100
5.54100040 1.73100010 -7.55205060
-2.89995000 1.94205010 -5.56695030
-2.89995000 1.94205010 -5.56695030
-10.22400100 -1.89195010 2.89905020
-10.22400100 -1.89195010 2.89905020
-10.22400100 -1.89195010 2.89905020
-9.42195000 -2.71605010 5.20695000
-9.42195000 -2.71605010 5.20695000
-9.42195000 -2.71605010 5.20695000
-6.46905040 -4.36800000 8.32995000
-6.46905040 -4.36800000 8.32995000
-6.46905040 -4.36800000 8.32995000
0.07395000 -1.68795010 10.59600100
0.07395000 -1.68795010 10.59600100
1.81695010 -2.06895020 8.73795000
1.81695010 -2.06895020 8.73795000
7.69200040 -1.80105010 8.62500000
7.69200040 -1.80105010 8.62500000
7.29495050 -2.81595020 8.78805100
9.34200000 -1.69800010 6.45300000
9.34200000 -1.69800010 6.45300000
9.57195100 -2.67495010 5.53995040
10.88505100 0.63405000 -1.13595010
10.88505100 0.63405000 -1.13595010
10.56405100 1.82895000 -3.13605020
8.39205100 0.01605000 -3.56205000
8.39205100 0.01605000 -3.56205000
7.63005000 0.34695002 -3.55995000
5.28795000 -0.59100000 -7.06095030
5.28795000 -0.59100000 -7.06095030
5.28795000 -0.59100000 -7.06095030
-13.67805100 -0.27795002 -1.61295010
-13.67805100 -0.27795002 -1.61295010
-12.40095000 -1.27395010 -3.00705000
-12.95400000 -2.83305030 1.27500010
-12.95400000 -2.83305030 1.27500010
-14.88495100 -3.05595020 2.00295020
-9.02595000 -3.43395020 0.66405004
-9.02595000 -3.43395020 0.66405004
-7.12995050 -0.79695004 3.66000000
-10.33395000 -2.78805020 2.80305000
-10.33395000 -2.78805020 2.80305000
-3.51795000 -3.15600010 8.58405000
-3.51795000 -3.15600010 8.58405000
0.36600003 -2.07900000 6.07905000
0.36600003 -2.07900000 6.07905000
6.36105000 -4.14795000 8.78295000
6.36105000 -4.14795000 8.78295000
6.36105000 -4.14795000 8.78295000
11.16495000 -3.63495020 4.30200000
11.16495000 -3.63495020 4.30200000
11.16495000 -3.63495020 4.30200000
11.09505100 0.23595001 -6.60105040
11.09505100 0.23595001 -6.60105040
10.69995000 1.17300010 -5.76300050
6.56595040 0.65100000 -5.13300040
6.56595040 0.65100000 -5.13300040
4.91400000 1.51500010 -5.05695000
-2.90505000 1.83105000 -5.24595000
-2.90505000 1.83105000 -5.24595000
-3.90105000 1.75695010 -4.42395000
-9.15795000 1.00305010 0.86295000
-9.15795000 1.00305010 0.86295000
-9.15795000 1.00305010 0.86295000
-9.58695000 -1.23795010 3.56895020
-9.58695000 -1.23795010 3.56895020
-9.58695000 -1.23795010 3.56895020
-8.83995100 -2.72805020 6.05505040
-8.83995100 -2.72805020 6.05505040
-9.43095000 -3.06495020 9.86805100
-9.43095000 -3.06495020 9.86805100
-9.43095000 -3.06495020 9.86805100
-3.03705020 -4.72305000 6.44295020
-3.66405000 -1.14900000 4.70700030
0.33900002 -3.70995020 10.72605000
0.33900002 -3.70995020 10.72605000
2.26695010 -4.38000000 10.00695000
6.55005030 -1.16100000 3.42495010
6.55005030 -1.16100000 3.42495010
10.30500000 -0.58905005 2.36400000
10.30500000 -0.58905005 2.36400000
10.30500000 -0.58905005 2.36400000
8.57805100 1.38795010 -7.87995050
8.57805100 1.38795010 -7.87995050
8.57805100 1.38795010 -7.87995050
3.34305020 0.56700003 -7.65000060
3.34305020 0.56700003 -7.65000060
2.60505000 0.87795000 -7.94700050
-7.33605050 1.28100000 -0.49905002
-7.33605050 1.28100000 -0.49905002
-8.44395100 0.92400000 1.03500010
-15.57405100 -3.15900020 2.66895000
-15.57405100 -3.15900020 2.66895000
-11.98905100 -3.13500020 2.83605000
-6.85200000 1.68495010 8.97705100
-6.85200000 1.68495010 8.97705100
-5.29005000 0.90900004 9.69105100
0.43800002 3.03900000 10.20105100
0.43800002 3.03900000 10.20105100
0.43800002 3.03900000 10.20105100
4.92600000 -0.38505003 7.03200050
4.92600000 -0.38505003 7.03200050
5.58195000 -0.39000002 5.52795030
7.80000000 1.43895010 7.38705000
7.80000000 1.43895010 7.38705000
11.66100000 -0.09795000 -1.02300000
11.66100000 -0.09795000 -1.02300000
11.66100000 -0.09795000 -1.02300000
8.53800000 -0.01695000 0.30000000
8.05905100 -0.29205000 -0.48495004
7.76205000 -3.39300010 -4.56795020
7.76205000 -3.39300010 -4.56795020
9.03105100 1.20600010 -1.36605010
8.37000100 -2.11500000 -8.50305100
8.37000100 -2.11500000 -8.50305100
8.57805100 -0.24405001 -8.07000100
-0.28905000 0.41805002 -7.41300060
-0.28905000 0.41805002 -7.41300060
-5.34495000 0.51405000 -4.01505040
-5.34495000 0.51405000 -4.01505040
-5.34495000 0.51405000 -4.01505040
-8.86395100 -0.64605004 0.87705004
-8.86395100 -0.64605004 0.87705004
-9.33105100 -0.44505003 1.15005000
-8.22705100 -2.07900000 4.82205000
-8.22705100 -2.07900000 4.82205000
-6.02100040 -1.16595010 3.35400000
-5.58195000 -1.02705000 7.47495030
-5.58195000 -1.02705000 7.47495030
-8.00595000 0.18795002 7.69605000
-3.90105000 -2.93400030 8.70195000
-3.90105000 -2.93400030 8.70195000
-3.48900000 -4.40205000 9.01500000
1.41705010 -0.57495004 8.64900000
1.41705010 -0.57495004 8.64900000
4.26000000 0.70800000 8.19195100
4.26000000 0.70800000 8.19195100
4.99995040 1.27605010 7.99500040
7.86705000 -0.73695004 5.29395000
7.86705000 -0.73695004 5.29395000
7.86705000 -0.73695004 5.29395000
9.64605000 -0.60600000 1.45905000
9.64605000 -0.60600000 1.45905000
9.33795100 1.63500010 -5.32500030
9.33795100 1.63500010 -5.32500030
10.39395000 1.23495010 -6.05295040
6.71505000 -0.37305000 -7.69605000
6.71505000 -0.37305000 -7.69605000
4.56705000 0.30795002 -8.69700050
3.97305000 0.29895002 -7.10895000
3.97305000 0.29895002 -7.10895000
-7.82205060 2.12805000 -1.48605010
-7.82205060 2.12805000 -1.48605010
-7.82205060 2.12805000 -1.48605010
-12.09405000 -0.98895010 0.13695000
-11.69205100 -1.86495010 1.00695000
-8.53800000 -0.86205006 4.42200040
-8.53800000 -0.86205006 4.42200040
-7.92000060 1.89105010 9.44895100
-7.92000060 1.89105010 9.44895100
-7.92000060 1.89105010 9.44895100
-5.15895030 -1.93005010 7.43505050
-4.26000000 -1.45800010 8.69505000
-4.11405040 -1.20000000 11.24805100
-4.11405040 -1.20000000 11.24805100
-3.26895020 -0.29700002 10.83300000
1.79295000 -1.65000010 8.48400000
1.79295000 -1.65000010 8.48400000
1.74300000 -1.36995000 8.78295000
6.41595030 -0.74205005 8.37105100
6.41595030 -0.74205005 8.37105100
6.41595030 -0.74205005 8.37105100
8.75295100 -0.43995002 4.09605030
8.75295100 -0.43995002 4.09605030
8.75295100 -0.43995002 4.09605030
9.78105100 0.82305000 1.32300010
9.78105100 0.82305000 1.32300010
9.72105000 1.40505000 1.39500010
11.19105100 0.92400000 0.32895002
11.19105100 0.92400000 0.32895002
9.22995100 -0.60105000 -2.78100010
9.22995100 -0.60105000 -2.78100010
9.22995100 -0.60105000 -2.78100010
7.55295040 -0.52695000 -5.34195040
7.55295040 -0.52695000 -5.34195040
7.55295040 -0.52695000 -5.34195040
5.99595000 0.17595000 -7.53600030
5.99595000 0.17595000 -7.53600030
5.23200040 0.76305000 -8.04795100
5.23200040 0.76305000 -8.04795100
4.97595020 0.37800002 -8.47395000
4.46595000 1.06695010 -9.35100100
4.46595000 1.06695010 -9.35100100
4.46595000 1.06695010 -9.35100100
2.81400010 -0.61305004 -9.37005000
2.81400010 -0.61305004 -9.37005000
0.06405000 -1.73100010 -5.59095050
4.08795000 1.10295010 -8.68305000
4.08795000 1.10295010 -8.68305000
2.65995000 0.20505000 -9.68100100
-0.90300006 -0.51705000 -11.21895000
-0.90300006 -0.51705000 -11.21895000
-1.77195010 0.22395001 -10.39800100
-4.94295020 1.85805010 -7.40595050
-4.94295020 1.85805010 -7.40595050
-6.35400000 1.03605010 -6.00705050
-6.79005050 -0.28005000 -0.46995002
-6.79005050 -0.28005000 -0.46995002
-6.79005050 -0.28005000 -0.46995002
-8.17095000 0.07095000 4.93905000
-8.17095000 0.07095000 4.93905000
-8.10405100 -0.14100000 4.77900030
-8.54700000 -5.68995050 11.24805100
-8.54700000 -5.68995050 11.24805100
-3.57795020 -1.66395010 9.12300000
-3.57795020 -1.66395010 9.12300000
-3.57795020 -1.66395010 9.12300000
-5.02005000 -2.15805000 10.52895100
-5.02005000 -2.15805000 10.52895100
0.57405000 -2.49105000 9.28395100
0.57405000 -2.49105000 9.28395100
1.44405010 -2.86395030 8.03100000
7.06200030 -3.11805000 5.70795000
7.06200030 -3.11805000 5.70795000
6.48705050 -2.94795010 6.11700000
13.43100100 -1.48905000 4.28295040
13.43100100 -1.48905000 4.28295040
12.16095100 -1.69305000 4.88400030
6.64995050 -0.67500000 -3.81105020
6.64995050 -0.67500000 -3.81105020
6.64995050 -0.67500000 -3.81105020
9.16005000 1.97295010 -6.68805030
9.16005000 1.97295010 -6.68805030
6.99795060 1.59000000 -6.11805000
6.99795060 1.59000000 -6.11805000
6.99795060 1.59000000 -6.11805000
0.35595003 0.61005000 -9.03000100
0.35595003 0.61005000 -9.03000100
0.35595003 0.61005000 -9.03000100
5.50995000 0.37305000 -8.93400000
5.50995000 0.37305000 -8.93400000
5.50995000 0.37305000 -8.93400000
3.42705000 3.86505000 -9.56400000
3.42705000 3.86505000 -9.56400000
4.30605030 0.20805001 -9.77700000
4.30605030 0.20805001 -9.77700000
5.12700030 0.01605000 -9.10905100
0.08805001 0.41805002 -10.29195000
0.08805001 0.41805002 -10.29195000
0.08805001 0.41805002 -10.29195000
-2.50500000 2.74200000 -6.62100030
-2.50500000 2.74200000 -6.62100030
-3.08700010 2.95200010 -6.48405030
-8.00100000 0.93300000 -0.95205003
-8.00100000 0.93300000 -0.95205003
-7.73295000 -1.03905010 3.36600020
-11.30205100 -1.60200010 5.05200000
-11.30205100 -1.60200010 5.05200000
-12.49905000 -1.44195010 4.78095000
-10.93995100 -2.93400030 6.58695030
-10.93995100 -2.93400030 6.58695030
-9.57705000 -2.71305010 7.19295020
-5.73105050 -1.33095000 10.16700100
-5.73105050 -1.33095000 10.16700100
-5.73105050 -1.33095000 10.16700100
-3.65895000 -2.55795000 10.91205000
-3.65895000 -2.55795000 10.91205000
-3.42495010 -2.50500000 9.87300000
3.13200020 -3.71400020 7.42005000
3.13200020 -3.71400020 7.42005000
6.31995000 -2.41395020 5.45400050
6.31995000 -2.41395020 5.45400050
6.31995000 -2.41395020 5.45400050
6.90405040 -2.14800000 5.09505030
6.90405040 -2.14800000 5.09505030
9.59100100 -1.22100010 1.93605000
9.59100100 -1.22100010 1.93605000
10.18095000 -0.85995007 1.51395010
6.99300050 -0.16305001 -7.68405060
6.99300050 -0.16305001 -7.68405060
6.66900000 -0.82395005 -6.70695000
7.46505000 -0.89805007 -4.95795000
7.46505000 -0.89805007 -4.95795000
7.46505000 -0.89805007 -4.95795000
7.99200060 -0.54600000 -3.57405020
7.99200060 -0.54600000 -3.57405020
7.99200060 -0.54600000 -3.57405020
3.88395020 1.49400010 -9.11400000
3.88395020 1.49400010 -9.11400000
3.79500000 0.96705010 -9.98100100
-0.40695003 0.81405000 -10.00995100
-0.40695003 0.81405000 -10.00995100
-3.27105020 1.78095010 -5.59995030
-3.27105020 1.78095010 -5.59995030
-3.27105020 1.78095010 -5.59995030
-10.84395000 -0.53595000 2.10600020
-10.84395000 -0.53595000 2.10600020
-10.84395000 -0.53595000 2.10600020
-10.84395000 -0.53595000 2.10600020
-9.46005100 -0.39300000 4.94595000
-9.46005100 -0.39300000 4.94595000
-9.99600000 0.61500000 5.26995040
-7.22805000 1.39305010 6.45495030
-6.17400030 -1.12500000 7.61400030
-6.17400030 -1.12500000 7.61400030
-6.17400030 -1.12500000 7.61400030
-3.25905010 -0.48795003 8.73300100
-3.25905010 -0.48795003 8.73300100
-1.58805010 -0.12405001 10.98900000
-1.58805010 -0.12405001 10.98900000
0.18900001 0.68205005 10.34895000
2.19105000 0.33900002 9.11805100
2.19105000 0.33900002 9.11805100
3.57000020 0.86400000 9.38895000
7.77600050 0.84900004 6.76695000
7.77600050 0.84900004 6.76695000
10.00305100 1.54200000 2.91495010
10.42200100 1.30905010 -0.21900001
10.42200100 1.30905010 -0.21900001
10.42200100 1.30905010 -0.21900001
8.26695100 0.46905002 -0.38595003
8.26695100 0.46905002 -0.38595003
8.89905100 2.11395000 -2.10105010
10.85100100 1.22295010 -4.34805000
10.85100100 1.22295010 -4.34805000
7.26600030 -0.49605003 -7.46805050
7.26600030 -0.49605003 -7.46805050
3.43905020 -1.20405010 -8.48400000
3.43905020 -1.20405010 -8.48400000
-0.33705002 -1.07505000 -8.66595100
-0.28500003 0.03000000 -6.59700000
-0.28500003 0.03000000 -6.59700000
-0.57000005 -0.28005000 -5.61705000
-8.44200000 -1.32705010 -1.17900000
-8.44200000 -1.32705010 -1.17900000
-9.55305000 0.40395000 1.10205010
-10.82295000 -0.24405001 3.52395000
-10.82295000 -0.24405001 3.52395000
-10.82295000 -0.24405001 3.52395000
-7.62495040 -1.15905010 4.58505000
-7.62495040 -1.15905010 4.58505000
-7.62495040 -1.15905010 4.58505000
-7.33800030 1.13205000 6.99405050
-7.33800030 1.13205000 6.99405050
-7.70205000 0.84000003 8.15100000
-5.08695030 -0.07605001 8.85705100
-5.08695030 -0.07605001 8.85705100
-5.05605030 -0.74505000 9.64095000
-1.38900000 -0.04800000 10.15800100
-1.38900000 -0.04800000 10.15800100
-0.52200000 -0.75405000 9.70995000
3.93705000 -1.08495010 8.74695000
3.93705000 -1.08495010 8.74695000
3.93705000 -1.08495010 8.74695000
6.31695030 -0.87405000 6.80205000
6.31695030 -0.87405000 6.80205000
7.48605000 -0.54105000 4.57005020
7.48605000 -0.54105000 4.57005020
10.92300000 0.97905004 -1.54995010
10.92300000 0.97905004 -1.54995010
10.92300000 0.97905004 -1.54995010
6.93105030 -0.25095000 -2.56095000
6.93105030 -0.25095000 -2.56095000
6.93105030 -0.25095000 -2.56095000
8.84400100 0.12405001 -7.54305030
8.84400100 0.12405001 -7.54305030
8.83695000 0.69600004 -7.16895060
2.25495000 1.96800000 -6.83895000
2.25495000 1.96800000 -6.83895000
0.16200000 4.08300000 -6.87195000
-2.47800020 3.39105000 -5.18100000
-2.47800020 3.39105000 -5.18100000
-2.45700000 2.05905000 -4.47495030
-10.94205100 -0.77100000 2.06505010
-10.94205100 -0.77100000 2.06505010
-10.94205100 -0.77100000 2.06505010
-8.84400100 1.51305010 6.11295030
-8.84400100 1.51305010 6.11295030
-3.79605000 2.27505020 6.17295030
-5.61405040 -1.68300010 5.28195050
-5.61405040 -1.68300010 5.28195050
-7.39995050 -1.85805010 4.83405000
-8.86095000 0.28695002 7.71705060
-8.86095000 0.28695002 7.71705060
-7.33305030 0.11205000 8.21295100
-7.33305030 0.11205000 8.21295100
-3.88905020 0.20505000 4.91295000
-3.88905020 0.20505000 4.91295000
-3.88905020 0.20505000 4.91295000
-4.74405000 0.13800001 6.69900040
-1.75005010 0.17400001 10.89105000
-1.75005010 0.17400001 10.89105000
-1.82700010 0.79905003 9.70800000
3.59700010 0.57900006 8.73795000
3.59700010 0.57900006 8.73795000
7.29705050 1.16295000 8.94600000
7.57200050 2.70105000 6.66405000
7.57200050 2.70105000 6.66405000
11.20095100 2.02995010 3.97200010
11.20095100 2.02995010 3.97200010
10.73100100 2.38200020 3.36795020
8.99295000 3.01695010 -3.50505020
8.99295000 3.01695010 -3.50505020
3.18000000 1.65900000 -8.00505100
3.18000000 1.65900000 -8.00505100
2.67000000 0.56700003 -7.50000050
4.55205000 0.67500000 -9.18600100
4.55205000 0.67500000 -9.18600100
4.55205000 0.67500000 -9.18600100
-0.99405000 1.25205000 -9.34905050
-0.99405000 1.25205000 -9.34905050
-4.50900030 2.13300010 -7.08495040
-4.50900030 2.13300010 -7.08495040
-4.29195000 2.15205000 -7.80105000
-7.17300030 1.66395010 -2.15895000
-7.17300030 1.66395010 -2.15895000
-7.17300030 1.66395010 -2.15895000
-14.84595100 0.31800002 1.76595010
-14.84595100 0.31800002 1.76595010
-14.84595100 0.31800002 1.76595010
-5.28495030 0.61500000 5.49195000
-5.28495030 0.61500000 5.49195000
-2.78505020 0.90195006 5.29605000
-7.26600030 0.44700003 9.40800000
-7.26600030 0.44700003 9.40800000
-6.94005000 -0.36105000 9.55005100
-5.16105030 0.92100006 10.02105000
-5.16105030 0.92100006 10.02105000
-4.36800000 1.06695010 9.83700100
-3.31200030 1.32795010 9.43500000
-3.31200030 1.32795010 9.43500000
-3.31200030 1.32795010 9.43500000
2.73405000 -0.27300000 9.03195000
2.73405000 -0.27300000 9.03195000
2.99595020 0.54105000 8.78100000
8.16600000 0.10005000 4.17495000
8.16600000 0.10005000 4.17495000
8.40600000 -0.53595000 2.25900000
10.18995100 0.14295001 -4.79805040
10.18995100 0.14295001 -4.79805040
11.12895000 -0.68505000 -1.96695000
11.12895000 -0.68505000 -1.96695000
11.27805000 0.37500003 -0.64500004
9.35400000 -0.47205000 -6.32805000
9.35400000 -0.47205000 -6.32805000
7.21800040 -1.36995000 -4.99695000
7.21800040 -1.36995000 -4.99695000
7.21800040 -1.36995000 -4.99695000
4.14495040 4.44195030 -7.72500040
4.14495040 4.44195030 -7.72500040
4.14495040 4.44195030 -7.72500040
1.21605000 0.07305000 -8.50095100
1.21605000 0.07305000 -8.50095100
1.21605000 0.07305000 -8.50095100
-4.02105000 2.42505000 -8.17995100
-4.02105000 2.42505000 -8.17995100
-5.21100040 2.93100020 -6.75705050
-11.20095100 -0.10305001 2.30700020
-11.20095100 -0.10305001 2.30700020
-10.64295000 -1.01295010 2.76195000
-10.18800100 0.74595004 3.15705010
-10.18800100 0.74595004 3.15705010
-7.61595060 1.76700010 4.13400030
-6.91395040 0.72300005 5.33400000
-6.91395040 0.72300005 5.33400000
-6.58095030 -0.44805002 5.95695000
-6.51900050 -0.59400004 10.70205000
-2.94600000 -0.98205006 7.89195060
-2.94600000 -0.98205006 7.89195060
-3.53505020 -0.72495000 7.42500000
0.67695004 0.68205005 10.26795000
0.67695004 0.68205005 10.26795000
0.67695004 0.68205005 10.26795000
6.70800000 4.40595000 5.01600030
6.70800000 4.40595000 5.01600030
6.70800000 4.40595000 5.01600030
9.16005000 2.74605010 7.13100050
9.16005000 2.74605010 7.13100050
8.58495000 2.34405020 6.78105000
9.13605000 2.56200000 -1.06695010
9.13605000 2.56200000 -1.06695010
11.45700100 4.03200000 -0.20700002
11.45700100 4.03200000 -0.20700002
11.45700100 4.03200000 -0.20700002
9.99105100 1.95600010 -4.88400030
9.99105100 1.95600010 -4.88400030
9.99105100 1.95600010 -4.88400030
3.52005000 -0.81600004 -7.11405040
3.52005000 -0.81600004 -7.11405040
4.92105000 -0.97695005 -7.08495040
-1.47300000 2.54805020 -9.14295000
-1.47300000 2.54805020 -9.14295000
-2.13600020 2.60505000 -8.41005000
-6.90405040 2.02995010 -2.10405020
-6.90405040 2.02995010 -2.10405020
-7.65705000 0.94800010 -0.06300000
-7.65705000 0.94800010 -0.06300000
-7.79100040 1.12695000 0.63300000
-8.96205000 -0.03795000 4.33995000
-8.96205000 -0.03795000 4.33995000
-6.73005000 0.03795000 9.81495100
-6.73005000 0.03795000 9.81495100
-6.73005000 0.03795000 9.81495100
-5.03400040 1.31700000 8.41005000
-3.07695000 1.08195010 9.83895000
-3.07695000 1.08195010 9.83895000
-1.87305010 -0.01395000 9.40305000
-0.98895010 -1.85805010 9.39900000
-0.98895010 -1.85805010 9.39900000
-0.98895010 -1.85805010 9.39900000
5.99400040 -1.63095010 7.21200040
5.99400040 -1.63095010 7.21200040
7.25400000 -0.36900002 7.46295000
10.79100000 1.33995010 2.85105010
10.79100000 1.33995010 2.85105010
11.21805100 1.26600000 1.76595010
9.49800000 0.46605003 -3.27000020
9.49800000 0.46605003 -3.27000020
8.06595000 -0.25395000 -3.71100020
10.53495000 0.59805006 -3.13305020
10.53495000 0.59805006 -3.13305020
9.66600000 -0.47895002 -3.98595020
6.38400030 -1.53300010 -6.26895050
5.14395050 -1.47495010 -6.63495000
5.41695000 -1.50900010 -6.74805000
5.41695000 -1.50900010 -6.74805000
1.99200010 0.78495000 -10.14105000
1.99200010 0.78495000 -10.14105000
1.99200010 0.78495000 -10.14105000
-2.04495000 -0.10500000 -7.51605030
-2.04495000 -0.10500000 -7.51605030
-2.04495000 -0.10500000 -7.51605030
-6.94800040 0.52095000 1.61205000
-6.94800040 0.52095000 1.61205000
-7.59900050 0.18105000 3.10500030
-12.36795000 -2.64900020 7.75305030
-12.36795000 -2.64900020 7.75305030
-11.58900100 -2.57205000 8.46705100
-5.35500000 -2.57700010 8.81400000
-5.35500000 -2.57700010 8.81400000
-4.57905000 -3.01005000 9.54195000
-0.93600005 -1.88700010 9.70005000
-0.93600005 -1.88700010 9.70005000
-0.93600005 -1.88700010 9.70005000
4.63395000 0.41805002 7.74405050
4.63395000 0.41805002 7.74405050
4.63395000 0.41805002 7.74405050
7.11300040 0.90705000 5.29095030
7.11300040 0.90705000 5.29095030
8.21895000 0.72000000 4.61805000
11.06205100 2.15505000 3.67200020
9.67995100 1.93905010 1.16895010
9.67995100 1.93905010 1.16895010
10.09005100 2.35605000 0.20700002
9.44295000 1.28505000 -4.02195020
9.44295000 1.28505000 -4.02195020
9.94305000 0.45000002 -5.57895040
7.00005050 2.20500020 -5.91405000
7.00005050 2.20500020 -5.91405000
7.14600040 1.18695010 -7.08000040
1.50105010 1.88895010 -7.89495040
1.50105010 1.88895010 -7.89495040
1.34505010 1.99905010 -7.65795040
-3.84405020 0.25605002 -4.93905000
-3.84405020 0.25605002 -4.93905000
-3.84405020 0.25605002 -4.93905000
-10.87305100 -1.60395000 5.23095040
-10.87305100 -1.60395000 5.23095040
-13.53600000 -3.88395020 3.06405020
-10.04205000 -1.86795010 6.04800030
-10.04205000 -1.86795010 6.04800030
-4.94295020 -3.77895020 10.65105100
-4.94295020 -3.77895020 10.65105100
-4.94295020 -3.77895020 10.65105100
-3.28305000 -0.77295005 10.27995000
-1.02000010 -1.54005000 10.12905000
-1.02000010 -1.54005000 10.12905000
0.38295000 -1.80795010 8.76900000
5.92500000 -2.08800000 6.90495000
9.67305100 -1.20195010 4.70205000
9.67305100 -1.20195010 4.70205000
9.67305100 -1.20195010 4.70205000
9.85200000 0.24795002 -1.51695010
9.85200000 0.24795002 -1.51695010
9.85200000 0.24795002 -1.51695010
7.61100050 1.85100010 -7.80105000
7.61100050 1.85100010 -7.80105000
7.61100050 1.85100010 -7.80105000
1.87695010 0.41595003 -7.18095000
1.87695010 0.41595003 -7.18095000
-1.39605010 2.59800000 -5.35095020
-5.29695030 0.72300005 -1.89300010
-5.29695030 0.72300005 -1.89300010
-7.95105030 1.28295000 -1.43295000
-11.63205050 -0.45705003 4.35000040
-11.63205050 -0.45705003 4.35000040
-19.40205000 -1.80105010 3.81600020
-6.83505000 1.87200010 5.04195000
-6.83505000 1.87200010 5.04195000
-7.82400040 -0.89295006 8.27100100
-7.82400040 -0.89295006 8.27100100
-7.82400040 -0.89295006 8.27100100
-3.88905020 0.22905001 7.85895000
-3.88905020 0.22905001 7.85895000
-0.01605000 -1.13505000 10.56495100
-0.01605000 -1.13505000 10.56495100
3.09405020 -1.18305000 7.27905040
3.09405020 -1.18305000 7.27905040
6.34905050 -1.49895010 8.03805100
6.34905050 -1.49895010 8.03805100
7.52700040 -1.30500010 7.20000030
7.52700040 -1.30500010 7.20000030
7.52700040 -1.30500010 7.20000030
7.88100050 -1.15200010 7.17795040
8.70795100 -0.84495000 4.71900030
8.70795100 -0.84495000 4.71900030
8.91600000 -2.16195000 2.62095020
8.91600000 -2.16195000 2.62095020
8.91600000 -2.16195000 2.62095020
9.60300100 -1.20900010 -0.57600003
9.60300100 -1.20900010 -0.57600003
9.67305100 -1.12500000 -0.99000007
9.97695100 -0.62205005 -2.09895010
9.97695100 -0.62205005 -2.09895010
10.07505000 -0.81405000 -2.19000000
9.59100100 -0.96000004 -1.74000010
9.59100100 -0.96000004 -1.74000010
9.41205000 -0.94305000 -1.49505010
9.06900000 -0.85005003 -1.96500020
9.06900000 -0.85005003 -1.96500020
9.20100000 -0.57900006 -1.91205010
10.48005000 -0.31605002 -2.29305000
10.48005000 -0.31605002 -2.29305000
10.48005000 -0.31605002 -2.29305000
9.52395100 -0.55500000 -2.11305000
9.52395100 -0.55500000 -2.11305000
9.46395000 -0.36105000 -2.05095000
9.65805100 -0.14595000 -1.84500000
9.65805100 -0.14595000 -1.84500000
9.68205100 -0.12195001 -1.98105010
9.94800100 -0.34500003 -1.94595020
9.94800100 -0.34500003 -1.94595020
9.55305000 -0.75195000 -2.19705000
9.55305000 -0.75195000 -2.19705000
9.52905100 -0.83295006 -2.23500010
10.24995000 -0.25395000 -2.55900000
10.24995000 -0.25395000 -2.55900000
9.12195000 0.92895010 -4.76400040
9.12195000 0.92895010 -4.76400040
9.12195000 0.92895010 -4.76400040
6.76995040 0.72300005 -6.81900020
6.76995040 0.72300005 -6.81900020
5.86500020 0.63195000 -7.29600050
2.04195000 2.00400020 -9.26205100
2.04195000 2.00400020 -9.26205100
2.04195000 2.00400020 -9.26205100
1.15605010 1.08195010 -10.46505100
1.15605010 1.08195010 -10.46505100
0.55995005 0.83295006 -9.49695000
0.25605002 2.05905000 -9.32895100
0.25605002 2.05905000 -9.32895100
0.25605002 2.05905000 -9.32895100
-6.24300050 0.82305000 -5.69895030
-6.24300050 0.82305000 -5.69895030
-6.24300050 0.82305000 -5.69895030
-7.99200060 -1.61400010 1.17705010
-7.99200060 -1.61400010 1.17705010
-8.50395000 -1.87005010 2.17305020
-8.50395000 -1.87005010 2.17305020
-8.74905000 -1.36995000 2.70195000
-5.99700000 -2.60100000 9.64500000
-5.99700000 -2.60100000 9.64500000
-5.99700000 -2.60100000 9.64500000
-1.37205000 -2.43795010 11.15895100
-1.37205000 -2.43795010 11.15895100
-1.03200010 -1.87500010 11.74095100
0.71295005 -3.93705000 7.94700050
0.71295005 -3.93705000 7.94700050
1.66395010 -4.10505000 6.17505030
5.96505000 -4.50000000 7.32900050
5.96505000 -4.50000000 7.32900050
8.25495100 -3.19695020 8.03595100
9.40905000 -3.16395020 2.78595020
9.40905000 -3.16395020 2.78595020
4.98600000 6.44895030 -8.91495000
4.98600000 6.44895030 -8.91495000
4.98600000 6.44895030 -8.91495000
0.80400000 2.47800020 -8.94405100
0.80400000 2.47800020 -8.94405100
1.12995000 2.00100020 -9.71295100
-0.45705003 3.84105010 -8.29695000
-0.45705003 3.84105010 -8.29695000
-1.31205010 3.21300000 -8.50995100
-6.54000040 2.99505020 -6.16305000
-6.54000040 2.99505020 -6.16305000
-6.55695000 3.70395020 -1.97700010
-6.12900000 3.00705000 -1.57695010
-7.32105000 0.87105006 3.16695020
-7.32105000 0.87105006 3.16695020
-7.29000040 0.52905005 4.10100030
-6.67905040 -2.00700020 7.67895030
-6.67905040 -2.00700020 7.67895030
-8.99295000 -2.65605020 7.80405040
0.83805007 -0.41595003 12.24195100
0.83805007 -0.41595003 12.24195100
0.83805007 -0.41595003 12.24195100
3.49800010 -2.17395020 9.59700000
3.49800010 -2.17395020 9.59700000
3.49800010 -2.17395020 9.59700000
7.45695000 -2.47095010 4.35195000
7.45695000 -2.47095010 4.35195000
7.63005000 -2.21505020 3.30600020
10.72695100 3.83595010 -4.21095040
10.72695100 3.83595010 -4.21095040
5.97300000 0.37800002 -7.10700040
5.97300000 0.37800002 -7.10700040
5.97300000 0.37800002 -7.10700040
-2.12205000 -1.02705000 -8.60100100
-2.12205000 -1.02705000 -8.60100100
-2.12205000 -1.02705000 -8.60100100
-7.85505060 1.87905010 -0.66705000
-7.85505060 1.87905010 -0.66705000
-7.88595060 0.79905003 2.72400020
-7.88595060 0.79905003 2.72400020
-7.68000030 0.04500000 2.97000000
-10.45200100 -0.49605003 7.58805040
-10.45200100 -0.49605003 7.58805040
-10.45200100 -0.49605003 7.58805040
-0.99600005 1.26600000 9.58095100
-0.99600005 1.26600000 9.58095100
-0.18195000 0.88305000 8.78595100
2.90505000 2.86095020 9.94500100
2.90505000 2.86095020 9.94500100
12.02505000 2.75595020 1.35900010
12.02505000 2.75595020 1.35900010
12.02505000 2.75595020 1.35900010
13.45200100 4.49505040 2.58000020
9.55995100 -0.53400004 -1.00905000
9.55995100 -0.53400004 -1.00905000
8.77695100 -1.79400000 -1.02300000
9.29895000 1.28805000 -3.56895020
9.29895000 1.28805000 -3.56895020
9.29895000 1.28805000 -3.56895020
4.09200000 1.51305010 -7.43505050
4.09200000 1.51305010 -7.43505050
2.07795000 0.17205001 -6.05295040
-5.57505040 -0.30600002 -4.95795000
-5.57505040 -0.30600002 -4.95795000
-6.34905050 -0.21495001 -3.00900000
-9.81900000 -0.21105000 2.58195020
-9.81900000 -0.21105000 2.58195020
-7.21095040 -1.42005000 4.72800000
-7.21095040 -1.42005000 4.72800000
-8.34900000 2.54505010 11.02500100
-8.34900000 2.54505010 11.02500100
-4.20300000 -0.73695004 11.55405000
1.01205000 0.51405000 10.61505000
1.01205000 0.51405000 10.61505000
6.40605000 0.76800000 5.16900000
6.40605000 0.76800000 5.16900000
6.40605000 0.76800000 5.16900000
13.18905100 3.52695010 5.52405000
13.18905100 3.52695010 5.52405000
11.62695000 0.92595005 -0.67605000
6.61395030 3.21300000 -10.24695000
6.61395030 3.21300000 -10.24695000
7.17495000 5.09805000 -8.73495000
8.46300000 5.04105040 -8.84100100
8.46300000 5.04105040 -8.84100100
2.16405000 2.29095000 -8.86200000
2.16405000 2.29095000 -8.86200000
2.16405000 2.29095000 -8.86200000
-3.48900000 2.05200000 -6.67800050
-3.48900000 2.05200000 -6.67800050
-3.48900000 2.05200000 -6.67800050
-8.76795000 1.61805010 -0.54195005
-8.76795000 1.61805010 -0.54195005
-7.38105060 -1.84200010 2.62995000
-7.38105060 -1.84200010 2.62995000
-7.07895040 -1.47495010 4.30200000
-7.09095050 -2.07105020 4.80000000
-7.09095050 -2.07105020 4.80000000
-6.83700040 -0.84000003 8.24205000
-1.27095010 -3.16605020 9.64305000
-1.27095010 -3.16605020 9.64305000
-4.51695000 -3.52995010 11.50905000
-4.68405000 -0.93600005 10.31595000
-4.68405000 -0.93600005 10.31595000
-3.14205030 -2.71995020 11.06805000
3.10995000 -2.74005000 8.83305100
3.10995000 -2.74005000 8.83305100
4.20495030 -2.51895020 8.41905000
11.03805100 -2.03595020 6.18000030
11.03805100 -2.03595020 6.18000030
10.89705100 -1.68105010 -3.54105020
10.89705100 -1.68105010 -3.54105020
10.89705100 -1.68105010 -3.54105020
5.17305040 0.79395000 -8.56305000
5.17305040 0.79395000 -8.56305000
2.72205020 -0.12705001 -7.08495040
-4.53795000 2.27895020 -2.93895000
-4.53795000 2.27895020 -2.93895000
-5.00505000 1.51500010 -2.05995000
-7.32600000 -1.66905010 4.32600000
-7.32600000 -1.66905010 4.32600000
-11.24700100 -2.48100020 5.07300040
-12.10605050 -3.07305030 6.95100000
-4.00200030 0.22695000 11.19495000
-4.00200030 0.22695000 11.19495000
-1.82505010 0.26505002 7.97805000
1.99905010 0.16200000 10.52205100
1.99905010 0.16200000 10.52205100
3.16095020 0.44700003 9.39900000
8.05095000 2.04495000 3.88305020
8.05095000 2.04495000 3.88305020
11.12700100 2.85195020 -2.84595010
11.12700100 2.85195020 -2.84595010
11.12700100 2.85195020 -2.84595010
9.69000100 3.29205010 -10.40205000
9.69000100 3.29205010 -10.40205000
11.17905000 2.19795010 -6.27105050
4.26000000 0.32700002 -6.37605050
4.26000000 0.32700002 -6.37605050
4.38000000 1.04805000 -6.32400040
-6.91200000 2.15700000 -1.71300000
-6.91200000 2.15700000 -1.71300000
-7.61805060 0.96195006 -0.73095006
-9.10305000 -2.78505020 5.10405000
-9.10305000 -2.78505020 5.10405000
-3.58305030 -0.08595000 11.70000100
-3.58305030 -0.08595000 11.70000100
3.13695030 -1.66905010 11.01795000
3.13695030 -1.66905010 11.01795000
3.39300010 0.93795000 8.19900000
3.30195020 -2.55000020 9.52800100
3.30195020 -2.55000020 9.52800100
3.30195020 -2.55000020 9.52800100
8.63100050 -1.84395000 1.03005000
8.63100050 -1.84395000 1.03005000
8.63100050 -1.84395000 1.03005000
4.17405030 -1.55400000 -11.19495000
4.17405030 -1.55400000 -11.19495000
-0.40695003 0.79695004 -9.80805000
-0.40695003 0.79695004 -9.80805000
-0.40695003 0.79695004 -9.80805000
-2.64405010 1.20600010 -9.78000100
-8.50695000 0.80895007 -2.89200020
-8.50695000 0.80895007 -2.89200020
-9.27105000 1.10805010 -2.37900020
-5.98200040 0.35100000 2.44395020
-5.98200040 0.35100000 2.44395020
-9.09600100 2.07105020 6.91305000
-9.09600100 2.07105020 6.91305000
-8.25495100 2.52405020 6.14100030
-3.18705000 -0.14595000 6.95805030
-3.18705000 -0.14595000 6.95805030
-6.22905000 -1.60395000 8.53200100
3.43905020 1.02195000 9.72405050
3.43905020 1.02195000 9.72405050
1.59000000 1.02195000 13.04895000
2.04495000 0.18600000 11.03700100
7.44795040 -2.27295020 5.34195040
7.44795040 -2.27295020 5.34195040
7.19205050 -2.09295000 5.04705050
9.85200000 -1.54500010 2.24205020
9.85200000 -1.54500010 2.24205020
9.82905000 -1.61595010 1.03995000
8.39895100 -1.18800010 -3.37500020
8.39895100 -1.18800010 -3.37500020
8.60205100 -1.42005000 -3.39195010
10.54200100 0.21495001 -2.23800020
10.54200100 0.21495001 -2.23800020
8.66505050 -0.24600000 -3.72705000
8.66505050 -0.24600000 -3.72705000
8.82300000 -0.22005000 -3.62700000
9.68505000 -0.41400003 -2.88000000
9.68505000 -0.41400003 -2.88000000
9.07395100 -1.10100010 -2.74800010
9.12900100 -1.16400000 -2.73795000
9.12900100 -1.16400000 -2.73795000
9.24900100 -1.05105010 -2.71905020
9.66795100 -0.84495000 -2.44605020
9.66795100 -0.84495000 -2.44605020
9.66795100 -0.84495000 -2.44605020
9.87600000 -0.83805007 -2.25195000
9.87600000 -0.83805007 -2.25195000
9.59400100 -1.22400010 -2.21895000
9.59400100 -1.22400010 -2.21895000
9.61095000 -0.94095004 -2.47005000
9.61095000 -0.94095004 -2.47005000
9.61095000 -0.94095004 -2.47005000
9.79005050 -0.90000004 -2.74305000
9.79005050 -0.90000004 -2.74305000
9.79005050 -0.90000004 -2.74305000
9.02400000 -1.12995000 -2.94405000
9.02400000 -1.12995000 -2.94405000
9.03300000 -1.11300000 -2.84400000
9.69195100 -1.15395010 -2.40495010
9.69195100 -1.15395010 -2.40495010
9.51705100 -1.37205000 -3.14295000
9.51705100 -1.37205000 -3.14295000
9.51705100 -1.37205000 -3.14295000
9.64395000 -0.37800002 -3.19605020
9.64395000 -0.37800002 -3.19605020
9.64395000 -0.37800002 -3.19605020
8.61405100 -1.05405010 -3.67005010
8.61405100 -1.05405010 -3.67005010
8.46300000 -1.20900010 -3.67995020
9.14595000 -1.28100000 -3.06900020
9.14595000 -1.28100000 -3.06900020
9.28695000 -1.38405000 -3.13305020
9.73995000 -1.14900000 -3.14805000
9.73995000 -1.14900000 -3.14805000
9.34005100 -1.06305000 -3.20505020
9.34005100 -1.06305000 -3.20505020
9.23700000 -1.04205000 -3.20100020
9.14100100 -1.03905010 -3.46395020
9.14100100 -1.03905010 -3.46395020
9.10305000 -1.06605000 -3.54495020
9.42600100 -1.12305010 -3.56505010
9.42600100 -1.12305010 -3.56505010
9.38100050 -1.09200000 -3.55695000
9.08595100 -1.07295000 -3.38700000
9.08595100 -1.07295000 -3.38700000
9.07905000 -1.30500010 -3.41595000
8.92095100 -1.58295010 -3.46905020
8.92095100 -1.58295010 -3.46905020
10.18095000 -1.49205000 -3.47805020
10.18095000 -1.49205000 -3.47805020
10.26405050 -1.32195010 -3.78000020
9.02100100 -0.90495000 -5.07300040
9.02100100 -0.90495000 -5.07300040
