-0.1084875 0.19085 0.046475
0.140525 0.2525875 0.17847499
0.140525 0.2525875 0.17847499
0.1863125 0.12375 0.194425
-0.007425 -0.1731125 -0.09185
-0.007425 -0.1731125 -0.09185
-0.0851125 -0.39875 -0.232375
-0.0191125 -1.0957375 0.1827375
-0.0191125 -1.0957375 0.1827375
0.023375 -1.5789125 -0.0727375
0.057475 -1.7928625 0.2135375
0.057475 -1.7928625 0.2135375
0.4129125 -2.2132 0.211475
0.3746875 -1.8418125 -0.05775
0.141625 -1.2362624 0.7382375
0.141625 -1.2362624 0.7382375
-1.0514625 -1.4576375 0.1315875
-0.73535 -2.204675 0.1093125
-0.73535 -2.204675 0.1093125
-0.7832 -2.8006 -0.1194875
-0.7321875 -3.303025 0.259325
-0.7321875 -3.303025 0.259325
0.4714875 -4.5012 0.07205
0.4629625 -4.2851872 0.33385
0.4629625 -4.2851872 0.33385
0.203225 -4.396975 0.3944875
0.0969375 -4.658775 0.0869
0.0969375 -4.658775 0.0869
0.4970625 -4.905725 -0.7569375
0.2745875 -3.6744125 -1.0921625
-0.2894375 -3.14435 -0.0215875
-0.529925 -3.205125 -0.41745
-0.529925 -3.205125 -0.41745
-0.251075 -1.4491125 -0.0451
0.190575 -0.373175 -0.0534875
0.190575 -0.373175 -0.0534875
-0.1808125 -3.4018874 0.6743
0.340725 -6.632725 2.6956875
0.340725 -6.632725 2.6956875
0.1747625 -4.974612 1.2472625
0.1747625 -4.974612 1.2472625
0.7929625 -2.0502625 0.809875
1.2133 -3.5838 0.5597625
1.2133 -3.5838 0.5597625
-0.2255 -5.49615 -0.285175
-0.59894997 -5.6376376 -0.8427375
-0.59894997 -5.6376376 -0.8427375
-1.639825 -3.052775 0.499125
-2.5166626 -3.1304624 -0.318175
-2.5166626 -3.1304624 -0.318175
-1.1204875 -3.0570376 -0.463925
0.7046875 -4.620275 0.024475
0.7046875 -4.620275 0.024475
2.075425 -7.892775 0.1618375
2.2105875 -8.265263 0.0394625
2.2105875 -8.265263 0.0394625
1.5741 -6.9509 -0.5501375
0.4365625 -4.7075872 -0.0669625
0.4365625 -4.7075872 -0.0669625
-1.197075 -2.9484124 -0.48839998
-2.308075 -1.5554 -0.5490375
-2.308075 -1.5554 -0.5490375
-0.1626625 -0.36987498 -0.008525
-0.789525 -1.303225 0.2011625
-0.9491625 -3.524125 0.77165
-0.1626625 -4.505325 1.45695
-0.1626625 -4.505325 1.45695
0.682275 -4.4851127 0.7981875
0.682275 -4.4851127 0.7981875
0.90475 -3.2751124 0.256575
0.518375 -2.7377625 -0.4214375
0.518375 -2.7377625 -0.4214375
0.341825 -2.8941 -0.2415875
0.5407875 -3.7560875 -0.21065
0.5407875 -3.7560875 -0.21065
0.6323625 -3.6157 0.0884125
0.0246125 -3.0687249 0.1436875
0.0246125 -3.0687249 0.1436875
-0.2850375 -2.3832874 0.1214125
-0.5075125 -1.725625 0.3491125
-0.5075125 -1.725625 0.3491125
-0.4712125 -1.14565 0.12773749
-0.49568748 -1.3149124 0.0713625
-0.49568748 -1.3149124 0.0713625
-0.56595 -1.463825 -0.0499125
-0.5286875 -1.4564 -0.2968625
-0.5286875 -1.4564 -0.2968625
-0.5489 -1.4777125 -0.6491375
-0.640475 -1.5107125 -0.66715
-0.640475 -1.5107125 -0.66715
-0.56815 -1.499025 -0.74387497
-0.573375 -1.57135 -0.6969875
-0.573375 -1.57135 -0.6969875
-0.7255875 -1.3563 -0.6661875
-0.639375 -1.1818125 -0.7044125
-0.639375 -1.1818125 -0.7044125
-0.6703125 -1.0318 -0.9332125
-0.6703125 -1.0318 -0.9332125
-0.4543 -0.902 -0.5927625
-0.33715 -0.8306375 -0.432025
-0.33715 -0.8306375 -0.432025
-0.20515 -0.91574997 0.3810125
0.289575 -0.681725 0.633325
0.634425 -0.450725 0.500225
0.093775 -0.432575 0.0457875
0.093775 -0.432575 0.0457875
-0.444675 -0.352825 -0.0319
-0.5883625 -0.1368125 -0.0903375
-0.5883625 -0.1368125 -0.0903375
-0.541475 0.5506875 -0.4448125
-1.12255 -0.33261248 1.188825
-0.1285625 -0.2814625 -0.0658625
-0.1285625 -0.2814625 -0.0658625
1.6699375 -2.496175 0.2118875
1.6699375 -2.496175 0.2118875
2.1445875 -4.4713626 -2.310275
2.5851374 -5.8515873 -1.4366
2.5851374 -5.8515873 -1.4366
1.4411374 -4.555375 -1.1301125
0.41415 -2.5216124 0.3309625
0.41415 -2.5216124 0.3309625
-0.084975 -2.112 0.0341
-0.2541 -2.42275 -1.1737
-0.2541 -2.42275 -1.1737
-0.0243375 -1.5809749 -0.3851375
0.38334998 0.19415 0.696025
0.5567375 -0.467775 0.6683875
0.5567375 -0.467775 0.6683875
1.111275 -4.2383 0.8141375
0.64515 -2.347125 0.0617375
-0.4085125 -1.5543 0.4609
0.227975 -2.4088626 0.8300875
0.227975 -2.4088626 0.8300875
0.5567375 -2.872925 0.3672625
0.31515 -4.0733 -0.3267
-0.8724375 -4.1083627 0.0053625
-0.229625 -4.489375 -0.27445
-0.229625 -4.489375 -0.27445
0.0704 -3.5613875 0.1852125
-0.37125 -2.3386 -0.4246
-0.37125 -2.3386 -0.4246
-1.293875 -1.9438375 -0.1936
0.6941 -2.5790875 0.944075
0.6941 -2.5790875 0.944075
0.48221248 -4.15635 2.2380874
-0.17215 -5.1555624 1.6592125
-0.17215 -5.1555624 1.6592125
-0.1285625 -4.8587 1.368675
-0.1148125 -4.4521127 0.6353875
-0.1148125 -4.4521127 0.6353875
-0.4478375 -4.9341874 0.2299
-0.8713375 -5.390825 -0.122375
-0.8713375 -5.390825 -0.122375
-1.0192875 -4.540525 -0.740575
-1.0192875 -4.540525 -0.740575
-0.6128375 -3.9572499 -0.0988625
-0.47025 -2.42165 -0.1266375
-0.47025 -2.42165 -0.1266375
-0.327525 -0.0144375 0.08195
-0.8234875 -0.1293875 -0.1084875
-0.8234875 -0.1293875 -0.1084875
-0.9629125 -2.200275 0.044825
-0.5861625 -3.9551876 0.0693
-0.5861625 -3.9551876 0.0693
0.6461125 -4.9044876 0.731225
1.4581875 -4.5447874 -0.1244375
1.4581875 -4.5447874 -0.1244375
1.4496624 -4.2477875 -0.66934997
0.4109875 -3.0867374 -0.6298875
0.7271 -3.7444 -0.7183
0.7271 -3.7444 -0.7183
0.2789875 -4.5670624 -0.3276625
0.0693 -4.1094623 0.239525
0.421575 -2.871825 0.614075
0.421575 -2.871825 0.614075
0.7238 -2.4919126 1.4920125
-0.0050875 -4.228675 2.2317624
-0.0050875 -4.228675 2.2317624
-0.6276875 -4.5288377 2.4657874
-0.3073125 -4.6575375 1.742125
-0.409475 -6.761425 0.9196
-0.409475 -6.761425 0.9196
-0.1519375 -6.2953 0.2415875
-0.199925 -4.5574374 -0.2277
-0.199925 -4.5574374 -0.2277
-0.385 -2.8419874 1.317525
-1.1066 -2.3024375 -0.0669625
-1.1066 -2.3024375 -0.0669625
-0.805475 -1.9757375 0.369325
-0.4318875 -1.63845 -0.0308
-0.4318875 -1.63845 -0.0308
-0.7574875 -1.5989875 -0.4681875
0.9015875 -5.1321874 2.6126375
0.9015875 -5.1321874 2.6126375
2.37545 -5.8345375 2.035825
1.633775 -3.1442125 0.320375
1.633775 -3.1442125 0.320375
0.912175 -2.5471876 -0.1648625
0.7558375 -4.0126624 0.747175
-0.033825 -3.5539625 0.5577
-0.180675 -4.015825 0.777975
-0.180675 -4.015825 0.777975
-1.181125 -3.8083375 1.1154
-0.789525 -2.5993 1.0132375
-0.789525 -2.5993 1.0132375
0.1640375 -2.6120875 1.611225
1.5411 -5.1800375 1.7666
1.1059124 -6.2007 2.2477124
1.1059124 -6.2007 2.2477124
0.9537 -7.1094375 1.1430374
0.767525 -3.9711375 1.2472625
0.767525 -3.9711375 1.2472625
0.0438625 -1.170125 1.123925
-0.4797375 -0.645425 1.2505625
-0.4797375 -0.645425 1.2505625
-0.624525 -1.3382875 0.54175
-0.1552375 -1.6245625 0.2745875
-0.1552375 -1.6245625 0.2745875
0.0650375 -2.1109 -0.2820125
-0.229625 -2.7674625 -0.8833
-0.229625 -2.7674625 -0.8833
-0.8309125 -2.8249376 -1.5324374
-0.0988625 -1.04665 0.190575
-0.0988625 -1.04665 0.190575
0.2971375 0.1144 0.32999998
0.097075 0.0122375 0.34485
0.097075 0.0122375 0.34485
-0.786225 -0.678425 -0.41387498
-1.116225 -1.4564 -0.1244375
-1.116225 -1.4564 -0.1244375
-0.721325 -0.4103 0.22247499
-1.1896499 -1.5096124 -0.0169125
-0.3095125 -4.554275 1.3877875
-0.3095125 -4.554275 1.3877875
0.38225 -4.4202123 2.985125
1.00485 -3.818925 2.4807749
0.767525 -5.3098373 3.4310374
-0.082775 -4.9768124 1.1930875
-0.082775 -4.9768124 1.1930875
-0.541475 -4.71075 0.3257375
-0.682 -2.84625 0.4310625
-1.5120875 -2.5408626 0.0394625
-1.5120875 -2.5408626 0.0394625
-1.7738875 -2.7515125 0.4384875
-0.5841 -2.8653624 1.3325125
-0.5841 -2.8653624 1.3325125
0.54614997 -4.90765 2.4275625
0.7909 -4.8874373 2.5562625
0.5163125 -4.5021625 3.0798626
0.5163125 -4.5021625 3.0798626
-0.3212 -5.4514623 2.585
-0.8767 -5.174675 1.400575
-0.8767 -5.174675 1.400575
-1.2395625 -3.8072374 0.4129125
-0.3212 -1.2255375 1.0451375
-0.2094125 -1.1616 0.2523125
-0.7128 -1.6841 0.0628375
-1.0385375 -0.8944375 0.370425
-1.0385375 -0.8944375 0.370425
-0.9299125 -0.5731 0.1299375
-0.2893 -0.9296375 -0.4830375
-0.18493749 -1.103025 0.0787875
-0.18493749 -1.103025 0.0787875
1.5954125 -4.620275 3.1139624
1.5954125 -4.620275 3.1139624
2.11695 -6.6219997 5.2540126
0.813175 -4.3404627 2.1742876
0.813175 -4.3404627 2.1742876
-0.606375 -2.5887125 -0.1425875
-0.756525 -3.8977125 1.8709625
-0.756525 -3.8977125 1.8709625
-1.7589 -2.9601 0.551375
-1.0693375 -2.462075 0.4225375
-1.0693375 -2.462075 0.4225375
-0.740575 -2.3109624 0.1959375
-1.5013624 -3.2910626 1.0110375
-1.44925 -4.033975 1.581525
-1.44925 -4.033975 1.581525
-1.2375 -3.9094 1.826275
-0.969375 -3.769975 1.433575
-0.682 -4.981075 0.77165
-0.682 -4.981075 0.77165
-0.1370875 -6.4315624 0.3064875
0.636625 -5.8419623 -0.4830375
0.636625 -5.8419623 -0.4830375
-0.069025 -4.3052626 0.21285
-0.069025 -4.3052626 0.21285
-0.525525 -3.3539 0.3012625
-1.000175 -2.6345 0.0713625
-1.000175 -2.6345 0.0713625
-0.1456125 -3.2346876 0.8866
0.5556375 -4.6330624 3.0001125
0.5556375 -4.6330624 3.0001125
0.0385 -5.2289877 2.3945625
-0.18287499 -2.887775 1.2068375
-0.18287499 -2.887775 1.2068375
-0.76505 -2.03005 -0.07975
-0.804375 -2.806925 -0.2553375
-0.804375 -2.806925 -0.2553375
-0.04235 -3.3314874 -0.2468125
0.0587125 -3.53375 -0.2915
0.1258125 -3.936075 -0.53735
-0.01265 -3.5827 0.0149875
-0.01265 -3.5827 0.0149875
-0.804375 -3.065425 0.9153375
-1.440725 -3.965775 1.6740625
-1.440725 -3.965775 1.6740625
-0.6606875 -4.5001 1.4760625
0.3982 -5.766475 1.283425
1.2346125 -5.7717 1.316425
1.2346125 -5.7717 1.316425
1.254825 -4.7320623 -0.0669625
1.254825 -4.7320623 -0.0669625
0.693 -4.081825 1.1345125
0.2140875 -4.080725 0.7865
-0.1584 -3.0932 1.074975
-0.1584 -3.0932 1.074975
0.0066 -1.34145 0.1607375
-0.5809375 0.8369625 -0.2564375
-0.5809375 0.8369625 -0.2564375
-0.1392875 0.3070375 -0.3224375
0.7462125 0.1005125 -0.1574375
0.7462125 0.1005125 -0.1574375
1.26555 -0.648725 0.631125
1.2920874 -1.840575 0.11825
-0.102025 -0.648725 -0.136125
-1.02575 -2.4088626 0.73865
-1.02575 -2.4088626 0.73865
-2.3879626 -1.9575875 2.0189126
-2.635875 -2.8323624 3.331075
-0.9862875 -1.153075 0.9546625
-0.9862875 -1.153075 0.9546625
-0.8756 -0.8806875 0.2938375
1.00375 -2.2438624 0.8152375
1.2953875 -2.0044749 0.77165
1.2953875 -2.0044749 0.77165
0.633325 -1.80125 0.93445
-0.232925 -1.187175 0.3949
-0.232925 -1.187175 0.3949
0.48125 -1.3041875 -0.0743875
0.48125 -1.3041875 -0.0743875
1.2698125 -2.624875 -0.2288
0.0672375 -2.3535874 0.8525
0.0672375 -2.3535874 0.8525
-0.63195 -2.7834125 0.4257
-0.5127375 -4.2361 0.3884375
-0.5127375 -4.2361 0.3884375
-0.3818375 -4.268 0.2256375
-0.2616625 -2.6717625 0.3289
-0.2616625 -2.6717625 0.3289
0.0257125 -2.09605 1.2483625
0.031075 -3.9774625 2.1742876
0.031075 -3.9774625 2.1742876
-0.346775 -2.9090874 1.728375
-0.1584 -1.40855 0.05115
-0.968275 -3.1581 1.03125
-0.3488375 -4.717075 1.221825
-0.3488375 -4.717075 1.221825
0.28545 -5.9409623 0.5608625
0.784575 -6.142125 -0.4841375
0.784575 -6.142125 -0.4841375
0.1480875 -4.9779124 0.89608747
-0.7788 -4.3786874 0.5566
-0.7788 -4.3786874 0.5566
-1.1331375 -2.6334 0.6428125
-0.525525 -0.52635 0.093775
-0.1700875 -1.8704125 0.0979
-0.1700875 -1.8704125 0.0979
0.7717875 -3.6774375 0.534325
1.7274125 -2.674925 2.2295625
1.0538 -2.1982124 1.7336
1.0538 -2.1982124 1.7336
0.64185 -1.3457125 0.1192125
0.31735 -1.970375 0.3320625
0.3961375 -2.51955 0.97377497
0.3961375 -2.51955 0.97377497
-0.3840375 -2.5653374 1.32495
-0.8331125 -3.653925 0.5534375
-0.8331125 -3.653925 0.5534375
-0.968275 -4.3712626 0.3257375
-0.6788375 -3.739175 0.1991
-0.6788375 -3.739175 0.1991
-0.297825 -2.3056 0.7759125
-0.8234875 -3.04425 1.1771375
-0.8234875 -3.04425 1.1771375
-1.1779625 -3.4082124 0.7535
-0.89265 -4.3968377 1.317525
-0.89265 -4.3968377 1.317525
0.4992625 -5.3706126 1.2441
1.287825 -5.8697376 0.5907
1.617825 -5.7770624 0.2693625
0.7962625 -5.8430624 0.535425
0.7962625 -5.8430624 0.535425
0.3056625 -4.655475 0.0457875
0.3056625 -4.655475 0.0457875
-0.20735 -0.9370625 1.13025
-0.8501625 -1.6522 0.1841125
-0.8501625 -1.6522 0.1841125
-0.82885 -2.853675 1.106875
0.9590625 -4.9619627 3.45125
1.5230875 -4.098875 3.249125
1.5624125 -1.0201125 1.2313125
1.5624125 -1.0201125 1.2313125
0.4312 -0.6007375 0.5300625
-1.1501875 -1.4106125 0.6428125
-1.1501875 -1.4106125 0.6428125
-0.933075 -1.923625 0.4609
-0.4085125 -2.0554874 0.8801375
-0.4085125 -2.0554874 0.8801375
-0.33825 -2.1619124 0.8844
-0.1573 -3.3485374 -0.383075
-0.1573 -3.3485374 -0.383075
0.1885125 -4.12225 -0.1628
-0.6180625 -3.1686876 0.5577
-0.6180625 -3.1686876 0.5577
-0.901175 -2.085325 0.1681625
-0.444675 -2.019325 1.19405
-0.444675 -2.019325 1.19405
0.3683625 -4.6000624 2.8106375
-0.1882375 -4.6905375 2.3626626
-0.1882375 -4.6905375 2.3626626
-0.016775 -3.2687874 1.5921125
0.38005 -4.751175 1.136575
0.8025875 -5.0087123 0.843975
0.8025875 -5.0087123 0.843975
1.140975 -5.2204623 0.7503375
0.751575 -5.683425 0.696025
0.751575 -5.683425 0.696025
0.1662375 -3.6464999 1.218525
-1.4460875 -1.7182 0.48633748
-1.4460875 -1.7182 0.48633748
-1.131075 -3.2858374 0.7577625
0.7866375 -4.949175 2.7201624
0.7206375 -4.1339374 3.2704375
0.42061248 -1.1626999 1.399475
0.42061248 -1.1626999 1.399475
0.4269375 -2.0502625 1.2472625
-0.6521625 -2.690875 0.599225
-0.6521625 -2.690875 0.599225
-0.083875 -2.9228375 1.039775
0.8558 -3.1473749 0.31295
0.8558 -3.1473749 0.31295
-0.132825 -2.992 0.6098125
-0.8448 -4.835325 -0.7959875
-0.8448 -4.835325 -0.7959875
-0.63195 -4.3478875 0.31075
-0.640475 -2.640825 0.0639375
-0.640475 -2.640825 0.0639375
-0.5638875 -1.99595 1.0175
0.2949375 -3.919025 1.6889125
-0.0061875 -3.8476624 2.2955625
-0.0061875 -3.8476624 2.2955625
0.24915 -4.0178876 1.0036125
1.19955 -4.4925375 0.663025
1.19955 -4.4925375 0.663025
2.3925 -4.6245375 0.172425
2.1913376 -5.6791625 0.6694875
2.1913376 -5.6791625 0.6694875
0.5291 -4.1382 2.1157124
-1.15665 -2.2705374 0.7546
-1.15665 -2.2705374 0.7546
-1.18745 -1.8055125 0.54175
-0.997975 -0.8679 0.760925
-0.997975 -0.8679 0.760925
0.0672375 -0.671 0.2820125
-0.738375 -1.352175 0.297
-0.738375 -1.352175 0.297
-1.2981375 -3.3889625 2.1763499
-0.576675 -3.8583875 2.772275
-0.576675 -3.8583875 2.772275
-0.1882375 -3.6507626 1.26225
0.0160875 -3.8647125 1.1037124
0.0160875 -3.8647125 1.1037124
0.42061248 -3.8764 0.204325
-0.984225 -1.024375 0.3650625
-1.0767624 -1.0338625 -0.6853
-1.0767624 -1.0338625 -0.6853
-1.310925 -3.0899 -1.3514875
-1.0927125 -5.0342875 -0.8045125
-1.0927125 -5.0342875 -0.8045125
0.5599 -5.502475 -0.7310875
0.8270625 -4.3308372 -0.5522
0.8270625 -4.3308372 -0.5522
-1.1396 -0.31239998 -0.202125
-0.771375 0.65174997 0.0298375
-0.771375 0.65174997 0.0298375
0.0268125 -0.6359375 0.3309625
0.15345 -1.855425 0.108625
0.15345 -1.855425 0.108625
-0.181775 -3.8678749 0.198
-0.576675 -4.1743627 1.54
0.194975 -5.03855 0.715275
1.6603125 -3.870075 0.158675
1.6603125 -3.870075 0.158675
2.3255374 -3.985025 -0.5075125
1.88485 -3.966875 0.548075
1.88485 -3.966875 0.548075
0.23539999 -3.2549 0.615175
-1.1672375 -2.673825 0.141625
-1.1672375 -2.673825 0.141625
-0.82568747 -2.2950125 0.2745875
-0.92785 -1.3308625 0.0554125
-0.92785 -1.3308625 0.0554125
0.110825 -0.615725 0.1969
0.521675 -0.3667125 0.63855
0.521675 -0.3667125 0.63855
-0.1700875 -0.287925 0.2682625
-0.6458375 -0.8944375 -0.1978625
-0.4085125 -1.5989875 0.34485
-0.3265625 -3.2773125 2.2275
-0.3265625 -3.2773125 2.2275
0.3843125 -3.33905 3.35335
0.5014625 -2.0480626 1.3388375
0.5014625 -2.0480626 1.3388375
-1.0693375 -1.3798125 0.34705
-1.0693375 -1.3798125 0.34705
-1.51635 -1.98 -0.34155
-0.69905 -3.04095 -0.1392875
-0.69905 -3.04095 -0.1392875
0.245025 -3.835975 0.0693
0.3194125 -4.7585998 -0.4554
0.3194125 -4.7585998 -0.4554
0.355575 -4.84165 -0.789525
-0.198825 -3.2751124 0.4874375
-0.198825 -3.2751124 0.4874375
-1.2013375 -2.0150626 -0.1978625
-0.540375 -2.0906875 -0.8768375
-0.540375 -2.0906875 -0.8768375
-0.098725 -0.3986125 0.141625
0.6056875 -1.99815 0.793925
0.6056875 -1.99815 0.793925
0.0171875 -3.6125374 1.302675
-1.0927125 -3.4177 1.8656
-1.0927125 -3.4177 1.8656
-0.509575 -2.7207124 1.9987
-0.0785125 -2.8909376 1.234475
-0.0785125 -2.8909376 1.234475
-0.1637625 -4.4851127 0.240625
1.1708125 -4.2403626 0.2193125
1.1708125 -4.2403626 0.2193125
1.88705 -3.6188624 -0.6417125
1.88705 -3.6188624 -0.6417125
0.9505375 -3.3081124 0.989725
-0.852225 -2.81215 1.0036125
-1.0630125 -2.935625 -0.04895
-0.589325 -1.303225 0.501325
-0.589325 -1.303225 0.501325
-0.6287875 -1.1605 0.090475
-0.183975 -1.40855 0.1214125
-0.183975 -1.40855 0.1214125
-0.3861 -1.235025 0.47795
-0.2893 -1.532025 0.4140125
-0.2893 -1.532025 0.4140125
1.0665874 -3.4134374 1.3558875
1.222925 -2.8941 3.086325
1.222925 -2.8941 3.086325
-0.6425375 -1.4586 1.8231125
-0.6914875 -1.1595374 -0.01265
-0.0083875 -1.98 0.51507497
-0.003025 -1.86615 0.5768125
-0.003025 -1.86615 0.5768125
-0.0380875 -2.4248126 0.7407125
0.5174125 -3.3177376 0.9791375
-0.622325 -1.9427375 0.78113747
-0.622325 -1.9427375 0.78113747
-0.9213875 -2.281125 -0.430925
-0.8320125 -2.185425 0.1309
-0.8320125 -2.185425 0.1309
-0.327525 -1.6874 0.4065875
-0.2574 -2.5047 -0.5586625
-0.33935 -2.7748876 -0.2490125
-0.33935 -2.7748876 -0.2490125
-0.4074125 -2.22365 -0.153175
-0.150975 -1.8799 -0.0105875
-0.150975 -1.8799 -0.0105875
-0.47025 -4.621375 1.1089375
0.6323625 -6.4656625 2.2933624
0.6323625 -6.4656625 2.2933624
0.64295 -4.3351 2.7489
0.4120875 -3.8380375 0.31501248
0.4120875 -3.8380375 0.31501248
0.0735625 -3.003825 -0.1744875
0.1343375 -3.769975 -0.153175
0.1343375 -3.769975 -0.153175
-0.1956625 -5.0556 -0.2787125
-0.67347497 -4.61395 -1.134375
-0.67347497 -4.61395 -1.134375
-0.5138375 -3.2825375 0.0352
-0.85965 -1.2233375 0.4087875
-0.85965 -1.2233375 0.4087875
-1.5035625 -3.1293626 0.1447875
-0.887425 -3.919025 2.1572375
0.2545125 -3.6199625 2.1700249
0.2545125 -3.6199625 2.1700249
1.2687125 -3.04315 0.764225
1.4986125 -2.87925 0.231
1.4986125 -2.87925 0.231
1.3145 -2.1874876 -0.545875
1.13245 -3.4082124 -0.071225
1.13245 -3.4082124 -0.071225
0.1343375 -4.51495 1.0588875
-1.0129625 -3.46665 0.698225
-1.0129625 -3.46665 0.698225
-0.71073747 -3.4315875 -0.11055
-1.0417 -2.8260374 -0.3361875
-1.0417 -2.8260374 -0.3361875
-0.4222625 -1.2403874 -0.4681875
-0.0807125 -0.6337375 0.5545375
-0.0807125 -0.6337375 0.5545375
0.15125 -2.7132876 -0.0350625
-0.114675 -4.5937376 1.1419375
-0.114675 -4.5937376 1.1419375
-0.215875 -4.6692247 1.8997
0.5237375 -4.7256 0.956725
0.5237375 -4.7256 0.956725
1.4784 -4.28725 0.2501125
2.0637374 -4.77565 -0.334125
1.8913125 -4.800125 -0.024475
-0.04125 -3.76145 0.3639625
-0.04125 -3.76145 0.3639625
-0.3872 -2.544025 0.2011625
-1.2236125 -1.483075 0.7099125
-1.1490875 -1.1584375 0.3608
-1.1490875 -1.1584375 0.3608
-1.0214875 -0.6582125 0.3311
-0.0317625 -0.550825 -0.072325
-0.0317625 -0.550825 -0.072325
0.274725 -0.4134625 0.2693625
-0.2509375 -1.855425 0.81633747
0.13213749 -3.7455 2.2688875
0.440825 -3.100625 2.11035
0.440825 -3.100625 2.11035
-0.14025 -2.5471876 1.156925
-0.3883 -2.0992124 0.4076875
0.2556125 -2.1428 0.319275
0.2556125 -2.1428 0.319275
0.15125 -2.7249749 0.1214125
0.15125 -2.7249749 0.1214125
0.275825 -3.46775 -0.397925
0.6972625 -4.5032625 -0.37661248
0.6972625 -4.5032625 -0.37661248
-0.3339875 -3.1920624 0.7524
-0.6436375 -2.74725 0.0884125
-0.6436375 -2.74725 0.0884125
-0.163625 -3.5784376 -0.2255
-0.3883 -2.4897125 -0.0169125
-0.3883 -2.4897125 -0.0169125
-0.6138 -1.154175 0.01705
-0.6138 -1.154175 0.01705
-0.51919997 -1.791625 0.5204375
0.1406625 -3.5710125 1.466575
0.1406625 -3.5710125 1.466575
0.1480875 -4.6905375 2.57125
0.7962625 -3.0963626 2.37325
0.7280625 -3.9722376 1.826275
0.423775 -5.030025 1.383525
0.423775 -5.030025 1.383525
-0.0647625 -4.3872123 0.12773749
-0.0275 -4.2670374 0.3735875
-0.0275 -4.2670374 0.3735875
-0.07645 -3.0144124 -0.6215
-0.3722125 -1.2722875 0.7110125
-0.3722125 -1.2722875 0.7110125
-1.3949375 -1.27765 0.5641625
-0.8171625 -3.4859 0.4140125
-0.8171625 -3.4859 0.4140125
-0.051975 -2.22695 0.254375
-0.3883 -1.7298875 0.534325
-0.3883 -1.7298875 0.534325
-0.9128625 -3.4208624 2.8276875
-0.01155 -2.9176126 0.93128747
-0.01155 -2.9176126 0.93128747
0.4269375 -4.374425 0.876975
0.54725 -4.9566 -0.6873625
0.3694625 -4.8565 -0.0446875
0.3694625 -4.8565 -0.0446875
-0.04125 -4.9619627 -0.8694125
-0.04125 -4.9619627 -0.8694125
0.41305 -5.0875 -0.01265
0.8185375 -3.313475 1.0451375
0.3449875 -3.6444376 3.2181876
0.1087625 -5.341875 2.3711874
0.1087625 -5.341875 2.3711874
1.059025 -3.5773375 0.7726125
0.1428625 -0.599775 0.2767875
0.1428625 -0.599775 0.2767875
0.2407625 -0.8402625 -0.120175
1.142075 -1.53945 -1.2269125
1.142075 -1.53945 -1.2269125
1.357125 -2.136475 0.60885
0.097075 -4.2414627 0.501325
0.097075 -4.2414627 0.501325
-1.0597125 -3.2836375 0.289575
-0.9128625 -3.1112125 1.0494
-0.9128625 -3.1112125 1.0494
-0.476575 -4.096675 1.4133625
0.1087625 -5.6643124 1.19735
0.1087625 -5.6643124 1.19735
0.3449875 -4.8544374 1.857075
0.554675 -3.5539625 0.5278625
0.554675 -3.5539625 0.5278625
0.8100125 -2.19175 -0.4681875
0.8100125 -2.19175 -0.4681875
0.1034 -0.65725 1.038675
-0.8980125 0.286825 0.6875
-0.8980125 0.286825 0.6875
-1.833425 0.8922375 0.5033875
-1.588675 0.137775 -1.0885875
-1.588675 0.137775 -1.0885875
-0.476575 -2.12575 -1.045
0.67485 -2.6664 -1.1087999
0.726 -2.640825 -0.676775
0.3716625 -2.5312376 -0.5735125
0.3716625 -2.5312376 -0.5735125
1.4144624 -3.6933875 -0.2787125
1.7604125 -4.1573124 -0.4246
1.7604125 -4.1573124 -0.4246
0.4417875 -3.4709125 -0.2457125
0.1406625 -3.0889375 -1.5037
0.1406625 -3.0889375 -1.5037
-0.181775 -1.4521375 0.663025
-0.9618125 -2.6280375 1.00045
-0.9618125 -2.6280375 1.00045
-0.1222375 -3.6134999 2.0295
0.7898 -4.4638 1.793275
1.076075 -5.5493627 0.6620625
1.076075 -5.5493627 0.6620625
1.5379375 -6.0069623 0.6439125
0.2556125 -6.0165873 0.9238625
0.2556125 -6.0165873 0.9238625
-1.12035 -4.766025 0.3331625
-0.114675 -2.7941375 0.44165
-0.114675 -2.7941375 0.44165
0.97185 -1.105225 -0.0946
0.048125 -1.153075 0.5577
0.048125 -1.153075 0.5577
-1.327975 -1.480875 0.7673875
-1.4609375 -1.4595625 0.125675
-1.4609375 -1.4595625 0.125675
-0.115775 -0.842325 -1.1950125
1.3751374 -0.236775 -1.4579124
1.3751374 -0.236775 -1.4579124
0.0609125 -0.9381625 -0.93541247
-0.7085375 -0.793375 0.5641625
-0.7085375 -0.793375 0.5641625
0.2567125 -1.5978875 0.0160875
0.061875 -2.28965 0.8652875
0.6716875 -3.7093375 0.451275
0.6716875 -3.7093375 0.451275
1.0208 -4.3883123 0.7205
1.158025 -4.161575 0.2182125
1.1314875 -3.4847999 0.682275
1.1314875 -3.4847999 0.682275
1.1070125 -3.33685 -0.01265
0.93665 -3.4304874 -0.4915625
0.93665 -3.4304874 -0.4915625
0.601425 -3.89125 -0.78429997
0.601425 -3.89125 -0.78429997
0.194975 -5.0129747 0.3268375
0.0086625 -5.8942122 0.5768125
0.0086625 -5.8942122 0.5768125
0.291775 -6.617875 0.6450125
0.87395 -7.006175 0.58753747
0.87395 -7.006175 0.58753747
1.3836625 -6.11875 0.60775
2.010525 -5.23545 0.2193125
2.010525 -5.23545 0.2193125
1.5538875 -5.2471375 -0.562925
0.4332625 -5.7633123 -0.86625
0.4332625 -5.7633123 -0.86625
-0.27335 -4.865025 0.715275
0.6589 -3.5050125 1.7901125
-0.6670125 1.411575 3.3895125
0.34814999 -0.285725 0.7173375
0.34814999 -0.285725 0.7173375
0.5185125 -2.1428 1.4144624
0.653675 -2.7654 1.5229499
0.653675 -2.7654 1.5229499
-0.3095125 -2.4897125 0.4598
-0.4723125 -2.9526749 -1.2695374
-0.4723125 -2.9526749 -1.2695374
-0.6276875 -4.1413627 -0.560725
-0.7128 -3.9455624 0.7651875
-0.7128 -3.9455624 0.7651875
-2.0356874 -3.739175 0.6843375
-1.848275 -4.8470125 -0.7118375
0.51425 -4.146725 -2.1124125
0.51425 -4.146725 -2.1124125
0.471625 -4.6011624 -1.38765
1.00155 -4.6799498 0.6578
1.3805 -4.4308 1.507
1.3762375 -4.031775 0.8237625
1.3762375 -4.031775 0.8237625
2.01575 -3.7646124 -0.80025
2.008325 -3.0793126 1.32825
2.008325 -3.0793126 1.32825
-0.099825 -3.817825 1.2101375
-1.15665 -3.9626124 1.401675
-1.15665 -3.9626124 1.401675
-0.90543747 -1.1424875 1.1398749
-0.04125 -0.1868625 1.169575
0.7068875 -0.743325 0.5236
0.7068875 -0.743325 0.5236
0.0661375 -2.3397 0.417175
-0.8448 -4.013625 0.70675
-1.099175 -3.30495 0.47795
-1.099175 -3.30495 0.47795
-2.0260625 -2.641925 -0.31707498
-2.994475 -1.8203624 -0.153175
-2.994475 -1.8203624 -0.153175
-2.0846374 -2.005575 -0.5225
-2.0846374 -2.005575 -0.5225
-0.9108 -2.6780875 -0.4010875
0.8558 -3.3911624 0.908875
0.8558 -3.3911624 0.908875
2.0796876 -3.166625 -0.3884375
2.3329625 -2.1769 -1.6229125
1.6380374 -2.1055374 -0.9194625
-0.00935 -2.4822874 -0.9332125
-0.00935 -2.4822874 -0.9332125
-0.411675 -2.215125 -1.9613
-0.623425 -2.2737 -0.1073875
-0.623425 -2.2737 -0.1073875
0.6622 -1.8183 1.3803625
0.6622 -1.8183 1.3803625
-0.9128625 -3.1208375 -0.400125
-0.6447375 -3.46775 0.9120375
-0.6447375 -3.46775 0.9120375
0.97185 -4.0178876 0.4714875
1.287825 -6.2910376 1.1026125
1.287825 -6.2910376 1.1026125
1.3250875 -9.380525 0.1766875
1.62305 -9.643288 0.0947375
0.701525 -8.147013 0.616275
1.0058125 -7.0360126 0.6694875
1.0058125 -7.0360126 0.6694875
1.3794 -6.9040127 0.2011625
1.3794 -6.9040127 0.2011625
1.2038125 -6.928625 2.6382124
1.1144375 -6.93605 0.157575
1.1144375 -6.93605 0.157575
0.7951625 -7.3211875 -0.2149125
-0.30305 -7.8788877 -0.579975
-0.30305 -7.8788877 -0.579975
-0.4393125 -8.527062 -0.1744875
2.0530124 -7.9864125 -0.414975
0.8558 -7.78305 -1.078
0.8558 -7.78305 -1.078
2.0956376 -8.249175 0.5853375
1.0069125 -6.9295874 -0.0669625
-0.3872 -0.1590875 2.63285
-0.3872 -0.1590875 2.63285
1.5901875 -0.0537625 0.270325
0.6950625 -3.56455 0.9196
0.6950625 -3.56455 0.9196
-0.032725 -2.904825 -0.1659625
-0.032725 -2.904825 -0.1659625
-1.4333 -2.528075 -0.07865
0.44825 -2.0502625 1.309
0.637725 -1.2414875 -0.74387497
0.0746625 2.051225 -0.27981248
0.0746625 2.051225 -0.27981248
-0.49568748 2.8824124 -1.74955
-0.49568748 2.8824124 -1.74955
0.41305 -0.4709375 -0.01595
0.38225 -1.5607625 0.615175
0.38225 -1.5607625 0.615175
-0.79048747 -0.82005 0.34375
-1.0693375 0.0111375 0.31501248
-1.0693375 0.0111375 0.31501248
-0.723525 1.3275625 0.3650625
0.38541248 1.6064125 -0.3554375
0.38541248 1.6064125 -0.3554375
0.3524125 -0.191125 0.2022625
0.2365 -4.466 2.1572375
0.2365 -4.466 2.1572375
-1.0841875 -8.313112 1.4878875
-2.061125 -5.665275 4.3835
-2.061125 -5.665275 4.3835
-0.37015 -1.741575 2.8468
-1.74185 -2.0565875 -0.86625
-1.74185 -2.0565875 -0.86625
0.12045 1.0401875 -1.0333124
0.31625 1.004025 0.1203125
0.31625 1.004025 0.1203125
0.21945 0.857175 -0.170225
0.5515125 1.5063125 -0.3532375
0.5515125 1.5063125 -0.3532375
0.2129875 0.5358375 0.304425
0.1480875 -0.1815 -0.726825
-1.1831875 -2.4355376 -4.5898876
-1.1831875 -2.4355376 -4.5898876
0.4673625 -2.6536124 -2.1613624
0.6664625 -1.66925 0.29273748
0.6664625 -1.66925 0.29273748
1.2123375 -2.136475 1.840025
0.77275 -5.0747123 -0.088275
0.77275 -5.0747123 -0.088275
0.800525 -7.500075 0.1023
1.0473375 -7.9651 -0.17765
1.0473375 -7.9651 -0.17765
1.3783 -7.1808 0.0127875
1.0825375 -5.4663124 -3.4522126
1.0825375 -5.4663124 -3.4522126
-1.5428874 1.265825 -0.14465
-1.4876125 3.4911249 1.0206625
-1.4876125 3.4911249 1.0206625
0.0587125 -0.142175 2.27315
0.307725 -4.3234124 2.24235
-0.117975 -6.27935 1.9262375
-0.117975 -6.27935 1.9262375
-0.45319998 -5.8419623 0.7577625
-0.45319998 -5.8419623 0.7577625
-0.95645 -5.1577625 0.1139875
-0.3829375 -6.075025 -0.35433748
-0.247775 -6.8210998 -0.578875
-1.3981 -6.2943373 0.0149875
-1.3981 -6.2943373 0.0149875
0.1045 -1.3223375 0.9631875
0.1045 -1.3223375 0.9631875
-1.4854125 -2.249225 0.466125
-0.573375 -0.383625 -0.9246875
-0.573375 -0.383625 -0.9246875
-0.395725 -0.5836875 -1.1864874
-0.3243625 -0.1612875 0.2011625
0.18645 0.2462625 -0.2490125
-1.4386625 -2.52065 0.1362625
-1.4386625 -2.52065 0.1362625
0.0917125 -5.945225 0.0138875
0.528 -6.2325997 -0.3298625
1.1176 -6.6050873 -0.953425
1.1176 -6.6050873 -0.953425
0.858 -6.3848124 -1.177
-0.0210375 -4.64585 -1.051325
-0.0732875 -2.7429874 -0.4373875
-0.0732875 -2.7429874 -0.4373875
-0.067925 -1.023275 -0.43835
-0.2924625 -1.4245 -0.498025
-0.2924625 -1.4245 -0.498025
1.2687125 -3.7444 0.713075
0.3364625 -5.95485 3.0416374
1.1378125 -4.145625 3.0096
0.9750125 -1.4553 0.1309
0.9750125 -1.4553 0.1309
-0.2435125 -2.19395 0.2671625
-0.2435125 -2.19395 0.2671625
-1.3162875 -3.952025 -0.4203375
-0.5201625 -5.2619877 -0.94063747
-0.5201625 -5.2619877 -0.94063747
-0.1104125 -0.8699625 -1.25675
-0.084975 -4.0275126 -0.677875
-0.084975 -4.0275126 -0.677875
-0.2902625 -3.4464376 0.2299
0.0704 -3.247475 0.7535
0.0704 -3.247475 0.7535
0.0768625 -4.67775 1.3803625
-0.328625 -5.4025126 1.136575
-0.328625 -5.4025126 1.136575
0.8558 -6.4890375 -0.2564375
1.6795624 -6.075025 0.3289
1.6795624 -6.075025 0.3289
1.03675 -4.6638627 -0.397925
0.243925 -3.637975 -0.1628
0.243925 -3.637975 -0.1628
-0.5808 -0.907225 0.4002625
-1.1735625 -0.6092625 0.31405
-1.1735625 -0.6092625 0.31405
-1.0426625 -2.1396375 -0.7396125
-0.99165 -3.4901624 -0.348975
-0.24887499 -4.9853373 0.9046125
-0.50105 -5.2608876 1.9347625
-0.50105 -5.2608876 1.9347625
0.5333625 -4.6000624 1.0855625
-0.0402875 -4.3126874 0.099
0.4024625 -3.6933875 -0.11055
0.4024625 -3.6933875 -0.11055
-0.4829 -4.6267376 -2.0389874
-0.0221375 -4.604325 -1.5142875
-0.0221375 -4.604325 -1.5142875
-0.328625 -5.162025 -0.2479125
-0.9362375 -5.0587626 0.599225
-0.9362375 -5.0587626 0.599225
-1.4598374 -4.1009374 0.140525
-1.2343374 -4.1487875 -0.0914375
-1.2343374 -4.1487875 -0.0914375
-0.0614625 -5.1002874 0.008525
0.3779875 -5.0226 -0.08085
0.3779875 -5.0226 -0.08085
0.554675 -5.306675 -0.203225
0.35035 -4.931025 -0.0776875
0.35035 -4.931025 -0.0776875
0.2311375 -4.0423627 -0.577775
-0.95865 -3.7274876 -0.367125
-0.95865 -3.7274876 -0.367125
-0.541475 -1.9905875 -0.99495
-1.7941 -0.7062 0.402325
-0.9097 -1.6192 -1.1556875
-0.9097 -1.6192 -1.1556875
0.7206375 -1.1435875 -0.480975
-0.279675 -1.8385125 0.2118875
-0.279675 -1.8385125 0.2118875
-0.8138625 -5.318362 0.5534375
0.081125 -5.3343124 -0.6565625
0.081125 -5.3343124 -0.6565625
1.225125 -4.4862123 -0.593725
2.0871124 -4.4202123 -1.2673374
0.5344625 -4.3159876 -0.970475
0.359975 -4.7628627 -1.2843875
0.359975 -4.7628627 -1.2843875
0.6568375 -5.00335 -0.11385
0.276925 -2.4088626 0.4310625
0.276925 -2.4088626 0.4310625
0.3683625 -3.7156625 1.0802
0.4195125 -6.2656 1.5719
0.4195125 -6.2656 1.5719
-0.0699875 -7.6905127 0.990825
0.97185 -7.1924872 -0.1904375
0.97185 -7.1924872 -0.1904375
1.305975 -6.0229125 -0.57035
0.44715 -4.6426873 0.0862125
0.44715 -4.6426873 0.0862125
0.4525125 -2.283325 0.7992875
0.193875 -1.80015 0.7247625
0.193875 -1.80015 0.7247625
-0.3180375 -4.0084 1.3080375
-1.1044 -5.03855 2.0092876
-1.1044 -5.03855 2.0092876
0.02145 -4.12225 1.2824625
1.1303875 -3.3804374 0.1533125
1.1303875 -3.3804374 0.1533125
1.7732 -3.7807 -0.121275
1.6550875 -4.0998373 -0.0328625
-0.9299125 -2.3513875 1.1408376
-0.9299125 -2.3513875 1.1408376
-0.2902625 -1.0179125 0.8823375
-0.7233875 -3.0687249 0.4598
-0.7233875 -3.0687249 0.4598
-0.556325 -1.858725 0.8897625
-0.442475 -2.316325 -0.2138125
-0.442475 -2.316325 -0.2138125
-0.1200375 -2.2290125 0.320375
-0.7011125 -2.6356 1.1600875
-0.7011125 -2.6356 1.1600875
-0.262625 -3.92755 0.3906375
-0.0551375 -6.0548124 1.137675
0.4653 -5.2492 1.219625
0.8025875 -5.3928876 0.6556
0.8025875 -5.3928876 0.6556
0.8888 -5.275875 0.5055875
-0.2105125 -4.5117874 -0.4203375
-0.2105125 -4.5117874 -0.4203375
-0.10835 -3.0804124 0.1874125
-0.427625 -1.532025 0.469425
-0.427625 -1.532025 0.469425
-0.5946875 -0.81785 -0.169125
-0.6617875 -1.47455 -0.37235
-0.6617875 -1.47455 -0.37235
-0.5520625 -2.4684 0.5193375
1.3102375 -4.115925 0.3416875
1.3102375 -4.115925 0.3416875
0.1343375 -3.3092124 1.68575
0.389675 -2.167275 0.7227
0.389675 -2.167275 0.7227
0.759 -3.50075 0.6950625
0.759 -3.50075 0.6950625
-0.1689875 -4.376625 0.2011625
-0.2083125 -3.82965 -0.1978625
-0.2083125 -3.82965 -0.1978625
-0.86185 -4.0838876 -0.363825
-0.0935 -3.6922874 -0.282975
0.1832875 -3.1123126 -0.6980875
0.7579 -1.8299875 0.3289
0.7579 -1.8299875 0.3289
0.487575 -2.4503875 0.468325
0.487575 -3.6029124 0.4640625
0.487575 -3.6029124 0.4640625
-0.687225 -4.195675 1.35795
-0.8553875 -4.622475 0.9461375
-0.451 -6.336825 0.2831125
0.1896125 -6.451775 0.076725
0.1896125 -6.451775 0.076725
0.489775 -3.1549375 -0.3267
0.489775 -3.1549375 -0.3267
0.1013375 -1.204225 0.3843125
-0.62975 -1.37335 0.14795
-0.3477375 -1.0594375 -0.3309625
-0.3477375 -1.0594375 -0.3309625
0.15235 -0.6081625 0.158675
-1.197075 -2.837725 0.4481125
-1.197075 -2.837725 0.4481125
-0.705375 -3.63165 1.0047125
-0.89265 -3.6018124 0.6928625
-0.89265 -3.6018124 0.6928625
0.1480875 -3.8009124 0.80355
0.5726875 -3.8434 0.3086875
0.5726875 -3.8434 0.3086875
0.3950375 -2.4919126 0.043725
0.4173125 -2.0449 -0.27981248
0.4173125 -2.0449 -0.27981248
0.6281 -2.0428374 -0.2223375
0.029975 -2.0374749 -0.18933749
0.029975 -2.0374749 -0.18933749
0.2162875 -1.7458375 -0.265925
0.2013 -1.3968625 -0.2308625
0.2013 -1.3968625 -0.2308625
0.242825 -1.495725 -0.1233375
0.2024 -2.0767999 0.34705
0.2024 -2.0767999 0.34705
-0.0488125 -1.6000875 0.288475
-0.2987875 -1.7554625 0.3075875
-0.1797125 -1.9597875 0.091575
-0.1797125 -1.9597875 0.091575
-0.43725 -1.5904624 0.1458875
-0.3317875 -1.24465 0.231
-0.3317875 -1.24465 0.231
-0.36905 -1.266925 0.11715
-0.36905 -1.266925 0.11715
-0.15619999 -0.9359625 -0.0286
0.293975 -0.5592125 0.0042625
0.293975 -0.5592125 0.0042625
0.5589375 -0.4783625 0.25753748
0.3438875 -0.3804625 0.05115
0.3438875 -0.3804625 0.05115
-0.525525 0.0281875 0.106425
-0.0466125 -0.98175 0.0724625
-0.0466125 -0.98175 0.0724625
0.1236125 -1.8926874 -0.1808125
-0.6351125 -3.0782125 0.5311625
-0.6351125 -3.0782125 0.5311625
-0.59675 -4.41815 -0.5522
-0.3488375 -5.389725 -0.1574375
-0.3488375 -5.389725 -0.1574375
0.522775 -5.52695 -0.55439997
0.4588375 -4.8533373 -0.7704125
0.4588375 -4.8533373 -0.7704125
0.93775 -4.2383 -1.1961125
0.4631 -2.7036624 -0.96195
0.4631 -2.7036624 -0.96195
-1.2087625 0.2453 0.90145
0.2300375 0.4379375 0.908875
-0.2657875 -0.319825 -0.1925
-0.2657875 -0.319825 -0.1925
-0.575575 -2.4418626 -0.333025
-0.575575 -2.4418626 -0.333025
-0.9725375 -5.0204 -0.0925375
-1.02355 -5.0417123 -0.0999625
-0.818125 -4.7289 -0.186175
-0.818125 -4.7289 -0.186175
-0.1296625 -2.8846126 -0.6480375
0.029975 -2.574825 -0.4565
0.029975 -2.574825 -0.4565
0.2322375 -3.0867374 -0.9491625
0.424875 -4.1052 -0.5979875
0.424875 -4.1052 -0.5979875
-0.9810625 -3.8891876 -0.4895
-1.1937749 -2.8994625 -1.1078374
-1.1937749 -2.8994625 -1.1078374
-1.694 -1.139325 -0.8927875
-0.5872625 -0.2475 -0.2627625
0.537625 -1.2871375 -0.4448125
0.537625 -1.2871375 -0.4448125
1.3921875 -2.0332124 -0.6193
1.143175 -1.6841 -0.3713875
1.143175 -1.6841 -0.3713875
0.4642 -0.304975 -0.43408749
-0.5605875 -0.498575 -0.463925
-0.6777375 -1.0742875 -0.0840125
-0.6777375 -1.0742875 -0.0840125
-0.6606875 -0.1687125 0.2011625
-0.07645 0.1728375 0.4629625
-0.07645 0.1728375 0.4629625
0.3961375 -0.696575 -0.0649
0.3961375 -0.696575 -0.0649
-0.066825 -2.5067625 -0.742775
-0.5138375 -3.0272 -0.479875
-0.5138375 -3.0272 -0.479875
-0.4552625 -3.8658125 0.0053625
0.1343375 -4.895962 -0.37235
0.1343375 -4.895962 -0.37235
0.717475 -4.7628627 -1.380225
0.831325 -4.162675 -1.0236875
0.831325 -4.162675 -1.0236875
0.6259 -3.8647125 -1.0311126
0.274725 -2.935625 -1.0748374
0.274725 -2.935625 -1.0748374
-0.069025 -1.08075 -0.18933749
0.3993 0.6804875 1.1493624
0.3993 0.6804875 1.1493624
-0.6595875 -0.46461248 -0.416075
-0.6149 -3.4071126 -0.24145
-0.6149 -3.4071126 -0.24145
-1.1160874 -5.2152376 0.0671
-0.8394375 -4.1850877 0.7844375
-0.8394375 -4.1850877 0.7844375
-0.50215 -2.8601375 -0.6512
0.1577125 -3.3198 -0.60225
-0.0636625 -3.5124376 0.011825
-0.0636625 -3.5124376 0.011825
0.1566125 -2.4088626 -0.60225
0.1566125 -2.4088626 -0.60225
0.5737875 -2.45575 -1.003475
0.4662625 -2.6131876 -1.2599125
-0.100925 -4.2329373 -0.6980875
-0.100925 -4.2329373 -0.6980875
-0.7192625 -4.4478498 0.533225
0.2129875 -1.0008625 0.3843125
0.2129875 -1.0008625 0.3843125
0.1150875 -0.1623875 0.3598375
-0.181775 -0.5784625 0.3843125
-0.181775 -0.5784625 0.3843125
0.21725 0.65285 0.402325
-1.099175 -2.7537124 -0.2787125
-1.099175 -2.7537124 -0.2787125
-1.3864125 -2.5047 -0.7448375
-0.5286875 -2.0673125 -0.2820125
-0.5286875 -2.0673125 -0.2820125
0.0746625 -2.249225 0.551375
-0.1359875 -3.853025 0.24915
0.18755 -4.8598 0.6609625
0.18755 -4.8598 0.6609625
0.4684625 -5.274775 -0.203225
0.4684625 -5.274775 -0.203225
0.701525 -5.7398 -0.53845
0.5600375 -4.4276376 -0.3713875
0.5600375 -4.4276376 -0.3713875
-0.6425375 -1.30735 0.8311875
-0.2605625 -1.3957624 -0.1552375
-0.2605625 -1.3957624 -0.1552375
0.15565 -1.8385125 -0.873675
-0.6043125 -1.2372249 -0.433125
-0.6043125 -1.2372249 -0.433125
-1.2139875 -0.7805875 -0.1755875
-0.1018875 -2.5759249 -0.6534
1.0313874 -3.9147625 -0.088275
1.6050375 -3.213375 1.0536625
1.6050375 -3.213375 1.0536625
1.4570875 -2.854775 1.3888875
0.815375 -2.6802876 0.6705875
0.815375 -2.6802876 0.6705875
0.5429875 -4.2084627 0.3513125
0.02475 -4.032875 -0.27775
0.02475 -4.032875 -0.27775
-0.0402875 -3.36875 -0.27981248
-0.1700875 -3.101725 -0.037125
-0.1700875 -3.101725 -0.037125
-0.0061875 -1.11375 0.010725
0.0108625 -2.32485 0.074525
0.0108625 -2.32485 0.074525
0.667425 -2.592975 0.0650375
0.4035625 -2.4908125 0.80135
0.4269375 -1.86725 0.37675
0.4269375 -1.86725 0.37675
-0.04125 -2.4068 0.8812375
0.15235 -4.193475 1.4751
0.15235 -4.193475 1.4751
-0.2657875 -5.0886 1.5921125
-0.72875 -4.7576375 0.363
-0.72875 -4.7576375 0.363
-0.492525 -4.1712 -0.3617625
-0.7181625 -4.2233124 -0.4778125
-0.7181625 -4.2233124 -0.4778125
1.1708125 -4.0030375 -0.7396125
1.6625125 -3.837075 -0.1915375
1.6625125 -3.837075 -0.1915375
0.2035 -2.19065 0.1447875
-0.968275 -0.4103 0.90255
-0.968275 -0.4103 0.90255
-1.0830874 0.106975 0.4948625
-0.4945875 -0.95411247 0.0639375
-0.4945875 -0.95411247 0.0639375
0.359975 -1.514975 -0.1318625
-0.0636625 -3.4975874 -0.1574375
-0.0636625 -3.4975874 -0.1574375
-0.9032375 -3.3655875 1.1196625
-0.819225 -3.000525 0.93445
-0.819225 -3.000525 0.93445
-0.3829375 -3.5050125 0.2586375
-0.0614625 -3.3655875 0.1001
-0.0614625 -3.3655875 0.1001
0.2704625 -2.9569376 -0.790625
0.7121125 -3.1112125 -0.9587875
0.7121125 -3.1112125 -0.9587875
0.65793747 -3.4826 -0.99605
0.4354625 -2.5365999 -0.7385125
-0.33715 -2.1396375 -0.30745
-0.33715 -2.1396375 -0.30745
-0.49995 -3.3347874 0.0554125
-0.0881375 -3.10915 -0.855525
-0.0881375 -3.10915 -0.855525
0.2875125 -2.2088 0.2182125
0.1588125 -1.4925625 0.633325
0.1588125 -1.4925625 0.633325
-0.38073748 -3.624225 0.9205625
-1.062875 -5.98785 1.0918875
-1.062875 -5.98785 1.0918875
-0.6457 -5.3365126 0.895125
0.1013375 -4.8714876 -0.93857497
0.1013375 -4.8714876 -0.93857497
0.192775 -5.1353498 -1.5664
0.54395 -5.5812626 -0.7629875
0.54395 -5.5812626 -0.7629875
-0.196625 -3.5635874 0.696025
-0.46585 -1.3030875 -0.3916
-0.46585 -1.3030875 -0.3916
-0.43614998 -0.6391 0.0809875
-0.853325 -0.5102625 -0.6417125
-0.853325 -0.5102625 -0.6417125
-1.474825 -0.2484625 -0.24475
-0.360525 0.1516625 0.305525
-0.360525 0.1516625 0.305525
1.2049125 -0.2453 0.3097875
0.9994875 -0.6166875 -0.2393875
0.9994875 -0.6166875 -0.2393875
0.2578125 -2.790975 -0.5490375
0.2578125 -2.790975 -0.5490375
0.5248375 -4.6948 0.106425
0.2374625 -3.703975 0.44494998
0.2374625 -3.703975 0.44494998
0.3301375 -2.822875 0.3257375
0.5589375 -2.7589376 0.239525
0.5589375 -2.7589376 0.239525
0.3865125 -3.542275 -0.6639875
0.6738875 -2.837725 -0.1552375
-0.07535 -2.151325 -0.773575
0.6494125 -3.388 -0.7033125
0.6494125 -3.388 -0.7033125
0.58547497 -4.768225 -0.5490375
0.6323625 -3.9700375 0.2693625
0.832425 -2.58335 0.254375
0.7484125 -1.4447125 -0.235125
0.7484125 -1.4447125 -0.235125
0.1810875 -1.14675 0.6012875
0.0842875 -2.559975 1.0462375
0.0842875 -2.559975 1.0462375
-0.1254 -4.74265 1.3399374
-0.17435 -4.537225 1.09615
-0.17435 -4.537225 1.09615
0.1480875 -3.8732374 0.1841125
0.1480875 -3.8732374 0.1841125
0.3438875 -4.245725 0.1692625
0.5993625 -4.0710998 -0.022275
0.5993625 -4.0710998 -0.022275
0.5025625 -4.0690374 -0.4607625
0.64295 -3.2602625 0.158675
0.64295 -3.2602625 0.158675
-0.79365 -2.8026624 0.1447875
-0.6947875 -1.9162 -0.24365
-0.6947875 -1.9162 -0.24365
-0.23925 -1.3957624 -0.054175
0.2726625 -0.45925 -0.071225
0.2726625 -0.45925 -0.071225
0.292875 -0.7711 0.0138875
-0.1903 -1.5181375 0.2033625
-0.1903 -1.5181375 0.2033625
-0.6276875 -3.343175 1.693175
-0.2541 -3.1219375 1.2420375
-0.2541 -3.1219375 1.2420375
-0.04235 -3.8732374 1.5527875
0.6334625 -4.09035 0.4257
0.6334625 -4.09035 0.4257
0.9856 -4.5021625 0.1032625
0.473825 -5.7079 0.1139875
0.473825 -5.7079 0.1139875
-1.1182874 -5.2534623 0.960025
-0.574475 -0.614625 0.6045875
-0.574475 -0.614625 0.6045875
0.651475 0.2569875 0.3161125
0.651475 0.2569875 0.3161125
-0.376475 -1.629925 0.6598625
-0.56705 -0.1846625 0.4928
-0.4467375 -0.5369375 0.35227498
-0.4467375 -0.5369375 0.35227498
-0.8468625 -1.2819124 -0.2371875
-1.3289375 -2.2130625 -0.9246875
-0.196625 -1.7947875 0.0383625
-0.196625 -1.7947875 0.0383625
0.3674 -1.989625 0.4065875
0.0939125 -3.9083 0.8536
0.0939125 -3.9083 0.8536
0.2248125 -5.698275 0.5152125
0.340725 -5.6876874 1.0132375
0.340725 -5.6876874 1.0132375
0.9686875 -6.4560375 -0.24255
1.2282875 -6.2283373 -0.17765
1.2282875 -6.2283373 -0.17765
0.15455 -3.157 1.1111375
-0.1254 -0.4316125 0.8982875
-0.1254 -0.4316125 0.8982875
-0.179575 -1.2403874 0.231
-0.94269997 -2.347125 -0.482075
-0.94269997 -2.347125 -0.482075
-1.4843125 -1.9342124 -1.315325
-0.328625 -1.47345 -0.088275
1.1292875 -2.5716624 0.2959
1.1292875 -2.5716624 0.2959
2.21485 -4.344725 0.90365
1.831775 -4.3137875 0.3001625
1.831775 -4.3137875 0.3001625
1.485825 -2.722775 0.2321
0.28545 -1.8756375 0.6268625
0.28545 -1.8756375 0.6268625
-0.0402875 -2.5227125 0.435325
0.90695 -3.083575 0.009625
0.90695 -3.083575 0.009625
0.229075 -2.7600374 0.2256375
-0.2190375 -0.696575 -0.2946625
0.4940375 -1.0742875 0.139425
0.4940375 -1.0742875 0.139425
0.8366875 -2.6035626 0.35227498
0.2470875 -1.5554 0.3235375
0.60995 -1.716 1.1653125
0.60995 -1.716 1.1653125
0.8685875 -3.36765 1.9017625
-0.66605 -5.1247625 1.973125
-0.66605 -5.1247625 1.973125
-1.3981 -5.0587626 1.1686125
-1.0522875 -4.9011874 0.6875
-1.0522875 -4.9011874 0.6875
-0.279675 -4.8225374 0.2693625
0.4918375 -4.6905375 -0.1744875
0.4918375 -4.6905375 -0.1744875
0.5919375 -4.883175 -0.5874
0.5919375 -4.883175 -0.5874
0.2374625 -4.4148498 -0.7470375
-0.4786375 -3.2762125 -0.0957
-0.687225 -1.86505 -0.2382875
-0.687225 -1.86505 -0.2382875
-0.2338875 -1.1977625 0.0372625
-0.2338875 -1.1977625 0.0372625
-0.886325 -2.5025 -0.11165
-1.1171875 -3.1345875 1.2260875
-1.1171875 -3.1345875 1.2260875
-0.72875 -3.0377874 1.75065
0.4673625 -3.43475 0.14795
0.4673625 -3.43475 0.14795
1.1644875 -5.0906625 0.11495
0.9229 -4.424475 -0.01485
0.9229 -4.424475 -0.01485
0.6419875 -4.4191127 -0.593725
0.3939375 -4.4350624 -0.302225
0.3939375 -4.4350624 -0.302225
-1.0852875 -2.1385374 0.7844375
-0.3477375 -0.712525 0.44165
-0.3477375 -0.712525 0.44165
-0.2105125 -1.0360625 0.9631875
0.34925 -1.6308875 0.7662875
0.34925 -1.6308875 0.7662875
-0.3647875 -1.3946625 0.5577
-0.1838375 -1.6075125 0.44165
-0.1838375 -1.6075125 0.44165
-0.6106375 -0.7359 -0.203225
-1.1683375 -3.542275 0.0160875
-0.0306625 -2.7259374 1.268575
-0.0306625 -2.7259374 1.268575
-0.4052125 -5.256625 1.0844625
-0.3477375 -5.862175 0.891825
-0.3477375 -5.862175 0.891825
-0.0306625 -5.701575 0.0671
0.3194125 -7.1797 -0.626725
0.3194125 -7.1797 -0.626725
-0.7649125 -3.1293626 -0.6565625
-0.7649125 -3.1293626 -0.6565625
-0.2360875 -1.038125 -0.087175
-0.30305 -0.7359 0.05005
-0.30305 -0.7359 0.05005
0.192775 -3.0303624 0.0884125
1.4081374 -4.8043876 -0.1244375
1.4081374 -4.8043876 -0.1244375
1.3369125 -4.4595375 0.500225
1.13355 -3.735875 -0.01485
1.13355 -3.735875 -0.01485
1.0005875 -3.5678499 0.0383625
0.5163125 -2.382325 -0.072325
0.5163125 -2.382325 -0.072325
0.406725 -1.741575 -0.0595375
0.23333749 -1.9086375 -0.204325
0.23333749 -1.9086375 -0.204325
-0.23925 -3.0292625 0.57585
0.18755 -2.7249749 0.11605
0.18755 -2.7249749 0.11605
0.42061248 -2.492875 -0.47245
0.12155 -3.0229375 0.2831125
0.12155 -3.0229375 0.2831125
-0.2935625 -4.2340374 0.9802375
-0.081675 -4.71185 0.518375
-0.081675 -4.71185 0.518375
0.571725 -5.094925 0.3576375
1.1644875 -5.2492 -0.528825
1.1644875 -5.2492 -0.528825
0.92922497 -5.8515873 -0.70661247
0.9494375 -5.862175 -0.8853625
0.9494375 -5.862175 -0.8853625
-0.3722125 -3.883825 0.402325
-1.423675 -1.285075 0.2523125
-0.5286875 -1.9331125 0.2981
-0.5286875 -1.9331125 0.2981
-0.051975 -4.896925 0.370425
-0.051975 -4.896925 0.370425
-0.40425 -5.56105 1.2898875
-0.4574625 -4.7480125 0.2693625
-0.4574625 -4.7480125 0.2693625
0.1821875 -4.4691625 -0.5225
0.864325 -4.1701 -0.6703125
0.864325 -4.1701 -0.6703125
0.4258375 -4.5744877 -1.248225
-0.0158125 -4.4011 -1.103575
-0.56168747 -3.7071376 -1.2183875
-0.56168747 -3.7071376 -1.2183875
1.1070125 -3.1538374 -0.4533375
0.946275 -3.182575 0.3746875
0.946275 -3.182575 0.3746875
-0.15619999 -4.1732626 0.763125
-0.2105125 -5.3706126 0.5033875
-0.2105125 -5.3706126 0.5033875
0.667425 -5.75575 0.7195375
1.402775 -6.417675 -0.1904375
1.402775 -6.417675 -0.1904375
0.9983875 -5.0661874 -0.039325
0.4258375 -3.79665 -0.3916
0.4258375 -3.79665 -0.3916
-0.6425375 -1.86615 1.2335125
-0.3243625 -1.136025 0.1458875
-0.459525 -2.1162624 -0.561825
-0.3999875 -2.0895875 -0.6150375
-0.3999875 -2.0895875 -0.6150375
-0.14135 -1.087075 0.256575
-0.526625 -2.9899375 0.599225
-0.385 -4.5084877 1.0132375
-0.624525 -2.9079876 0.2693625
-0.624525 -2.9079876 0.2693625
-0.1838375 -2.150225 0.189475
-0.0253 -1.5010875 0.198
0.3982 -1.661825 0.126775
0.4334 -1.6852 0.0543125
0.4334 -1.6852 0.0543125
0.3301375 -1.155275 -0.01375
0.3301375 -1.155275 -0.01375
0.2630375 -2.03005 0.3235375
0.1640375 -2.676025 0.6502375
-0.2583625 -1.8596874 0.254375
-0.43395 -0.75515 -0.3469125
-0.43395 -0.75515 -0.3469125
-0.1104125 -0.9700625 -0.367125
-0.2754125 -1.40635 -0.47134998
-0.2754125 -1.40635 -0.47134998
0.029975 -1.0190125 -0.380875
0.0023375 -0.13145 -0.0627
0.0023375 -0.13145 -0.0627
0.0396 0.1739375 0.0895125
0.2492875 -0.320925 0.033
0.2492875 -0.320925 0.033
0.3557125 -0.5220875 -0.30855
0.2396625 -0.13035 -0.347875
0.2396625 -0.13035 -0.347875
-0.1254 0.1483625 -0.18933749
-0.163625 0.0143 -0.0265375
-0.163625 0.0143 -0.0265375
-0.0380875 -0.0495 0.0650375
0.0757625 0.0143 0.0022
0.0757625 0.0143 0.0022
0.0831875 0.0792 -0.073425
0.0097625 0.1771 -0.01265
0.0097625 0.1771 -0.01265
0.0715 -0.0495 -0.0829125
-0.0061875 -0.287925 -0.138325
-0.0061875 -0.287925 -0.138325
-0.0732875 -0.2783 -0.15853749
-0.0732875 -0.2783 -0.15853749
-0.2094125 -0.548625 -0.3851375
-0.2413125 -1.2148125 -0.3777125
-0.441375 -1.138225 0.0372625
-0.441375 -1.138225 0.0372625
-0.47547498 -1.2244375 0.2044625
-0.3531 -2.3535874 -0.073425
-0.38073748 -3.149575 0.08525
-0.38073748 -3.149575 0.08525
-0.4371125 -2.4908125 0.0980375
0.1651375 -1.776775 -0.103125
0.1651375 -1.776775 -0.103125
0.522775 -1.0041625 -0.04675
0.54614997 -0.5401 0.1139875
0.54614997 -0.5401 0.1139875
-0.359425 0.4709375 -0.2712875
-0.5861625 -0.09845 0.0873125
-0.689425 -0.9849125 -0.4989875
-0.689425 -0.9849125 -0.4989875
-0.542575 -3.032425 0.2341625
0.25245 -4.703325 -1.9410875
0.8569 -6.009025 -1.6665
0.8569 -6.009025 -1.6665
1.2442375 -5.6376376 -0.93115
0.73562497 -4.6032248 -1.5994
0.73562497 -4.6032248 -1.5994
-0.10725 -2.8590374 -1.4482875
-0.10725 -2.8590374 -1.4482875
0.2630375 -0.8124875 0.87065
-0.0295625 -1.397825 0.7844375
-0.0295625 -1.397825 0.7844375
-0.6457 -4.475625 -0.40535
-1.341725 -4.701125 0.2096875
-1.341725 -4.701125 0.2096875
-0.94269997 -3.589025 0.4065875
-0.557425 -2.7867124 -0.5245625
-0.557425 -2.7867124 -0.5245625
0.1045 -3.0047874 -1.166275
0.21725 -3.8328125 -1.3737625
0.21725 -3.8328125 -1.3737625
0.2024 -4.5298 -1.7345625
-0.671275 -5.1299872 -1.8750875
-1.0671375 -5.3216624 -1.8761874
0.3045625 -5.1662874 -0.8492
0.3045625 -5.1662874 -0.8492
-0.3477375 -3.6784 -0.5330875
-0.3658875 -2.3705 0.451275
-0.3658875 -2.3705 0.451275
-1.260875 -1.57245 0.66522497
-0.7819625 -2.330075 -0.314875
-0.7819625 -2.330075 -0.314875
0.1651375 -3.7444 -0.5182375
0.2215125 -4.507525 -0.1403875
0.0353375 -4.9799747 -0.791725
0.0353375 -4.9799747 -0.791725
-0.165825 -4.8043876 -1.3674375
-0.1956625 -4.2062626 -1.74845
-0.1956625 -4.2062626 -1.74845
-0.359425 -3.4517999 -1.4504875
-0.6169625 -3.703975 -1.5558125
-0.6169625 -3.703975 -1.5558125
-0.2435125 -3.2697499 -0.2946625
-0.3977875 -3.3229625 0.5630625
-0.3977875 -3.3229625 0.5630625
0.0853875 -4.9853373 0.1331
0.0853875 -4.9853373 0.1331
0.5908375 -4.2403626 -0.3361875
0.9909625 -4.112625 -1.5164875
0.9909625 -4.112625 -1.5164875
0.553575 -4.9512377 -1.281225
0.440825 -4.4276376 -0.5649875
0.4983 -2.427975 0.2693625
0.4983 -2.427975 0.2693625
0.9612625 -3.854125 1.0355124
-0.197725 -6.1538124 2.2295625
-1.0725 -5.95485 2.0209749
-1.0725 -5.95485 2.0209749
-0.362725 -5.75575 0.093775
0.291775 -5.914425 -0.28187498
0.291775 -5.914425 -0.28187498
0.3194125 -5.259925 -0.6947875
0.3194125 -5.259925 -0.6947875
-0.3232625 -4.3638372 -0.47025
-0.640475 -3.7571874 0.2916375
-0.640475 -3.7571874 0.2916375
-0.8713375 -2.594075 0.3661625
0.5737875 -3.5943875 -0.17875
0.5737875 -3.5943875 -0.17875
2.2499125 -5.9090624 0.891825
2.6915624 -5.43125 1.5591125
2.1872125 -4.6575375 0.60665
2.1872125 -4.6575375 0.60665
0.16733749 -4.169 1.16215
0.16733749 -4.169 1.16215
-1.3811874 -1.1072875 1.1473
-0.1221 -0.9359625 0.4587
-0.1221 -0.9359625 0.4587
-2.1962874 -3.393225 -0.1244375
-0.2743125 -3.772175 0.027775
-0.2743125 -3.772175 0.027775
-0.10945 -3.476275 0.77701247
0.1354375 -5.0917625 1.401675
0.1354375 -5.0917625 1.401675
0.83875 -6.7082124 0.80245
0.3355 -7.026525 0.9845
0.3355 -7.026525 0.9845
0.6408875 -6.4953623 0.6364875
0.21945 -6.01755 -0.300025
0.21945 -6.01755 -0.300025
-0.639375 -4.4105873 -0.1659625
-0.0881375 -2.7993624 0.3927
-0.0466125 -2.3812249 0.1969
-0.0466125 -2.3812249 0.1969
-0.3722125 -4.5298 1.188825
-0.0147125 -6.060175 1.7059625
1.1697125 -5.3174 0.5311625
1.0473375 -4.6319623 -0.904475
1.0473375 -4.6319623 -0.904475
1.3910875 -4.1190877 -0.7214625
0.028875 -5.0161376 0.190575
0.028875 -5.0161376 0.190575
-1.0714 -5.3098373 -0.808775
-1.2289749 -1.154175 0.5204375
-1.2289749 -1.154175 0.5204375
-1.1672375 0.3037375 0.748275
0.441925 -1.5915625 0.63002497
1.159125 -2.9558375 -0.300025
1.159125 -2.9558375 -0.300025
0.3397625 -2.9154124 0.18205
0.1662375 -4.6629 -0.351175
0.4972 -5.7728 0.188375
0.4972 -5.7728 0.188375
0.6408875 -5.9813876 -0.562925
0.7536375 -5.7143626 -1.2546875
0.7536375 -5.7143626 -1.2546875
0.08965 -4.5585375 -1.0151625
0.08965 -4.5585375 -1.0151625
0.131175 -3.3027499 -0.609675
-0.616 -1.96295 -0.0424875
-0.616 -1.96295 -0.0424875
0.0598125 -1.4223 -0.2787125
-0.1445125 -0.9519125 0.1225125
-0.1445125 -0.9519125 0.1225125
-0.89265 -2.2620125 0.4566375
-0.344575 -4.3861127 1.06315
-0.344575 -4.3861127 1.06315
-1.1928124 -5.1811376 -0.412775
-0.4404125 -4.6734877 -0.40645
-0.4404125 -4.6734877 -0.40645
0.898425 -5.4652123 -1.7026625
-0.17215 -5.2545624 -2.2198
0.67705 -5.1418123 -1.35355
-0.66605 -4.2147875 -0.955625
-0.66605 -4.2147875 -0.955625
0.8771125 -3.180375 -0.1392875
0.23539999 -4.6564374 1.1803
0.23539999 -4.6564374 1.1803
-0.0977625 -6.93495 0.0075625
0.1896125 -7.824575 0.11605
0.1896125 -7.824575 0.11605
0.9186375 -8.1279 -0.8492
1.07085 -7.0764375 -1.150325
-0.1519375 -4.4543123 -0.3276625
-0.1519375 -4.4543123 -0.3276625
-1.2469875 -0.8465875 -0.006325
0.1417625 -1.057375 -0.0339625
0.1417625 -1.057375 -0.0339625
1.2687125 -5.5226874 -0.0180125
1.3039125 -5.9697 0.6012875
1.3039125 -5.9697 0.6012875
1.2709125 -5.30145 0.2693625
1.5785 -4.195675 -0.333025
0.9983875 -4.818275 -0.1084875
0.668525 -4.2031 -0.2649625
0.668525 -4.2031 -0.2649625
-1.1937749 -3.0388875 -0.073425
0.7365875 -2.6972 0.9728125
0.7365875 -2.6972 0.9728125
0.2789875 -4.61065 1.3303125
-0.52442497 -6.745475 1.0525625
-0.52442497 -6.745475 1.0525625
-0.17215 -7.3106 -0.265925
1.126125 -6.681675 -0.642675
1.126125 -6.681675 -0.642675
1.4794999 -6.5263 -0.9119
0.1406625 -5.995275 -0.79805
-0.1274625 -3.098425 0.6609625
-0.93953747 -2.5801876 0.711975
-0.93953747 -2.5801876 0.711975
-0.8980125 -5.1885624 1.415425
-0.8980125 -5.1885624 1.415425
-0.637175 -7.1424375 1.5027375
-0.032725 -6.319775 0.2660625
-0.032725 -6.319775 0.2660625
0.5025625 -5.6483626 -1.25895
0.164175 -6.222975 -1.6633375
0.164175 -6.222975 -1.6633375
0.293975 -5.650425 0.24805
-0.1274625 -3.5805 1.4111625
-0.6936875 -5.340775 1.6922125
-0.6936875 -5.340775 1.6922125
-0.3509 -5.6749 1.8038625
-0.3509 -5.6749 1.8038625
-0.0391875 -4.896925 1.2398375
0.4844125 -4.915075 0.5119125
0.4844125 -4.915075 0.5119125
0.1843875 -3.7349124 0.34485
-0.1764125 -4.0690374 -0.8822
-0.2360875 -3.066525 1.0707124
-0.8756 -2.5355 0.3724875
-0.8756 -2.5355 0.3724875
-0.6095375 -2.706825 0.08525
-1.2736624 -2.3280125 -0.2382875
-1.2736624 -2.3280125 -0.2382875
-0.802175 -2.178 0.2745875
0.96648747 -5.0161376 1.71875
0.3045625 -5.8271127 1.91455
0.3045625 -5.8271127 1.91455
0.357775 -4.080725 0.8886625
0.35145 -3.297525 0.6237
0.35145 -3.297525 0.6237
-0.1348875 -2.773925 0.2756875
-0.2541 -3.3155375 -0.234025
-0.2541 -3.3155375 -0.234025
-0.69685 -2.264075 -0.2894375
-1.0011375 0.03355 0.4140125
-1.0011375 0.03355 0.4140125
-1.1075625 0.76353747 0.140525
-0.4063125 -0.3465 -0.183975
0.307725 -0.8870125 -0.234025
0.3290375 -0.1293875 -0.1595
0.3290375 -0.1293875 -0.1595
0.1258125 0.449625 0.1703625
0.2343 0.0845625 0.2118875
0.2343 0.0845625 0.2118875
0.3364625 -0.1590875 -0.0573375
0.3620375 -0.042075 -0.1563375
0.3620375 -0.042075 -0.1563375
0.291775 0.072875 -0.1244375
0.25135 0.0994125 -0.0020625
0.25135 0.0994125 -0.0020625
0.2003375 0.188925 -0.01595
0.114125 0.0504625 0.02035
0.114125 0.0504625 0.02035
0.061875 -0.0611875 0.011825
0.0023375 -0.039875 -0.0202125
-0.0444125 -0.03355 -0.004125
-0.0444125 -0.03355 -0.004125
-0.0721875 -0.059125 -0.0083875
-0.0369875 -0.0847 -0.0009625
-0.0369875 -0.0847 -0.0009625
0.045925 -0.1016125 0.090475
0.049225 0.006875 0.093775
0.049225 0.006875 0.093775
0.0906125 0.0026125 -0.0765875
0.05555 -0.187825 -0.1500125
-0.07535 -0.253825 -0.04565
-0.07535 -0.253825 -0.04565
-0.1593625 -0.0633875 -0.007425
-0.1923625 -0.0144375 0.0490875
-0.0572 -0.075075 0.1065625
-0.0572 -0.075075 0.1065625
0.0119625 -0.1049125 0.19167499
-0.07535 -0.0495 0.27885
-0.07535 -0.0495 0.27885
-0.0540375 0.0771375 0.01705
0.1247125 0.0207625 -0.1617
0.1247125 0.0207625 -0.1617
0.1417625 -0.03245 -0.150975
0.0193875 -0.0441375 -0.0094875
0.0193875 -0.0441375 -0.0094875
-0.0807125 -0.0441375 0.08305
-0.0807125 -0.0441375 0.08305
-0.1104125 -0.0836 0.0363
-0.017875 -0.122925 -0.004125
-0.017875 -0.122925 -0.004125
0.0045375 -0.026125 -0.0202125
0.0342375 -0.0229625 0.05335
0.0342375 -0.0229625 0.05335
0.0364375 0.0452375 0.0884125
0.05665 -0.0207625 0.0372625
0.05665 -0.0207625 0.0372625
0.114125 -0.09735 -0.0968
0.033275 -0.1260875 -0.0020625
-0.1018875 0.009075 -0.2138125
-0.163625 -0.2847625 -0.4437125
-0.163625 -0.2847625 -0.4437125
-0.197725 -0.4635125 -0.5405125
-0.5297875 -0.3304125 -0.4915625
