-29.1 21.35625 -32.100002
-29.1 21.35625 -32.100002
-29.1 21.35625 -32.100002
-29.1 21.35625 -32.100002
-26.7 19.143751 -32.456253
-26.7 19.143751 -32.456253
-26.7 19.143751 -32.456253
-26.7 19.143751 -32.456253
-27.300001 18.900002 -31.500002
-27.300001 18.900002 -31.500002
-27.300001 18.900002 -31.500002
-27.300001 18.900002 -31.500002
-28.9125 18.712502 -28.743752
-28.9125 18.712502 -28.743752
-28.9125 18.712502 -28.743752
-30.487501 18.6 -24.35625
-30.487501 18.6 -24.35625
-30.487501 18.6 -24.35625
-30.487501 18.6 -24.35625
-30.956251 18.112501 -17.2875
-30.956251 18.112501 -17.2875
-30.956251 18.112501 -17.2875
-30.956251 18.112501 -17.2875
-27.7875 17.7 -8.212501
-27.7875 17.7 -8.212501
-27.7875 17.7 -8.212501
-20.7 17.456251 -0.84375006
-20.7 17.456251 -0.84375006
-20.7 17.456251 -0.84375006
-20.7 17.456251 -0.84375006
-12.6 18.487501 3.4125001
-12.6 18.487501 3.4125001
-12.6 18.487501 3.4125001
-5.0437503 19.800001 6.0
-5.0437503 19.800001 6.0
-5.0437503 19.800001 6.0
-5.0437503 19.800001 6.0
1.2 20.456251 4.6875
1.2 20.456251 4.6875
1.2 20.456251 4.6875
1.2 20.456251 4.6875
5.7562504 20.5125 0.35625002
5.7562504 20.5125 0.35625002
5.7562504 20.5125 0.35625002
5.7562504 20.5125 0.35625002
5.64375 19.987501 -1.9125
5.64375 19.987501 -1.9125
5.64375 19.987501 -1.9125
5.64375 19.987501 -1.9125
4.3875003 19.2 -2.9437501
4.3875003 19.2 -2.9437501
4.3875003 19.2 -2.9437501
4.6875 19.3125 -2.8875
4.6875 19.3125 -2.8875
4.6875 19.3125 -2.8875
4.6875 19.3125 -2.8875
5.0437503 20.8125 -5.34375
5.0437503 20.8125 -5.34375
5.0437503 20.8125 -5.34375
5.0437503 20.8125 -5.34375
4.0125003 21.4125 -5.2125
4.0125003 21.4125 -5.2125
4.0125003 21.4125 -5.2125
3.7875001 21.712502 -4.4437504
3.7875001 21.712502 -4.4437504
3.7875001 21.712502 -4.4437504
3.7875001 21.712502 -4.4437504
4.14375 22.0125 -3.7875001
4.14375 22.0125 -3.7875001
4.14375 22.0125 -3.7875001
4.14375 22.0125 -3.7875001
4.6875 22.800001 -3.24375
4.6875 22.800001 -3.24375
4.6875 22.800001 -3.24375
4.6875 22.800001 -3.24375
6.24375 23.643751 -5.15625
6.24375 23.643751 -5.15625
6.24375 23.643751 -5.15625
6.8437505 24.956251 -8.94375
6.8437505 24.956251 -8.94375
6.8437505 24.956251 -8.94375
6.8437505 24.956251 -8.94375
1.9125 25.3875 -13.856251
1.9125 25.3875 -13.856251
1.9125 25.3875 -13.856251
1.9125 25.3875 -13.856251
-7.0875 23.643751 -13.14375
-7.0875 23.643751 -13.14375
-7.0875 23.643751 -13.14375
-7.0875 23.643751 -13.14375
-15.056251 20.400002 -10.25625
-15.056251 20.400002 -10.25625
-15.056251 20.400002 -10.25625
-15.056251 20.400002 -10.25625
-22.5 15.95625 -5.5125003
-22.5 15.95625 -5.5125003
-22.5 15.95625 -5.5125003
-22.5 15.95625 -5.5125003
-27.656252 11.64375 2.7562501
-27.656252 11.64375 2.7562501
-27.656252 11.64375 2.7562501
-27.656252 11.64375 2.7562501
-29.643751 7.3875003 13.012501
-29.643751 7.3875003 13.012501
-29.643751 7.3875003 13.012501
-27.4125 3.8437502 22.2
-27.4125 3.8437502 22.2
-27.4125 3.8437502 22.2
-24.487501 -0.24375 28.9125
-24.487501 -0.24375 28.9125
-24.487501 -0.24375 28.9125
-24.487501 -0.24375 28.9125
-20.587502 -4.2000003 34.0125
-20.587502 -4.2000003 34.0125
-20.587502 -4.2000003 34.0125
-20.587502 -4.2000003 34.0125
-11.400001 -4.55625 35.8875
-11.400001 -4.55625 35.8875
-11.400001 -4.55625 35.8875
-2.15625 -3.24375 32.8875
-2.15625 -3.24375 32.8875
-2.15625 -3.24375 32.8875
-2.15625 -3.24375 32.8875
5.8875003 0.0 27.487501
5.8875003 0.0 27.487501
5.8875003 0.0 27.487501
5.8875003 0.0 27.487501
12.543751 2.8875 19.612501
12.543751 2.8875 19.612501
12.543751 2.8875 19.612501
17.1 5.5125003 9.543751
17.1 5.5125003 9.543751
17.1 5.5125003 9.543751
17.456251 7.4437504 -1.25625
17.456251 7.4437504 -1.25625
17.456251 7.4437504 -1.25625
17.456251 7.4437504 -1.25625
13.856251 10.25625 -9.1125
13.856251 10.25625 -9.1125
13.856251 10.25625 -9.1125
9.1125 12.4875 -14.45625
9.1125 12.4875 -14.45625
9.1125 12.4875 -14.45625
9.1125 12.4875 -14.45625
0.7875 13.25625 -14.812501
0.7875 13.25625 -14.812501
0.7875 13.25625 -14.812501
-3.4125001 13.743751 -10.200001
-3.4125001 13.743751 -10.200001
-3.4125001 13.743751 -10.200001
-3.4125001 13.743751 -10.200001
-3.4125001 13.743751 -10.200001
-3.7875001 13.14375 -6.7125
-3.7875001 13.14375 -6.7125
-3.7875001 13.14375 -6.7125
-3.7875001 13.14375 -6.7125
-2.9437501 14.212501 -4.0875
-2.9437501 14.212501 -4.0875
-2.9437501 14.212501 -4.0875
-2.9437501 14.212501 -4.0875
-0.95625 15.843751 0.05625
-0.95625 15.843751 0.05625
-0.95625 15.843751 0.05625
2.8125 17.643751 1.5562501
2.8125 17.643751 1.5562501
2.8125 17.643751 1.5562501
2.8125 17.643751 1.5562501
6.24375 18.1875 -1.0875001
6.24375 18.1875 -1.0875001
6.24375 18.1875 -1.0875001
6.5437503 18.487501 -3.4875002
6.5437503 18.487501 -3.4875002
6.5437503 18.487501 -3.4875002
6.5437503 18.487501 -3.4875002
5.2875004 17.212502 -5.7562504
5.2875004 17.212502 -5.7562504
5.2875004 17.212502 -5.7562504
5.2875004 17.212502 -5.7562504
2.7562501 17.34375 -6.24375
2.7562501 17.34375 -6.24375
2.7562501 17.34375 -6.24375
2.34375 17.587502 -5.4
2.34375 17.587502 -5.4
2.34375 17.587502 -5.4
2.34375 17.587502 -5.4
2.5125 16.987501 -4.9125004
2.5125 16.987501 -4.9125004
2.5125 16.987501 -4.9125004
2.6437502 16.44375 -5.9437504
2.6437502 16.44375 -5.9437504
2.6437502 16.44375 -5.9437504
2.6437502 16.44375 -5.9437504
2.34375 14.587501 -6.7125
2.34375 14.587501 -6.7125
2.34375 14.587501 -6.7125
2.34375 14.587501 -6.7125
2.6437502 12.056251 -6.8437505
2.6437502 12.056251 -6.8437505
2.6437502 12.056251 -6.8437505
3.1125002 10.556251 -7.5000005
3.1125002 10.556251 -7.5000005
3.1125002 10.556251 -7.5000005
2.6437502 9.95625 -7.5000005
2.6437502 9.95625 -7.5000005
2.6437502 9.95625 -7.5000005
2.6437502 9.95625 -7.5000005
1.9875001 9.65625 -7.74375
1.9875001 9.65625 -7.74375
1.9875001 9.65625 -7.74375
1.9875001 9.65625 -7.74375
1.3125 10.25625 -7.3875003
1.3125 10.25625 -7.3875003
1.3125 10.25625 -7.3875003
1.3125 10.25625 -7.3875003
0.41250002 10.14375 -4.3875003
0.41250002 10.14375 -4.3875003
0.41250002 10.14375 -4.3875003
0.6 9.900001 -1.44375
0.6 9.900001 -1.44375
0.6 9.900001 -1.44375
0.6 9.900001 -1.44375
2.4 12.1125 2.7
2.4 12.1125 2.7
2.4 12.1125 2.7
2.4 12.1125 2.7
8.2875 15.712501 7.2562504
8.2875 15.712501 7.2562504
8.2875 15.712501 7.2562504
17.400002 19.5 9.1125
17.400002 19.5 9.1125
17.400002 19.5 9.1125
17.400002 19.5 9.1125
26.8875 21.84375 5.2875004
26.8875 21.84375 5.2875004
26.8875 21.84375 5.2875004
30.112501 20.5125 -4.6875
30.112501 20.5125 -4.6875
30.112501 20.5125 -4.6875
22.9125 19.087502 -12.243751
22.9125 19.087502 -12.243751
22.9125 19.087502 -12.243751
22.9125 19.087502 -12.243751
13.556251 19.143751 -15.712501
13.556251 19.143751 -15.712501
13.556251 19.143751 -15.712501
5.45625 20.5125 -13.6125
5.45625 20.5125 -13.6125
5.45625 20.5125 -13.6125
5.45625 20.5125 -13.6125
4.0125003 21.112501 -9.900001
4.0125003 21.112501 -9.900001
4.0125003 21.112501 -9.900001
4.0125003 21.112501 -9.900001
4.2562504 21.112501 -8.512501
4.2562504 21.112501 -8.512501
4.2562504 21.112501 -8.512501
4.6875 20.456251 -8.043751
4.6875 20.456251 -8.043751
4.6875 20.456251 -8.043751
6.0 20.15625 -6.1125
6.0 20.15625 -6.1125
6.0 20.15625 -6.1125
9.4875 20.587502 -4.0875
9.4875 20.587502 -4.0875
9.4875 20.587502 -4.0875
9.4875 20.587502 -4.0875
12.6 18.300001 -5.8875003
12.6 18.300001 -5.8875003
12.6 18.300001 -5.8875003
12.6 18.300001 -5.8875003
13.500001 17.1 -9.1875
13.500001 17.1 -9.1875
13.500001 17.1 -9.1875
13.500001 17.1 -9.1875
11.212501 15.1125 -13.25625
11.212501 15.1125 -13.25625
11.212501 15.1125 -13.25625
4.8 13.687501 -12.7875
4.8 13.687501 -12.7875
4.8 13.687501 -12.7875
4.8 13.687501 -12.7875
1.5 12.843751 -8.1
1.5 12.843751 -8.1
1.5 12.843751 -8.1
1.5 12.843751 -8.1
1.6125001 12.4875 -6.05625
1.6125001 12.4875 -6.05625
1.6125001 12.4875 -6.05625
1.6125001 12.4875 -6.05625
1.6125001 12.1125 -6.6000004
1.6125001 12.1125 -6.6000004
1.6125001 12.1125 -6.6000004
-0.65625 11.34375 -8.1
-0.65625 11.34375 -8.1
-0.65625 11.34375 -8.1
-0.65625 11.34375 -8.1
-0.4875 13.25625 -8.15625
-0.4875 13.25625 -8.15625
-0.4875 13.25625 -8.15625
-0.4875 13.25625 -8.15625
-0.4875 13.25625 -8.15625
-0.4875 13.25625 -8.15625
-0.4875 13.25625 -8.15625
-0.6 12.656251 -7.2562504
-0.6 12.656251 -7.2562504
-0.6 12.656251 -7.2562504
-0.6 12.656251 -7.2562504
-0.05625 12.056251 -6.24375
-0.05625 12.056251 -6.24375
-0.05625 12.056251 -6.24375
1.1437501 13.087501 -7.4437504
1.1437501 13.087501 -7.4437504
1.1437501 13.087501 -7.4437504
1.1437501 13.087501 -7.4437504
1.25625 13.687501 -8.043751
1.25625 13.687501 -8.043751
1.25625 13.687501 -8.043751
1.2 13.9125 -6.4875
1.2 13.9125 -6.4875
1.2 13.9125 -6.4875
1.2 13.9125 -6.4875
4.3875003 16.087502 -1.5
4.3875003 16.087502 -1.5
4.3875003 16.087502 -1.5
4.3875003 16.087502 -1.5
9.7875 17.400002 2.4
9.7875 17.400002 2.4
9.7875 17.400002 2.4
18.1875 18.712502 3.1875002
18.1875 18.712502 3.1875002
18.1875 18.712502 3.1875002
27.712502 20.04375 -0.90000004
27.712502 20.04375 -0.90000004
27.712502 20.04375 -0.90000004
27.712502 20.04375 -0.90000004
32.7 19.2 -11.15625
32.7 19.2 -11.15625
32.7 19.2 -11.15625
32.7 19.2 -11.15625
30.656252 16.9125 -21.243752
30.656252 16.9125 -21.243752
30.656252 16.9125 -21.243752
30.656252 16.9125 -21.243752
22.9125 14.587501 -27.243752
22.9125 14.587501 -27.243752
22.9125 14.587501 -27.243752
12.6 12.712501 -28.9125
12.6 12.712501 -28.9125
12.6 12.712501 -28.9125
12.6 12.712501 -28.9125
2.2125 11.94375 -27.112501
2.2125 11.94375 -27.112501
2.2125 11.94375 -27.112501
2.2125 11.94375 -27.112501
-5.8125 12.056251 -21.487501
-5.8125 12.056251 -21.487501
-5.8125 12.056251 -21.487501
-8.700001 12.243751 -13.6125
-8.700001 12.243751 -13.6125
-8.700001 12.243751 -13.6125
-8.700001 12.243751 -13.6125
-7.8 12.6 -8.700001
-7.8 12.6 -8.700001
-7.8 12.6 -8.700001
-4.8 14.1 -4.14375
-4.8 14.1 -4.14375
-4.8 14.1 -4.14375
-4.8 14.1 -4.14375
-1.44375 15.056251 -1.8000001
-1.44375 15.056251 -1.8000001
-1.44375 15.056251 -1.8000001
3.6562502 14.64375 -2.04375
3.6562502 14.64375 -2.04375
3.6562502 14.64375 -2.04375
3.6562502 14.64375 -2.04375
8.64375 13.687501 -6.24375
8.64375 13.687501 -6.24375
8.64375 13.687501 -6.24375
9.4875 12.656251 -11.8125
9.4875 12.656251 -11.8125
9.4875 12.656251 -11.8125
9.4875 12.656251 -11.8125
7.3875003 11.64375 -15.95625
7.3875003 11.64375 -15.95625
7.3875003 11.64375 -15.95625
7.3875003 11.64375 -15.95625
2.5875 11.2875 -16.9125
2.5875 11.2875 -16.9125
2.5875 11.2875 -16.9125
-0.4875 11.8125 -13.687501
-0.4875 11.8125 -13.687501
-0.4875 11.8125 -13.687501
-0.4875 11.8125 -13.687501
-0.90000004 12.656251 -12.1125
-0.90000004 12.656251 -12.1125
-0.90000004 12.656251 -12.1125
0.05625 13.9125 -9.0
0.05625 13.9125 -9.0
0.05625 13.9125 -9.0
0.05625 13.9125 -9.0
1.3125 13.856251 -8.512501
1.3125 13.856251 -8.512501
1.3125 13.856251 -8.512501
4.0875 13.387501 -7.9875
4.0875 13.387501 -7.9875
4.0875 13.387501 -7.9875
4.0875 13.387501 -7.9875
8.587501 12.6 -10.3125
8.587501 12.6 -10.3125
8.587501 12.6 -10.3125
8.587501 12.6 -10.3125
10.200001 10.856251 -14.75625
10.200001 10.856251 -14.75625
10.200001 10.856251 -14.75625
8.1 9.356251 -20.456251
8.1 9.356251 -20.456251
8.1 9.356251 -20.456251
8.1 9.356251 -20.456251
2.04375 8.94375 -22.143751
2.04375 8.94375 -22.143751
2.04375 8.94375 -22.143751
2.04375 8.94375 -22.143751
-3.0 9.4125 -18.0
-3.0 9.4125 -18.0
-3.0 9.4125 -18.0
-4.4437504 10.44375 -15.3
-4.4437504 10.44375 -15.3
-4.4437504 10.44375 -15.3
-4.4437504 10.44375 -15.3
-3.1875002 13.9125 -10.5
-3.1875002 13.9125 -10.5
-3.1875002 13.9125 -10.5
-3.1875002 13.9125 -10.5
-1.9125 16.143751 -9.1875
-1.9125 16.143751 -9.1875
-1.9125 16.143751 -9.1875
-0.05625 16.3875 -8.45625
-0.05625 16.3875 -8.45625
-0.05625 16.3875 -8.45625
-0.05625 16.3875 -8.45625
2.4562502 16.800001 -9.6
2.4562502 16.800001 -9.6
2.4562502 16.800001 -9.6
2.4562502 16.800001 -9.6
2.8125 16.9125 -10.200001
2.8125 16.9125 -10.200001
2.8125 16.9125 -10.200001
1.6125001 15.000001 -12.1125
1.6125001 15.000001 -12.1125
1.6125001 15.000001 -12.1125
1.6125001 15.000001 -12.1125
-0.4875 13.6125 -12.3
-0.4875 13.6125 -12.3
-0.4875 13.6125 -12.3
-2.34375 13.687501 -10.5
-2.34375 13.687501 -10.5
-2.34375 13.687501 -10.5
-2.34375 13.687501 -10.5
-2.7 13.9125 -9.712501
-2.7 13.9125 -9.712501
-2.7 13.9125 -9.712501
-2.7 13.9125 -9.712501
-1.44375 15.356251 -5.45625
-1.44375 15.356251 -5.45625
-1.44375 15.356251 -5.45625
-1.44375 15.356251 -5.45625
1.5562501 17.2875 -1.2
1.5562501 17.2875 -1.2
1.5562501 17.2875 -1.2
6.3 17.94375 0.0
6.3 17.94375 0.0
6.3 17.94375 0.0
6.3 17.94375 0.0
11.64375 18.54375 -3.1875002
11.64375 18.54375 -3.1875002
11.64375 18.54375 -3.1875002
11.64375 18.54375 -3.1875002
14.45625 19.9125 -8.212501
14.45625 19.9125 -8.212501
14.45625 19.9125 -8.212501
11.587501 18.7875 -12.4125
11.587501 18.7875 -12.4125
11.587501 18.7875 -12.4125
11.587501 18.7875 -12.4125
4.2000003 15.95625 -16.0125
4.2000003 15.95625 -16.0125
4.2000003 15.95625 -16.0125
4.2000003 15.95625 -16.0125
-5.0437503 13.087501 -14.156251
-5.0437503 13.087501 -14.156251
-5.0437503 13.087501 -14.156251
-11.15625 11.8125 -9.056251
-11.15625 11.8125 -9.056251
-11.15625 11.8125 -9.056251
-11.15625 11.8125 -9.056251
-13.500001 13.312501 -4.2000003
-13.500001 13.312501 -4.2000003
-13.500001 13.312501 -4.2000003
-12.4875 15.900001 1.9875001
-12.4875 15.900001 1.9875001
-12.4875 15.900001 1.9875001
-12.4875 15.900001 1.9875001
-7.8562503 17.8125 8.700001
-7.8562503 17.8125 8.700001
-7.8562503 17.8125 8.700001
-7.8562503 17.8125 8.700001
-0.1125 18.6 13.500001
-0.1125 18.6 13.500001
-0.1125 18.6 13.500001
10.6875 19.5 11.8125
10.6875 19.5 11.8125
10.6875 19.5 11.8125
10.6875 19.5 11.8125
20.456251 18.956251 7.0875
20.456251 18.956251 7.0875
20.456251 18.956251 7.0875
20.456251 18.956251 7.0875
27.112501 20.04375 -0.7875
27.112501 20.04375 -0.7875
27.112501 20.04375 -0.7875
24.7875 19.85625 -10.556251
24.7875 19.85625 -10.556251
24.7875 19.85625 -10.556251
24.7875 19.85625 -10.556251
16.800001 17.400002 -15.900001
16.800001 17.400002 -15.900001
16.800001 17.400002 -15.900001
16.800001 17.400002 -15.900001
6.7875004 14.812501 -17.94375
6.7875004 14.812501 -17.94375
6.7875004 14.812501 -17.94375
6.7875004 14.812501 -17.94375
-1.85625 13.6125 -15.6
-1.85625 13.6125 -15.6
-1.85625 13.6125 -15.6
-1.85625 13.6125 -15.6
-7.6875005 12.95625 -11.1
-7.6875005 12.95625 -11.1
-7.6875005 12.95625 -11.1
-7.6875005 12.95625 -11.1
-10.012501 14.700001 -6.3562503
-10.012501 14.700001 -6.3562503
-10.012501 14.700001 -6.3562503
-10.012501 14.700001 -6.3562503
-9.543751 17.587502 -0.6
-9.543751 17.587502 -0.6
-9.543751 17.587502 -0.6
-6.3 18.7875 5.2875004
-6.3 18.7875 5.2875004
-6.3 18.7875 5.2875004
2.34375 19.9125 9.056251
2.34375 19.9125 9.056251
2.34375 19.9125 9.056251
2.34375 19.9125 9.056251
11.94375 19.0125 6.8437505
11.94375 19.0125 6.8437505
11.94375 19.0125 6.8437505
11.94375 19.0125 6.8437505
20.5125 18.84375 2.15625
20.5125 18.84375 2.15625
20.5125 18.84375 2.15625
24.4125 17.400002 -7.0875
24.4125 17.400002 -7.0875
24.4125 17.400002 -7.0875
22.5 16.2 -16.85625
22.5 16.2 -16.85625
22.5 16.2 -16.85625
22.5 16.2 -16.85625
15.543751 14.043751 -23.75625
15.543751 14.043751 -23.75625
15.543751 14.043751 -23.75625
15.543751 14.043751 -23.75625
5.5875 11.75625 -26.04375
5.5875 11.75625 -26.04375
5.5875 11.75625 -26.04375
5.5875 11.75625 -26.04375
-4.9125004 9.712501 -24.712502
-4.9125004 9.712501 -24.712502
-4.9125004 9.712501 -24.712502
-10.200001 9.6 -18.900002
-10.200001 9.6 -18.900002
-10.200001 9.6 -18.900002
-10.200001 9.6 -18.900002
-11.700001 12.056251 -10.9875
-11.700001 12.056251 -10.9875
-11.700001 12.056251 -10.9875
-11.700001 12.056251 -10.9875
-9.900001 14.587501 -5.1000004
-9.900001 14.587501 -5.1000004
-9.900001 14.587501 -5.1000004
-9.900001 14.587501 -5.1000004
-5.4 17.8125 -0.24375
-5.4 17.8125 -0.24375
-5.4 17.8125 -0.24375
0.84375006 19.087502 0.65625
0.84375006 19.087502 0.65625
0.84375006 19.087502 0.65625
0.84375006 19.087502 0.65625
5.7562504 18.6 -1.5
5.7562504 18.6 -1.5
5.7562504 18.6 -1.5
5.7562504 18.6 -1.5
7.6875005 18.35625 -5.15625
7.6875005 18.35625 -5.15625
7.6875005 18.35625 -5.15625
7.5000005 18.112501 -8.64375
7.5000005 18.112501 -8.64375
7.5000005 18.112501 -8.64375
7.5000005 18.112501 -8.64375
2.04375 16.25625 -13.500001
2.04375 16.25625 -13.500001
2.04375 16.25625 -13.500001
2.04375 16.25625 -13.500001
-3.9 14.75625 -13.14375
-3.9 14.75625 -13.14375
-3.9 14.75625 -13.14375
-3.9 14.75625 -13.14375
-7.2000003 14.1 -9.1875
-7.2000003 14.1 -9.1875
-7.2000003 14.1 -9.1875
-7.5000005 14.043751 -6.4125004
-7.5000005 14.043751 -6.4125004
-7.5000005 14.043751 -6.4125004
-6.3 14.887501 -1.8000001
-6.3 14.887501 -1.8000001
-6.3 14.887501 -1.8000001
-6.3 14.887501 -1.8000001
-2.4562502 16.743752 4.55625
-2.4562502 16.743752 4.55625
-2.4562502 16.743752 4.55625
5.9437504 18.1875 7.8
5.9437504 18.1875 7.8
5.9437504 18.1875 7.8
15.4875 18.487501 4.9125004
15.4875 18.487501 4.9125004
15.4875 18.487501 4.9125004
15.4875 18.487501 4.9125004
22.556252 18.712502 -0.7875
22.556252 18.712502 -0.7875
22.556252 18.712502 -0.7875
22.556252 18.712502 -0.7875
22.612501 17.8875 -10.14375
22.612501 17.8875 -10.14375
22.612501 17.8875 -10.14375
22.612501 17.8875 -10.14375
16.2 15.843751 -16.9125
16.2 15.843751 -16.9125
16.2 15.843751 -16.9125
16.2 15.843751 -16.9125
6.24375 12.656251 -18.6
6.24375 12.656251 -18.6
6.24375 12.656251 -18.6
6.24375 12.656251 -18.6
-2.8875 11.15625 -15.95625
-2.8875 11.15625 -15.95625
-2.8875 11.15625 -15.95625
-7.14375 11.2875 -11.887501
-7.14375 11.2875 -11.887501
-7.14375 11.2875 -11.887501
-7.8 12.243751 -7.8
-7.8 12.243751 -7.8
-7.8 12.243751 -7.8
-7.8 12.243751 -7.8
-6.8437505 14.2875 -2.5875
-6.8437505 14.2875 -2.5875
-6.8437505 14.2875 -2.5875
-6.8437505 14.2875 -2.5875
-3.3000002 16.6875 1.8000001
-3.3000002 16.6875 1.8000001
-3.3000002 16.6875 1.8000001
-3.3000002 16.6875 1.8000001
4.0125003 18.35625 3.35625
4.0125003 18.35625 3.35625
4.0125003 18.35625 3.35625
9.7875 19.2 -0.3
9.7875 19.2 -0.3
9.7875 19.2 -0.3
10.8 19.612501 -3.9562502
10.8 19.612501 -3.9562502
10.8 19.612501 -3.9562502
10.8 19.612501 -3.9562502
9.4875 18.6 -6.05625
9.4875 18.6 -6.05625
9.4875 18.6 -6.05625
7.3875003 18.300001 -5.9437504
7.3875003 18.300001 -5.9437504
7.3875003 18.300001 -5.9437504
2.4 18.243752 -3.7125
2.4 18.243752 -3.7125
2.4 18.243752 -3.7125
2.4 18.243752 -3.7125
-1.0125 19.143751 -0.71250004
-1.0125 19.143751 -0.71250004
-1.0125 19.143751 -0.71250004
-1.0125 19.143751 -0.71250004
-1.9125 18.900002 3.1125002
-1.9125 18.900002 3.1125002
-1.9125 18.900002 3.1125002
-1.9125 18.900002 3.1125002
-1.25625 18.487501 4.4437504
-1.25625 18.487501 4.4437504
-1.25625 18.487501 4.4437504
-1.25625 18.487501 4.4437504
0.90000004 18.243752 5.2125
0.90000004 18.243752 5.2125
0.90000004 18.243752 5.2125
0.90000004 18.243752 5.2125
8.512501 19.3875 4.55625
8.512501 19.3875 4.55625
8.512501 19.3875 4.55625
8.512501 19.3875 4.55625
16.087502 21.956251 -1.1437501
16.087502 21.956251 -1.1437501
16.087502 21.956251 -1.1437501
16.3125 21.54375 -10.8
16.3125 21.54375 -10.8
16.3125 21.54375 -10.8
12.0 19.3875 -18.54375
12.0 19.3875 -18.54375
12.0 19.3875 -18.54375
12.0 19.3875 -18.54375
4.8562503 15.4875 -22.5
4.8562503 15.4875 -22.5
4.8562503 15.4875 -22.5
4.8562503 15.4875 -22.5
-3.1875002 14.2875 -21.900002
-3.1875002 14.2875 -21.900002
-3.1875002 14.2875 -21.900002
-6.6562505 15.656251 -15.056251
-6.6562505 15.656251 -15.056251
-6.6562505 15.656251 -15.056251
-6.6562505 15.656251 -15.056251
-5.0437503 17.04375 -8.1
-5.0437503 17.04375 -8.1
-5.0437503 17.04375 -8.1
-5.0437503 17.04375 -8.1
-2.8875 17.400002 -3.35625
-2.8875 17.400002 -3.35625
-2.8875 17.400002 -3.35625
0.3 16.612501 0.84375006
0.3 16.612501 0.84375006
0.3 16.612501 0.84375006
0.3 16.612501 0.84375006
5.7000003 17.75625 4.6125
5.7000003 17.75625 4.6125
5.7000003 17.75625 4.6125
5.7000003 17.75625 4.6125
14.400001 20.04375 5.45625
14.400001 20.04375 5.45625
14.400001 20.04375 5.45625
21.1875 22.2 0.71250004
21.1875 22.2 0.71250004
21.1875 22.2 0.71250004
21.1875 22.2 0.71250004
22.3125 21.712502 -7.55625
22.3125 21.712502 -7.55625
22.3125 21.712502 -7.55625
22.3125 21.712502 -7.55625
15.6 18.54375 -13.9125
15.6 18.54375 -13.9125
15.6 18.54375 -13.9125
15.6 18.54375 -13.9125
7.55625 16.3125 -11.587501
7.55625 16.3125 -11.587501
7.55625 16.3125 -11.587501
5.5125003 15.4875 -7.6875005
5.5125003 15.4875 -7.6875005
5.5125003 15.4875 -7.6875005
5.5125003 15.4875 -7.6875005
5.1000004 15.843751 -8.1
5.1000004 15.843751 -8.1
5.1000004 15.843751 -8.1
5.1000004 15.843751 -8.1
4.4437504 14.45625 -10.9125
4.4437504 14.45625 -10.9125
4.4437504 14.45625 -10.9125
4.3125 11.887501 -13.25625
4.3125 11.887501 -13.25625
4.3125 11.887501 -13.25625
4.3125 11.887501 -13.25625
4.14375 9.65625 -13.856251
4.14375 9.65625 -13.856251
4.14375 9.65625 -13.856251
3.6562502 9.6 -13.312501
3.6562502 9.6 -13.312501
3.6562502 9.6 -13.312501
3.6562502 9.6 -13.312501
3.6562502 10.9875 -11.512501
3.6562502 10.9875 -11.512501
3.6562502 10.9875 -11.512501
3.9 11.212501 -11.512501
3.9 11.212501 -11.512501
3.9 11.212501 -11.512501
3.9 11.212501 -11.512501
1.9125 12.0 -11.043751
1.9125 12.0 -11.043751
1.9125 12.0 -11.043751
1.3875 11.8125 -7.74375
1.3875 11.8125 -7.74375
1.3875 11.8125 -7.74375
1.3875 11.8125 -7.74375
3.24375 11.1 -2.7
3.24375 11.1 -2.7
3.24375 11.1 -2.7
4.6875 11.400001 0.95625
4.6875 11.400001 0.95625
4.6875 11.400001 0.95625
4.6875 11.400001 0.95625
7.6875005 12.656251 3.05625
7.6875005 12.656251 3.05625
7.6875005 12.656251 3.05625
7.6875005 12.656251 3.05625
13.14375 15.243751 3.9
13.14375 15.243751 3.9
13.14375 15.243751 3.9
17.8125 16.9125 -0.7875
17.8125 16.9125 -0.7875
17.8125 16.9125 -0.7875
17.8125 16.9125 -0.7875
18.056252 17.2875 -9.84375
18.056252 17.2875 -9.84375
18.056252 17.2875 -9.84375
12.0 14.887501 -17.34375
12.0 14.887501 -17.34375
12.0 14.887501 -17.34375
12.0 14.887501 -17.34375
2.5125 13.687501 -21.056252
2.5125 13.687501 -21.056252
2.5125 13.687501 -21.056252
2.5125 13.687501 -21.056252
-7.3125005 13.9875 -19.25625
-7.3125005 13.9875 -19.25625
-7.3125005 13.9875 -19.25625
-7.3125005 13.9875 -19.25625
-10.5 15.712501 -14.1
-10.5 15.712501 -14.1
-10.5 15.712501 -14.1
-10.8 17.400002 -13.14375
-10.8 17.400002 -13.14375
-10.8 17.400002 -13.14375
-10.8 17.400002 -13.14375
-15.356251 15.843751 -14.156251
-15.356251 15.843751 -14.156251
-15.356251 15.843751 -14.156251
-15.356251 15.843751 -14.156251
-19.743752 13.9125 -7.3875003
-19.743752 13.9125 -7.3875003
-19.743752 13.9125 -7.3875003
-14.1 14.2875 2.15625
-14.1 14.2875 2.15625
-14.1 14.2875 2.15625
-14.1 14.2875 2.15625
-4.9125004 16.5 1.9875001
-4.9125004 16.5 1.9875001
-4.9125004 16.5 1.9875001
-4.9125004 16.5 1.9875001
3.1125002 16.800001 -1.85625
3.1125002 16.800001 -1.85625
3.1125002 16.800001 -1.85625
7.2000003 15.712501 -10.556251
7.2000003 15.712501 -10.556251
7.2000003 15.712501 -10.556251
7.2000003 15.712501 -10.556251
2.34375 14.1 -19.743752
2.34375 14.1 -19.743752
2.34375 14.1 -19.743752
2.34375 14.1 -19.743752
-2.5125 12.056251 -22.800001
-2.5125 12.056251 -22.800001
-2.5125 12.056251 -22.800001
-2.5125 12.056251 -22.800001
-2.5125 11.043751 -23.5125
-2.5125 11.043751 -23.5125
-2.5125 11.043751 -23.5125
1.0875001 12.056251 -30.956251
1.0875001 12.056251 -30.956251
1.0875001 12.056251 -30.956251
1.0875001 12.056251 -30.956251
-3.6000001 12.4125 -40.6875
-3.6000001 12.4125 -40.6875
-3.6000001 12.4125 -40.6875
-3.6000001 12.4125 -40.6875
-11.212501 13.9875 -37.0125
-11.212501 13.9875 -37.0125
-11.212501 13.9875 -37.0125
-11.212501 13.9875 -37.0125
-17.400002 15.843751 -29.94375
-17.400002 15.843751 -29.94375
-17.400002 15.843751 -29.94375
-17.400002 15.843751 -29.94375
-20.7 18.900002 -23.04375
-20.7 18.900002 -23.04375
-20.7 18.900002 -23.04375
-21.956251 21.243752 -17.587502
-21.956251 21.243752 -17.587502
-21.956251 21.243752 -17.587502
-21.956251 21.243752 -17.587502
-25.312502 21.0 -8.887501
-25.312502 21.0 -8.887501
-25.312502 21.0 -8.887501
-24.7875 21.900002 1.25625
-24.7875 21.900002 1.25625
-24.7875 21.900002 1.25625
-24.7875 21.900002 1.25625
-19.44375 22.5 9.1125
-19.44375 22.5 9.1125
-19.44375 22.5 9.1125
-19.44375 22.5 9.1125
-14.212501 25.44375 13.387501
-14.212501 25.44375 13.387501
-14.212501 25.44375 13.387501
-14.212501 25.44375 13.387501
-5.8875003 24.656252 12.712501
-5.8875003 24.656252 12.712501
-5.8875003 24.656252 12.712501
0.1125 23.1 6.05625
0.1125 23.1 6.05625
0.1125 23.1 6.05625
0.1125 23.1 6.05625
0.41250002 22.0125 1.44375
0.41250002 22.0125 1.44375
0.41250002 22.0125 1.44375
0.41250002 22.0125 1.44375
-0.05625 21.300001 1.7437501
-0.05625 21.300001 1.7437501
-0.05625 21.300001 1.7437501
-0.05625 21.300001 1.7437501
-0.24375 22.3125 1.1437501
-0.24375 22.3125 1.1437501
-0.24375 22.3125 1.1437501
-3.1125002 21.84375 -0.95625
-3.1125002 21.84375 -0.95625
-3.1125002 21.84375 -0.95625
-7.4437504 20.400002 1.7437501
-7.4437504 20.400002 1.7437501
-7.4437504 20.400002 1.7437501
-6.1875005 18.65625 4.6125
-6.1875005 18.65625 4.6125
-6.1875005 18.65625 4.6125
-6.1875005 18.65625 4.6125
-6.6000004 19.44375 4.0875
-6.6000004 19.44375 4.0875
-6.6000004 19.44375 4.0875
-5.34375 20.94375 5.9437504
-5.34375 20.94375 5.9437504
-5.34375 20.94375 5.9437504
-5.34375 20.94375 5.9437504
-0.35625002 20.1 4.2000003
-0.35625002 20.1 4.2000003
-0.35625002 20.1 4.2000003
-0.35625002 20.1 4.2000003
2.2125 19.85625 -1.44375
2.2125 19.85625 -1.44375
2.2125 19.85625 -1.44375
1.7437501 19.5 -6.24375
1.7437501 19.5 -6.24375
1.7437501 19.5 -6.24375
1.7437501 19.5 -6.24375
1.9125 19.743752 -7.0875
1.9125 19.743752 -7.0875
1.9125 19.743752 -7.0875
1.9125 19.743752 -7.0875
2.1000001 20.7 -7.3875003
2.1000001 20.7 -7.3875003
2.1000001 20.7 -7.3875003
2.1000001 20.7 -7.3875003
1.3875 21.35625 -7.14375
1.3875 21.35625 -7.14375
1.3875 21.35625 -7.14375
1.3875 21.35625 -7.14375
1.25625 20.8875 -4.8562503
1.25625 20.8875 -4.8562503
1.25625 20.8875 -4.8562503
1.9125 20.587502 -2.2875001
1.9125 20.587502 -2.2875001
1.9125 20.587502 -2.2875001
1.9125 20.587502 -2.2875001
3.0 21.243752 -1.3125
3.0 21.243752 -1.3125
3.0 21.243752 -1.3125
3.4125001 21.6 -1.3875
3.4125001 21.6 -1.3875
3.4125001 21.6 -1.3875
3.1875002 22.0125 0.24375
3.1875002 22.0125 0.24375
3.1875002 22.0125 0.24375
3.1875002 22.0125 0.24375
3.7875001 21.300001 1.9125
3.7875001 21.300001 1.9125
3.7875001 21.300001 1.9125
3.7875001 21.300001 1.9125
4.4437504 20.1 2.5125
4.4437504 20.1 2.5125
4.4437504 20.1 2.5125
4.4437504 20.1 2.5125
5.4 18.056252 2.8125
5.4 18.056252 2.8125
5.4 18.056252 2.8125
6.3562503 17.34375 0.90000004
6.3562503 17.34375 0.90000004
6.3562503 17.34375 0.90000004
6.3562503 17.34375 0.90000004
6.6000004 17.2875 -0.05625
6.6000004 17.2875 -0.05625
6.6000004 17.2875 -0.05625
6.6000004 17.2875 -0.05625
6.9 17.94375 0.54375005
6.9 17.94375 0.54375005
6.9 17.94375 0.54375005
6.4875 17.212502 0.6
6.4875 17.212502 0.6
6.4875 17.212502 0.6
6.4875 17.212502 0.6
6.3 15.900001 0.4875
6.3 15.900001 0.4875
6.3 15.900001 0.4875
5.5125003 15.712501 -0.24375
5.5125003 15.712501 -0.24375
5.5125003 15.712501 -0.24375
5.5125003 15.712501 -0.24375
6.9 16.44375 -0.84375006
6.9 16.44375 -0.84375006
6.9 16.44375 -0.84375006
6.9 16.44375 -0.84375006
7.2562504 17.5125 -3.3000002
7.2562504 17.5125 -3.3000002
7.2562504 17.5125 -3.3000002
6.7125 16.800001 -5.7000003
6.7125 16.800001 -5.7000003
6.7125 16.800001 -5.7000003
6.7125 16.800001 -5.7000003
3.7125 15.243751 -9.900001
3.7125 15.243751 -9.900001
3.7125 15.243751 -9.900001
3.7125 15.243751 -9.900001
-1.9875001 11.8125 -11.700001
-1.9875001 11.8125 -11.700001
-1.9875001 11.8125 -11.700001
-4.2562504 10.3125 -10.5
-4.2562504 10.3125 -10.5
-4.2562504 10.3125 -10.5
-4.2562504 10.3125 -10.5
-4.2562504 10.856251 -10.3125
-4.2562504 10.856251 -10.3125
-4.2562504 10.856251 -10.3125
-4.2562504 10.856251 -10.3125
-4.6125 11.400001 -11.043751
-4.6125 11.400001 -11.043751
-4.6125 11.400001 -11.043751
-6.8437505 11.512501 -10.6875
-6.8437505 11.512501 -10.6875
-6.8437505 11.512501 -10.6875
-7.8562503 11.45625 -8.1
-7.8562503 11.45625 -8.1
-7.8562503 11.45625 -8.1
-7.8562503 11.45625 -8.1
-7.6875005 12.356251 -5.45625
-7.6875005 12.356251 -5.45625
-7.6875005 12.356251 -5.45625
-7.6875005 12.356251 -5.45625
-4.8 13.6125 -1.0875001
-4.8 13.6125 -1.0875001
-4.8 13.6125 -1.0875001
-4.8 13.6125 -1.0875001
1.2 15.900001 0.1875
1.2 15.900001 0.1875
1.2 15.900001 0.1875
1.2 15.900001 0.1875
5.64375 16.612501 -1.7437501
5.64375 16.612501 -1.7437501
5.64375 16.612501 -1.7437501
5.64375 16.612501 -1.7437501
7.4437504 17.212502 -4.9125004
7.4437504 17.212502 -4.9125004
7.4437504 17.212502 -4.9125004
6.9 16.6875 -7.8
6.9 16.6875 -7.8
6.9 16.6875 -7.8
2.4 16.0125 -11.043751
2.4 16.0125 -11.043751
2.4 16.0125 -11.043751
2.4 16.0125 -11.043751
-2.8875 14.887501 -9.0
-2.8875 14.887501 -9.0
-2.8875 14.887501 -9.0
-3.6000001 13.9875 -6.24375
-3.6000001 13.9875 -6.24375
-3.6000001 13.9875 -6.24375
-3.1125002 13.200001 -4.5
-3.1125002 13.200001 -4.5
-3.1125002 13.200001 -4.5
-1.25625 13.25625 -0.35625002
-1.25625 13.25625 -0.35625002
-1.25625 13.25625 -0.35625002
-1.25625 13.25625 -0.35625002
3.05625 13.743751 2.1000001
3.05625 13.743751 2.1000001
3.05625 13.743751 2.1000001
3.05625 13.743751 2.1000001
7.74375 13.556251 0.54375005
7.74375 13.556251 0.54375005
7.74375 13.556251 0.54375005
7.74375 13.556251 0.54375005
11.8125 13.8 -4.0875
11.8125 13.8 -4.0875
11.8125 13.8 -4.0875
13.44375 13.087501 -10.8
13.44375 13.087501 -10.8
13.44375 13.087501 -10.8
13.44375 13.087501 -10.8
10.14375 11.75625 -19.087502
10.14375 11.75625 -19.087502
10.14375 11.75625 -19.087502
0.35625002 10.25625 -23.34375
0.35625002 10.25625 -23.34375
0.35625002 10.25625 -23.34375
0.35625002 10.25625 -23.34375
-10.25625 8.64375 -23.2875
-10.25625 8.64375 -23.2875
-10.25625 8.64375 -23.2875
-10.25625 8.64375 -23.2875
-20.456251 6.95625 -20.7
-20.456251 6.95625 -20.7
-20.456251 6.95625 -20.7
-20.456251 6.95625 -20.7
-29.7 5.9437504 -14.812501
-29.7 5.9437504 -14.812501
-29.7 5.9437504 -14.812501
-29.7 5.9437504 -14.812501
-35.5125 4.9875 -6.3
-35.5125 4.9875 -6.3
-35.5125 4.9875 -6.3
-36.787502 4.0875 4.0875
-36.787502 4.0875 4.0875
-36.787502 4.0875 4.0875
-36.787502 4.0875 4.0875
-31.0125 3.6000001 13.687501
-31.0125 3.6000001 13.687501
-31.0125 3.6000001 13.687501
-31.0125 3.6000001 13.687501
-21.1875 4.9125004 18.1875
-21.1875 4.9125004 18.1875
-21.1875 4.9125004 18.1875
-21.1875 4.9125004 18.1875
-9.95625 5.8125 19.800001
-9.95625 5.8125 19.800001
-9.95625 5.8125 19.800001
0.65625 6.7875004 17.587502
0.65625 6.7875004 17.587502
0.65625 6.7875004 17.587502
0.65625 6.7875004 17.587502
7.74375 8.75625 10.44375
7.74375 8.75625 10.44375
7.74375 8.75625 10.44375
7.74375 8.75625 10.44375
11.64375 10.387501 2.8125
11.64375 10.387501 2.8125
11.64375 10.387501 2.8125
12.056251 11.8125 -2.7562501
12.056251 11.8125 -2.7562501
12.056251 11.8125 -2.7562501
12.056251 11.8125 -2.7562501
9.7875 12.656251 -7.55625
9.7875 12.656251 -7.55625
9.7875 12.656251 -7.55625
9.7875 12.656251 -7.55625
2.1000001 13.387501 -11.212501
2.1000001 13.387501 -11.212501
2.1000001 13.387501 -11.212501
-8.400001 12.4125 -10.012501
-8.400001 12.4125 -10.012501
-8.400001 12.4125 -10.012501
-8.400001 12.4125 -10.012501
-18.65625 11.2875 -7.3125005
-18.65625 11.2875 -7.3125005
-18.65625 11.2875 -7.3125005
-18.65625 11.2875 -7.3125005
-28.143751 10.012501 -2.7562501
-28.143751 10.012501 -2.7562501
-28.143751 10.012501 -2.7562501
-28.143751 10.012501 -2.7562501
-31.687502 7.14375 7.2562504
-31.687502 7.14375 7.2562504
-31.687502 7.14375 7.2562504
-31.687502 7.14375 7.2562504
-27.487501 4.6875 16.612501
-27.487501 4.6875 16.612501
-27.487501 4.6875 16.612501
-18.0 4.2562504 20.587502
-18.0 4.2562504 20.587502
-18.0 4.2562504 20.587502
-18.0 4.2562504 20.587502
-7.5000005 4.3875003 21.6
-7.5000005 4.3875003 21.6
-7.5000005 4.3875003 21.6
-7.5000005 4.3875003 21.6
2.7 5.7562504 17.8125
2.7 5.7562504 17.8125
2.7 5.7562504 17.8125
2.7 5.7562504 17.8125
9.7875 7.4437504 10.44375
9.7875 7.4437504 10.44375
9.7875 7.4437504 10.44375
12.843751 9.712501 2.5125
12.843751 9.712501 2.5125
12.843751 9.712501 2.5125
12.843751 9.712501 2.5125
12.843751 10.9125 -4.3875003
12.843751 10.9125 -4.3875003
12.843751 10.9125 -4.3875003
12.843751 10.9125 -4.3875003
8.94375 12.7875 -9.84375
8.94375 12.7875 -9.84375
8.94375 12.7875 -9.84375
8.94375 12.7875 -9.84375
0.41250002 14.343751 -14.400001
0.41250002 14.343751 -14.400001
0.41250002 14.343751 -14.400001
-9.84375 13.743751 -13.312501
-9.84375 13.743751 -13.312501
-9.84375 13.743751 -13.312501
-9.84375 13.743751 -13.312501
-18.4125 13.44375 -9.84375
-18.4125 13.44375 -9.84375
-18.4125 13.44375 -9.84375
-21.35625 12.900001 -2.15625
-21.35625 12.900001 -2.15625
-21.35625 12.900001 -2.15625
-21.35625 12.900001 -2.15625
-21.35625 12.900001 -2.15625
-18.487501 12.95625 4.5
-18.487501 12.95625 4.5
-18.487501 12.95625 4.5
-11.587501 12.900001 9.84375
-11.587501 12.900001 9.84375
-11.587501 12.900001 9.84375
-11.587501 12.900001 9.84375
-2.2875001 14.212501 12.843751
-2.2875001 14.212501 12.843751
-2.2875001 14.212501 12.843751
6.95625 15.712501 9.7875
6.95625 15.712501 9.7875
6.95625 15.712501 9.7875
13.856251 15.000001 4.3125
13.856251 15.000001 4.3125
13.856251 15.000001 4.3125
13.856251 15.000001 4.3125
15.543751 14.812501 -3.05625
15.543751 14.812501 -3.05625
15.543751 14.812501 -3.05625
15.543751 14.812501 -3.05625
13.44375 14.45625 -10.200001
13.44375 14.45625 -10.200001
13.44375 14.45625 -10.200001
13.44375 14.45625 -10.200001
5.7000003 13.6125 -15.3
5.7000003 13.6125 -15.3
5.7000003 13.6125 -15.3
-3.9562502 12.4875 -14.45625
-3.9562502 12.4875 -14.45625
-3.9562502 12.4875 -14.45625
-3.9562502 12.4875 -14.45625
-9.95625 12.0 -9.65625
-9.95625 12.0 -9.65625
-9.95625 12.0 -9.65625
-9.95625 12.0 -9.65625
-11.400001 10.44375 -4.6875
-11.400001 10.44375 -4.6875
-11.400001 10.44375 -4.6875
-11.400001 10.44375 -4.6875
-9.95625 10.012501 -1.0125
-9.95625 10.012501 -1.0125
-9.95625 10.012501 -1.0125
-5.8875003 10.6875 4.55625
-5.8875003 10.6875 4.55625
-5.8875003 10.6875 4.55625
-5.8875003 10.6875 4.55625
2.7 11.700001 7.74375
2.7 11.700001 7.74375
2.7 11.700001 7.74375
2.7 11.700001 7.74375
11.45625 13.087501 5.8125
11.45625 13.087501 5.8125
11.45625 13.087501 5.8125
11.45625 13.087501 5.8125
17.1 14.45625 0.3
17.1 14.45625 0.3
17.1 14.45625 0.3
17.1 14.45625 0.3
17.94375 14.212501 -6.4875
17.94375 14.212501 -6.4875
17.94375 14.212501 -6.4875
13.25625 12.95625 -13.312501
13.25625 12.95625 -13.312501
13.25625 12.95625 -13.312501
4.14375 11.94375 -16.6875
4.14375 11.94375 -16.6875
4.14375 11.94375 -16.6875
4.14375 11.94375 -16.6875
-3.9 10.087501 -12.4125
-3.9 10.087501 -12.4125
-3.9 10.087501 -12.4125
-3.9 10.087501 -12.4125
-7.3125005 8.94375 -7.4437504
-7.3125005 8.94375 -7.4437504
-7.3125005 8.94375 -7.4437504
-7.3125005 8.94375 -7.4437504
-7.14375 8.212501 -4.3125
-7.14375 8.212501 -4.3125
-7.14375 8.212501 -4.3125
-7.14375 8.212501 -4.3125
-4.74375 7.8562503 0.54375005
-4.74375 7.8562503 0.54375005
-4.74375 7.8562503 0.54375005
0.90000004 7.74375 6.5437503
0.90000004 7.74375 6.5437503
0.90000004 7.74375 6.5437503
0.90000004 7.74375 6.5437503
0.90000004 7.74375 6.5437503
10.44375 8.700001 10.200001
10.44375 8.700001 10.200001
10.44375 8.700001 10.200001
10.44375 8.700001 10.200001
18.712502 10.012501 7.2562504
18.712502 10.012501 7.2562504
18.712502 10.012501 7.2562504
24.112501 11.34375 0.3
24.112501 11.34375 0.3
24.112501 11.34375 0.3
24.112501 11.34375 0.3
23.8125 11.512501 -9.6
23.8125 11.512501 -9.6
23.8125 11.512501 -9.6
15.7875 11.043751 -15.7875
15.7875 11.043751 -15.7875
15.7875 11.043751 -15.7875
4.8 9.4875 -15.543751
4.8 9.4875 -15.543751
4.8 9.4875 -15.543751
4.8 9.4875 -15.543751
-4.8562503 8.400001 -11.75625
-4.8562503 8.400001 -11.75625
-4.8562503 8.400001 -11.75625
-4.8562503 8.400001 -11.75625
-9.84375 7.2562504 -6.8437505
-9.84375 7.2562504 -6.8437505
-9.84375 7.2562504 -6.8437505
-9.84375 7.2562504 -6.8437505
-11.043751 6.7875004 -2.8125
-11.043751 6.7875004 -2.8125
-11.043751 6.7875004 -2.8125
-8.45625 6.4125004 2.04375
-8.45625 6.4125004 2.04375
-8.45625 6.4125004 2.04375
-8.45625 6.4125004 2.04375
-2.9437501 6.95625 6.7875004
-2.9437501 6.95625 6.7875004
-2.9437501 6.95625 6.7875004
-2.9437501 6.95625 6.7875004
5.2125 8.043751 9.4875
5.2125 8.043751 9.4875
5.2125 8.043751 9.4875
5.2125 8.043751 9.4875
13.44375 9.243751 5.34375
13.44375 9.243751 5.34375
13.44375 9.243751 5.34375
13.44375 9.243751 5.34375
16.25625 9.712501 -1.8000001
16.25625 9.712501 -1.8000001
16.25625 9.712501 -1.8000001
14.400001 9.712501 -7.6875005
14.400001 9.712501 -7.6875005
14.400001 9.712501 -7.6875005
14.400001 9.712501 -7.6875005
14.400001 9.712501 -7.6875005
8.34375 10.3125 -14.212501
8.34375 10.3125 -14.212501
8.34375 10.3125 -14.212501
-1.6125001 10.087501 -17.75625
-1.6125001 10.087501 -17.75625
-1.6125001 10.087501 -17.75625
-1.6125001 10.087501 -17.75625
-12.356251 9.4125 -15.95625
-12.356251 9.4125 -15.95625
-12.356251 9.4125 -15.95625
-19.2 8.887501 -9.4875
-19.2 8.887501 -9.4875
-19.2 8.887501 -9.4875
-19.2 8.887501 -9.4875
-20.1 9.4125 -3.9562502
-20.1 9.4125 -3.9562502
-20.1 9.4125 -3.9562502
-20.1 9.4125 -3.9562502
-16.987501 10.25625 1.8000001
-16.987501 10.25625 1.8000001
-16.987501 10.25625 1.8000001
-9.1125 12.900001 6.3
-9.1125 12.900001 6.3
-9.1125 12.900001 6.3
-9.1125 12.900001 6.3
0.71250004 14.812501 4.6125
0.71250004 14.812501 4.6125
0.71250004 14.812501 4.6125
0.71250004 14.812501 4.6125
6.4125004 13.9875 -0.3
6.4125004 13.9875 -0.3
6.4125004 13.9875 -0.3
9.1875 12.95625 -5.8875003
9.1875 12.95625 -5.8875003
9.1875 12.95625 -5.8875003
9.1875 12.95625 -5.8875003
9.84375 11.887501 -11.94375
9.84375 11.887501 -11.94375
9.84375 11.887501 -11.94375
5.8875003 10.14375 -19.3125
5.8875003 10.14375 -19.3125
5.8875003 10.14375 -19.3125
5.8875003 10.14375 -19.3125
-3.7875001 8.1 -21.956251
-3.7875001 8.1 -21.956251
-3.7875001 8.1 -21.956251
-3.7875001 8.1 -21.956251
-11.587501 7.14375 -17.5125
-11.587501 7.14375 -17.5125
-11.587501 7.14375 -17.5125
-13.9875 5.2875004 -11.700001
-13.9875 5.2875004 -11.700001
-13.9875 5.2875004 -11.700001
-13.9875 5.2875004 -11.700001
-13.9875 5.2875004 -11.700001
-12.7875 4.5 -7.55625
-12.7875 4.5 -7.55625
-12.7875 4.5 -7.55625
-7.8 5.9437504 -2.6437502
-7.8 5.9437504 -2.6437502
-7.8 5.9437504 -2.6437502
-7.8 5.9437504 -2.6437502
-0.7875 7.6875005 -0.24375
-0.7875 7.6875005 -0.24375
-0.7875 7.6875005 -0.24375
-0.7875 7.6875005 -0.24375
4.3125 9.1875 -2.04375
4.3125 9.1875 -2.04375
4.3125 9.1875 -2.04375
4.3125 9.1875 -2.04375
5.64375 9.900001 -4.0125003
5.64375 9.900001 -4.0125003
5.64375 9.900001 -4.0125003
5.64375 9.900001 -4.0125003
5.8875003 10.5 -6.24375
5.8875003 10.5 -6.24375
5.8875003 10.5 -6.24375
2.7 11.1 -11.45625
2.7 11.1 -11.45625
2.7 11.1 -11.45625
2.7 11.1 -11.45625
-5.2875004 11.887501 -15.056251
-5.2875004 11.887501 -15.056251
-5.2875004 11.887501 -15.056251
-5.2875004 11.887501 -15.056251
-13.44375 11.94375 -11.1
-13.44375 11.94375 -11.1
-13.44375 11.94375 -11.1
-15.4125 11.64375 -5.7562504
-15.4125 11.64375 -5.7562504
-15.4125 11.64375 -5.7562504
-15.4125 11.64375 -5.7562504
-14.812501 12.543751 -3.0
-14.812501 12.543751 -3.0
-14.812501 12.543751 -3.0
-14.812501 12.543751 -3.0
-10.6125 14.212501 1.3125
-10.6125 14.212501 1.3125
-10.6125 14.212501 1.3125
-10.6125 14.212501 1.3125
-4.8562503 16.3875 0.41250002
-4.8562503 16.3875 0.41250002
-4.8562503 16.3875 0.41250002
-1.9125 16.987501 -3.1875002
-1.9125 16.987501 -3.1875002
-1.9125 16.987501 -3.1875002
-1.9125 16.987501 -3.1875002
-0.7875 16.3125 -6.9
-0.7875 16.3125 -6.9
-0.7875 16.3125 -6.9
-0.7875 16.3125 -6.9
-0.90000004 15.712501 -9.243751
-0.90000004 15.712501 -9.243751
-0.90000004 15.712501 -9.243751
-3.05625 14.700001 -12.0
-3.05625 14.700001 -12.0
-3.05625 14.700001 -12.0
-3.05625 14.700001 -12.0
-7.8 13.9875 -11.1
-7.8 13.9875 -11.1
-7.8 13.9875 -11.1
-7.8 13.9875 -11.1
-8.8125 13.312501 -6.9
-8.8125 13.312501 -6.9
-8.8125 13.312501 -6.9
-8.8125 13.312501 -6.9
-8.45625 13.087501 -5.1000004
-8.45625 13.087501 -5.1000004
-8.45625 13.087501 -5.1000004
-5.45625 12.95625 -2.2125
-5.45625 12.95625 -2.2125
-5.45625 12.95625 -2.2125
-5.45625 12.95625 -2.2125
-2.34375 14.043751 -2.15625
-2.34375 14.043751 -2.15625
-2.34375 14.043751 -2.15625
-2.34375 14.043751 -2.15625
-2.1000001 14.587501 -2.04375
-2.1000001 14.587501 -2.04375
-2.1000001 14.587501 -2.04375
-2.1000001 14.587501 -2.04375
-2.2125 13.687501 -0.65625
-2.2125 13.687501 -0.65625
-2.2125 13.687501 -0.65625
-1.1437501 13.387501 1.3875
-1.1437501 13.387501 1.3875
-1.1437501 13.387501 1.3875
-1.1437501 13.387501 1.3875
2.4 13.8 1.3875
2.4 13.8 1.3875
2.4 13.8 1.3875
2.4 13.8 1.3875
3.9562502 13.556251 -0.90000004
3.9562502 13.556251 -0.90000004
3.9562502 13.556251 -0.90000004
4.3125 12.356251 -1.44375
4.3125 12.356251 -1.44375
4.3125 12.356251 -1.44375
4.74375 12.056251 -1.0875001
4.74375 12.056251 -1.0875001
4.74375 12.056251 -1.0875001
4.74375 12.056251 -1.0875001
6.6000004 11.2875 -0.4875
6.6000004 11.2875 -0.4875
6.6000004 11.2875 -0.4875
11.45625 11.700001 -1.9125
11.45625 11.700001 -1.9125
11.45625 11.700001 -1.9125
16.0125 13.200001 -7.6125
16.0125 13.200001 -7.6125
16.0125 13.200001 -7.6125
16.0125 13.200001 -7.6125
16.800001 14.45625 -15.900001
16.800001 14.45625 -15.900001
16.800001 14.45625 -15.900001
10.8 14.75625 -24.843752
10.8 14.75625 -24.843752
10.8 14.75625 -24.843752
10.8 14.75625 -24.843752
0.71250004 14.212501 -29.1
0.71250004 14.212501 -29.1
0.71250004 14.212501 -29.1
0.71250004 14.212501 -29.1
-9.543751 13.9125 -31.612501
-9.543751 13.9125 -31.612501
-9.543751 13.9125 -31.612501
-19.743752 12.6 -32.456253
-19.743752 12.6 -32.456253
-19.743752 12.6 -32.456253
-19.743752 12.6 -32.456253
-27.187502 11.64375 -30.112501
-27.187502 11.64375 -30.112501
-27.187502 11.64375 -30.112501
-27.187502 11.64375 -30.112501
-33.0 10.387501 -27.6
-33.0 10.387501 -27.6
-33.0 10.387501 -27.6
-33.0 10.387501 -27.6
-37.256252 9.543751 -24.487501
-37.256252 9.543751 -24.487501
-37.256252 9.543751 -24.487501
-37.256252 9.543751 -24.487501
-39.54375 8.34375 -21.956251
-39.54375 8.34375 -21.956251
-39.54375 8.34375 -21.956251
-40.912502 7.2562504 -18.487501
-40.912502 7.2562504 -18.487501
-40.912502 7.2562504 -18.487501
-40.912502 7.2562504 -18.487501
-40.912502 6.1875005 -13.012501
-40.912502 6.1875005 -13.012501
-40.912502 6.1875005 -13.012501
-40.0125 5.4 -6.6562505
-40.0125 5.4 -6.6562505
-40.0125 5.4 -6.6562505
-40.0125 5.4 -6.6562505
-38.8125 4.8562503 -0.24375
-38.8125 4.8562503 -0.24375
-38.8125 4.8562503 -0.24375
-36.112503 3.54375 7.3125005
-36.112503 3.54375 7.3125005
-36.112503 3.54375 7.3125005
-36.112503 3.54375 7.3125005
-27.54375 3.1125002 14.587501
-27.54375 3.1125002 14.587501
-27.54375 3.1125002 14.587501
-27.54375 3.1125002 14.587501
-17.15625 4.6875 18.112501
-17.15625 4.6875 18.112501
-17.15625 4.6875 18.112501
-17.15625 4.6875 18.112501
-6.4875 6.0 18.6
-6.4875 6.0 18.6
-6.4875 6.0 18.6
-6.4875 6.0 18.6
1.7437501 7.9875 15.1125
1.7437501 7.9875 15.1125
1.7437501 7.9875 15.1125
1.7437501 7.9875 15.1125
5.34375 10.6125 7.74375
5.34375 10.6125 7.74375
5.34375 10.6125 7.74375
4.0875 11.75625 2.8125
4.0875 11.75625 2.8125
4.0875 11.75625 2.8125
3.8437502 11.75625 2.7562501
3.8437502 11.75625 2.7562501
3.8437502 11.75625 2.7562501
3.8437502 11.75625 2.7562501
3.6562502 11.94375 2.5125
3.6562502 11.94375 2.5125
3.6562502 11.94375 2.5125
1.6875001 11.15625 3.24375
1.6875001 11.15625 3.24375
1.6875001 11.15625 3.24375
1.6875001 11.15625 3.24375
1.9875001 9.7875 3.7875001
1.9875001 9.7875 3.7875001
1.9875001 9.7875 3.7875001
1.9875001 9.7875 3.7875001
1.44375 10.6125 3.4125001
1.44375 10.6125 3.4125001
1.44375 10.6125 3.4125001
1.44375 10.6125 3.4125001
0.71250004 11.1 2.6437502
0.71250004 11.1 2.6437502
0.71250004 11.1 2.6437502
-0.84375006 10.44375 2.6437502
-0.84375006 10.44375 2.6437502
-0.84375006 10.44375 2.6437502
-0.84375006 10.44375 2.6437502
-1.0875001 9.4125 3.6562502
-1.0875001 9.4125 3.6562502
-1.0875001 9.4125 3.6562502
-1.1437501 10.6125 3.1125002
-1.1437501 10.6125 3.1125002
-1.1437501 10.6125 3.1125002
-1.1437501 10.6125 3.1125002
3.24375 12.187501 3.1875002
3.24375 12.187501 3.1875002
3.24375 12.187501 3.1875002
3.24375 12.187501 3.1875002
6.7125 14.64375 -1.25625
6.7125 14.64375 -1.25625
6.7125 14.64375 -1.25625
6.7125 14.64375 -1.25625
5.8875003 16.0125 -5.5125003
5.8875003 16.0125 -5.5125003
5.8875003 16.0125 -5.5125003
5.8875003 16.0125 -5.5125003
1.7437501 14.212501 -9.6
1.7437501 14.212501 -9.6
1.7437501 14.212501 -9.6
-4.8562503 10.8 -8.8125
-4.8562503 10.8 -8.8125
-4.8562503 10.8 -8.8125
-4.8562503 10.8 -8.8125
-7.3125005 9.1875 -6.3562503
-7.3125005 9.1875 -6.3562503
-7.3125005 9.1875 -6.3562503
-7.3125005 9.1875 -6.3562503
-7.0125003 9.543751 -4.3125
-7.0125003 9.543751 -4.3125
-7.0125003 9.543751 -4.3125
-7.0125003 9.543751 -4.3125
-2.7 9.84375 -2.15625
-2.7 9.84375 -2.15625
-2.7 9.84375 -2.15625
0.1875 10.856251 -5.7000003
0.1875 10.856251 -5.7000003
0.1875 10.856251 -5.7000003
0.1875 10.856251 -5.7000003
-0.3 11.34375 -8.2875
-0.3 11.34375 -8.2875
-0.3 11.34375 -8.2875
-0.3 11.34375 -8.2875
-3.6000001 10.856251 -10.9875
-3.6000001 10.856251 -10.9875
-3.6000001 10.856251 -10.9875
-8.15625 10.14375 -9.7875
-8.15625 10.14375 -9.7875
-8.15625 10.14375 -9.7875
-9.3 9.900001 -5.2875004
-9.3 9.900001 -5.2875004
-9.3 9.900001 -5.2875004
-9.3 9.900001 -5.2875004
-9.543751 9.3 -1.3125
-9.543751 9.3 -1.3125
-9.543751 9.3 -1.3125
-8.1 8.587501 1.2
-8.1 8.587501 1.2
-8.1 8.587501 1.2
-8.1 8.587501 1.2
-6.3562503 7.2562504 1.0875001
-6.3562503 7.2562504 1.0875001
-6.3562503 7.2562504 1.0875001
-6.3562503 7.2562504 1.0875001
-5.9437504 6.9 0.84375006
-5.9437504 6.9 0.84375006
-5.9437504 6.9 0.84375006
-5.9437504 6.9 0.84375006
-5.5875 6.6562505 1.9875001
-5.5875 6.6562505 1.9875001
-5.5875 6.6562505 1.9875001
-5.5875 6.6562505 1.9875001
-2.4562502 6.8437505 4.6875
-2.4562502 6.8437505 4.6875
-2.4562502 6.8437505 4.6875
1.9875001 9.543751 4.5
1.9875001 9.543751 4.5
1.9875001 9.543751 4.5
1.9875001 9.543751 4.5
2.8125 11.512501 1.5
2.8125 11.512501 1.5
2.8125 11.512501 1.5
3.3000002 11.700001 1.7437501
3.3000002 11.700001 1.7437501
3.3000002 11.700001 1.7437501
3.3000002 11.700001 1.7437501
7.3875003 12.243751 3.0
7.3875003 12.243751 3.0
7.3875003 12.243751 3.0
7.3875003 12.243751 3.0
10.9875 13.9125 -1.9125
10.9875 13.9125 -1.9125
10.9875 13.9125 -1.9125
10.6875 14.512501 -4.8
10.6875 14.512501 -4.8
10.6875 14.512501 -4.8
6.3562503 13.856251 -9.712501
6.3562503 13.856251 -9.712501
6.3562503 13.856251 -9.712501
6.3562503 13.856251 -9.712501
-2.5125 12.1125 -11.043751
-2.5125 12.1125 -11.043751
-2.5125 12.1125 -11.043751
-8.64375 9.1875 -6.0
-8.64375 9.1875 -6.0
-8.64375 9.1875 -6.0
-8.64375 9.1875 -6.0
-7.3875003 8.700001 0.41250002
-7.3875003 8.700001 0.41250002
-7.3875003 8.700001 0.41250002
-7.3875003 8.700001 0.41250002
1.0875001 9.543751 2.7
1.0875001 9.543751 2.7
1.0875001 9.543751 2.7
1.0875001 9.543751 2.7
5.7562504 11.212501 -3.9
5.7562504 11.212501 -3.9
5.7562504 11.212501 -3.9
3.7875001 10.9875 -8.45625
3.7875001 10.9875 -8.45625
3.7875001 10.9875 -8.45625
3.7875001 10.9875 -8.45625
-4.5 10.3125 -11.2875
-4.5 10.3125 -11.2875
-4.5 10.3125 -11.2875
-10.5 9.712501 -4.3125
-10.5 9.712501 -4.3125
-10.5 9.712501 -4.3125
-10.5 9.712501 -4.3125
-7.6125 11.043751 4.8
-7.6125 11.043751 4.8
-7.6125 11.043751 4.8
-7.6125 11.043751 4.8
1.7437501 12.7875 8.400001
1.7437501 12.7875 8.400001
1.7437501 12.7875 8.400001
1.7437501 12.7875 8.400001
10.6125 14.043751 4.8
10.6125 14.043751 4.8
10.6125 14.043751 4.8
12.1125 14.75625 -1.44375
12.1125 14.75625 -1.44375
12.1125 14.75625 -1.44375
10.200001 13.743751 -5.15625
10.200001 13.743751 -5.15625
10.200001 13.743751 -5.15625
10.200001 13.743751 -5.15625
4.9125004 12.843751 -6.3
4.9125004 12.843751 -6.3
4.9125004 12.843751 -6.3
4.9125004 12.843751 -6.3
3.4875002 12.056251 -5.15625
3.4875002 12.056251 -5.15625
3.4875002 12.056251 -5.15625
4.0125003 12.6 -8.94375
4.0125003 12.6 -8.94375
4.0125003 12.6 -8.94375
4.0125003 12.6 -8.94375
0.35625002 12.356251 -16.087502
0.35625002 12.356251 -16.087502
0.35625002 12.356251 -16.087502
-8.400001 12.187501 -22.143751
-8.400001 12.187501 -22.143751
-8.400001 12.187501 -22.143751
-8.400001 12.187501 -22.143751
-18.712502 11.34375 -24.656252
-18.712502 11.34375 -24.656252
-18.712502 11.34375 -24.656252
-18.712502 11.34375 -24.656252
-28.85625 10.6875 -24.843752
-28.85625 10.6875 -24.843752
-28.85625 10.6875 -24.843752
-28.85625 10.6875 -24.843752
-37.0875 10.387501 -22.3125
-37.0875 10.387501 -22.3125
-37.0875 10.387501 -22.3125
-40.256252 10.5 -19.087502
-40.256252 10.5 -19.087502
-40.256252 10.5 -19.087502
-40.6875 10.556251 -18.1875
-40.6875 10.556251 -18.1875
-40.6875 10.556251 -18.1875
-40.6875 10.556251 -18.1875
-41.287502 10.14375 -17.8875
-41.287502 10.14375 -17.8875
-41.287502 10.14375 -17.8875
-41.456253 9.95625 -18.1875
-41.456253 9.95625 -18.1875
-41.456253 9.95625 -18.1875
-41.456253 9.95625 -18.1875
-41.643753 9.712501 -18.0
-41.643753 9.712501 -18.0
-41.643753 9.712501 -18.0
-41.643753 9.712501 -18.0
-41.5875 9.712501 -17.8125
-41.5875 9.712501 -17.8125
-41.5875 9.712501 -17.8125
-41.756252 9.65625 -17.456251
-41.756252 9.65625 -17.456251
-41.756252 9.65625 -17.456251
-41.756252 9.65625 -17.456251
-41.756252 9.65625 -17.456251
-41.8875 9.4125 -16.9125
-41.8875 9.4125 -16.9125
-41.8875 9.4125 -16.9125
-42.05625 9.6 -16.556252
-42.05625 9.6 -16.556252
-42.05625 9.6 -16.556252
-42.05625 9.6 -16.556252
-42.24375 9.65625 -16.087502
-42.24375 9.65625 -16.087502
-42.24375 9.65625 -16.087502
-42.24375 9.65625 -16.087502
-42.0 9.65625 -15.6
-42.0 9.65625 -15.6
-42.0 9.65625 -15.6
-42.1875 9.056251 -14.700001
-42.1875 9.056251 -14.700001
