0.13836060 0.03495 0.28695002 9.882001
0.20252260 0.03495 0.28695002 9.882001
0.26287020 0.06195 0.33 9.870001
0.32305090 0.06195 0.33 9.870001
0.38257470 0.06195 0.33 9.870001
0.44246200 0.04995 0.32700002 9.873
0.50246970 0.04995 0.32700002 9.873
0.56247390 0.08295 0.33 9.873
0.62227230 0.08295 0.33 9.873
0.68238350 0.08295 0.33 9.885
0.74259250 0.066 0.33900002 9.868051
0.80248380 0.066 0.33900002 9.868051
0.86201340 0.045 0.32505003 9.877951
0.92207060 0.045 0.32505003 9.877951
0.98195910 0.081 0.354 9.880051
1.04194920 0.054 0.34395 9.873
1.10175390 0.054 0.34395 9.873
1.16131380 0.18900001 0.49695003 9.99705
1.22154820 0.18900001 0.49695003 9.99705
1.28193010 0.14295001 0.27705002 9.753
1.34201740 -0.05205 0.279 9.904051
1.45359010 -0.05205 0.279 9.904051
1.51372360 0.14805001 0.44205 9.885
1.57371660 0.14805001 0.44205 9.885
1.63331130 0.078 0.37005 9.870001
1.69306690 0.078 0.37005 9.870001
1.75283880 0.078 0.37005 9.870001
1.81299700 0.10200001 0.363 9.877951
1.87274520 0.10200001 0.363 9.877951
1.93273140 0.07605001 0.39705002 9.885
1.99376030 0.07605001 0.39705002 9.885
2.06363770 0.11700001 0.41595003 9.870001
2.12337450 0.11700001 0.41595003 9.870001
2.18311400 0.093 0.363 9.889951
2.24317860 0.093 0.363 9.889951
2.30324950 0.11205 0.37500003 9.892051
2.36368870 0.08595 0.39900002 9.873
2.42357310 0.08595 0.39900002 9.873
2.48321250 0.07395 0.37005 9.880051
2.54351990 0.057 0.36795002 9.882001
2.60320480 0.057 0.36795002 9.882001
2.66340360 0.11205 0.38700002 9.880051
2.72308380 0.11205 0.38700002 9.880051
2.78360640 0.11205 0.38700002 9.880051
2.84390100 0.10695001 0.38505003 9.868051
2.90366280 0.10695001 0.38505003 9.868051
2.96404860 0.10695001 0.38505003 9.868051
3.02420580 0.09 0.37005 9.882001
3.08514610 0.08295 0.39405003 9.885
3.14509470 0.066 0.39195 9.885
3.20810650 0.066 0.39195 9.885
3.26836250 0.08295 0.37800002 9.868051
3.32841080 0.08295 0.37800002 9.868051
3.38860070 0.08295 0.37800002 9.868051
3.44825540 0.07605001 0.39405003 9.877951
3.50813040 0.07605001 0.39405003 9.877951
3.56783100 0.07395 0.36795002 9.885
3.62773600 0.07395 0.36795002 9.885
3.68782780 0.06900001 0.39195 9.880051
3.74760310 0.06900001 0.39195 9.880051
3.80761250 0.09 0.40395 9.877951
3.86749740 0.054 0.37995002 9.880051
3.92811170 0.054 0.37995002 9.880051
3.98765590 0.08595 0.38205 9.885
4.04760990 0.08595 0.38205 9.885
4.11119780 0.08805001 0.38505003 9.870001
4.17174660 0.054 0.38700002 9.877951
4.23185860 0.054 0.38700002 9.877951
4.29237550 0.07395 0.37995002 9.8869505
4.35325460 0.078 0.39195 9.873
4.41304480 0.078 0.39195 9.873
4.47278020 0.08595 0.36795002 9.868051
4.53328980 0.08595 0.36795002 9.868051
4.59341810 0.07395 0.37305 9.873
4.65365630 0.09 0.37500003 9.880051
4.71384720 0.09 0.37500003 9.880051
4.77363120 0.09795 0.37500003 9.873
4.83361540 0.09795 0.37500003 9.873
4.90055160 0.08805001 0.38205 9.873
4.96196240 0.06900001 0.38700002 9.868051
5.02920000 0.078 0.38205 9.880051
5.08909270 0.078 0.38205 9.880051
5.14895120 0.078 0.38205 9.880051
5.20865570 0.078 0.37500003 9.873
5.26823790 0.078 0.37500003 9.873
5.32788930 0.07395 0.37800002 9.877951
5.38785610 0.08595 0.37995002 9.868051
5.44793240 0.08595 0.37995002 9.868051
5.50814420 0.08805001 0.38505003 9.877951
5.56761130 0.08295 0.37500003 9.870001
5.62783020 0.081 0.37995002 9.87495
5.68754350 0.07395 0.38505003 9.87495
5.74787970 0.07395 0.38505003 9.87495
5.80740510 0.081 0.38205 9.882001
5.86732600 0.081 0.38205 9.882001
5.92748990 0.081 0.38205 9.882001
5.98773060 0.078 0.38505003 9.873
6.07449130 0.078 0.38505003 9.873
6.13677340 0.06900001 0.37995002 9.882001
6.19726370 0.08595 0.39405003 9.877951
6.25727670 0.08595 0.39405003 9.877951
6.31717570 0.078 0.39195 9.870001
6.37690670 0.078 0.39195 9.870001
6.43676100 0.066 0.39195 9.873
6.49742750 0.066 0.39195 9.873
6.55772350 0.08805001 0.36795002 9.865951
6.61792800 0.08805001 0.36795002 9.865951
6.67796920 0.08805001 0.37800002 9.861
6.73810020 0.08805001 0.38505003 9.880051
6.79822620 0.081 0.37995002 9.865951
6.85803220 0.06900001 0.37500003 9.877951
6.91833320 0.06900001 0.37500003 9.877951
6.97811280 0.06900001 0.37500003 9.877951
7.03762440 0.08595 0.38205 9.861
7.09758090 0.08595 0.38205 9.861
7.15762860 0.07395 0.39000002 9.87495
7.21793750 0.078 0.37500003 9.87495
7.27756860 0.08805001 0.39000002 9.8869505
7.34083270 0.08595 0.38700002 9.882001
7.40089300 0.08595 0.38700002 9.882001
7.46115180 0.08805001 0.37800002 9.868051
7.52116390 0.08805001 0.37800002 9.868051
7.58130300 0.08805001 0.37800002 9.868051
7.64203490 0.10200001 0.402 9.885
7.70194040 0.10200001 0.402 9.885
7.76172250 0.10200001 0.402 9.885
7.82133660 0.07605001 0.42600003 9.870001
7.88117030 0.07605001 0.42600003 9.870001
7.94135320 0.07605001 0.43800002 9.870001
8.00158980 0.08805001 0.23895001 9.825001
8.06146870 0.08805001 0.23895001 9.825001
8.12169300 0.201 0.39195 9.880051
8.18176940 0.201 0.39195 9.880051
8.24166610 0.057 0.36600003 9.885
8.30187330 0.10695001 0.37800002 9.865951
8.36197620 0.07605001 0.36105 9.868051
8.42176060 0.07605001 0.36105 9.868051
8.48153230 0.07095 0.37305 9.865951
8.54149270 0.08805001 0.37005 9.865951
8.60198690 0.08805001 0.37005 9.865951
8.84218580 0.10995001 0.37995002 9.868051
8.90224780 0.10995001 0.37995002 9.868051
8.96275250 0.10995001 0.37995002 9.868051
9.02283850 0.10005 0.39405003 9.892051
9.08951150 0.12195001 0.36795002 9.873
9.14931220 0.21000001 0.15495001 10.09095
9.20879570 0.21000001 0.15495001 10.09095
9.26872440 0.26295 0.02295 10.299001
9.32860890 -0.23400001 -1.25205 10.012051
9.38821150 -0.23400001 -1.25205 10.012051
9.44800600 -0.23895001 -1.506 10.024051
9.50796850 0.22905001 -4.2319503 9.114
9.56794330 0.19800001 -5.85795 7.9279504
9.62783750 0.19800001 -5.85795 7.9279504
9.68743660 0.177 -6.18795 7.5930004
9.74724580 0.33705002 -8.17905 5.10405
9.80756230 0.22905001 -8.51895 4.872
9.86742390 0.18900001 -9.27105 3.117
9.92751870 0.18900001 -9.27105 3.117
9.98727270 0.34695002 -9.714001 1.4779501
10.04705120 0.34695002 -9.714001 1.4779501
10.11717660 0.36600003 -9.73305 1.371
10.17700410 0.165 -9.77595 1.1740501
10.23717130 0.165 -9.77595 1.1740501
10.29710950 0.17205001 -9.74505 1.2240001
10.35723220 0.41805002 -9.774 1.04505
10.41751850 0.41805002 -9.774 1.04505
10.47740110 0.35595003 -9.73995 0.99000007
10.53718440 0.09495001 -9.814951 0.42705002
10.59702640 0.17205001 -9.781051 0.39600003
10.65704370 0.411 -9.774 0.26595002
10.71739650 0.411 -9.774 0.26595002
10.77733310 0.411 -9.774 0.26595002
10.83708470 0.32700002 -9.790951 -0.303
10.90744540 0.36105 -9.811951 -0.36195
10.96707990 0.39000002 -9.778951 -0.324
11.02723970 0.33495003 -9.790951 -0.39405003
11.08698920 0.33495003 -9.790951 -0.39405003
11.14752480 0.33495003 -9.790951 -0.39405003
11.20769780 0.411 -9.793051 -0.29505002
11.26745650 0.411 -9.793051 -0.29505002
11.32840100 0.36105 -9.7879505 -0.28305
11.38858360 0.35895002 -9.790951 -0.40095
11.44843440 0.35895002 -9.790951 -0.40095
11.50827240 0.35895002 -9.781051 -0.324
11.56818500 0.35895002 -9.781051 -0.324
11.62798090 0.35895002 -9.781051 -0.324
11.68762370 0.34395 -9.783 -0.35295
11.74764630 0.34395 -9.783 -0.35295
11.80767300 0.39705002 -9.7879505 -0.36705002
11.86742140 0.39705002 -9.7879505 -0.36705002
11.92733940 0.39705002 -9.7879505 -0.36705002
12.04931320 0.42105 -9.781051 -0.41805002
12.11026360 0.41400003 -9.77595 -0.40605003
12.17007680 0.41400003 -9.77595 -0.40605003
12.22985630 0.41400003 -9.77595 -0.40605003
12.28962310 0.40695003 -9.783 -0.44400004
12.34952560 0.40695003 -9.783 -0.44400004
12.40918700 0.40695003 -9.783 -0.44400004
12.46910260 0.402 -9.778951 -0.42900002
12.52875980 0.402 -9.778951 -0.42900002
12.58826110 0.39495003 -9.795 -0.432
12.64782040 0.41805002 -9.77595 -0.44595003
12.70742240 0.42600003 -9.783 -0.48495004
12.76763920 0.42600003 -9.783 -0.48495004
12.82734830 0.39495003 -9.793051 -0.48495004
12.88736870 0.39705002 -9.774 -0.46800002
12.94721770 0.39705002 -9.774 -0.46800002
13.00739090 0.42105 -9.781051 -0.40605003
13.06747050 0.42105 -9.781051 -0.40605003
13.12777670 0.42105 -9.781051 -0.40605003
13.18787100 0.45900002 -9.778951 -0.45600003
13.24826540 0.45900002 -9.778951 -0.45600003
13.30808240 0.44205 -9.781051 -0.46500003
13.36807160 0.42795002 -9.7879505 -0.45105
13.42870320 0.42795002 -9.7879505 -0.45105
13.48869350 0.45195 -9.781051 -0.48000002
13.54835310 0.45195 -9.781051 -0.48000002
13.60784340 0.45195 -9.781051 -0.48000002
13.66769810 0.45000002 -9.766951 -0.46500003
13.72891710 0.45000002 -9.766951 -0.46500003
13.78896080 0.44505003 -9.790951 -0.42705002
13.84913130 0.44505003 -9.790951 -0.42705002
13.90963550 0.43995002 -9.786 -0.43905002
13.96951070 0.47100002 -9.778951 -0.46305
14.02958150 0.47100002 -9.778951 -0.46305
14.08938650 0.45195 -9.77595 -0.45105
14.14945750 0.51705 -9.778951 -0.38205
14.20934640 0.43305 -9.793051 -0.40995002
14.26992190 0.43305 -9.793051 -0.40995002
14.32990240 0.42105 -9.790951 -0.40305
14.38950540 0.47595003 -9.75195 -0.46500003
14.44938420 0.47595003 -9.75195 -0.46500003
14.50923000 0.45900002 -9.798 -0.43905002
14.56967840 0.45705003 -9.781051 -0.384
14.62946750 0.462 -9.795 -0.41805002
14.68915800 0.423 -9.774 -0.49695003
14.74897790 0.423 -9.774 -0.49695003
14.80896840 0.47100002 -9.793051 -0.537
14.86854220 0.47400004 -9.766951 -0.48195
14.92849320 0.47400004 -9.766951 -0.48195
14.98848350 0.37800002 -9.798 -0.45795003
15.04904740 0.37800002 -9.798 -0.45795003
15.10913790 0.36600003 -9.802951 -0.384
15.16876790 0.33 -9.73095 0.71205
15.22864900 0.33 -9.73095 0.71205
15.28910230 0.44505003 -9.771001 0.82695
15.34916250 0.50505 -9.03405 3.14805
15.40908950 0.50505 -9.03405 3.14805
15.46923100 0.342 -7.6110005 5.95695
15.52942780 0.342 -7.6110005 5.95695
15.58966820 0.402 -6.5119505 7.3219504
15.64944750 0.402 -6.5119505 7.3219504
15.71010710 0.10200001 -4.68405 9.0060005
15.77005710 0.10200001 -4.68405 9.0060005
15.83100730 0.165 -4.2460504 8.86005
15.89085260 0.50895 -2.57205 9.757951
15.95069230 0.50895 -2.57205 9.757951
16.01024190 0.56205004 -1.21605 9.633
16.07001540 0.56205004 -1.21605 9.633
16.12986920 0.56205004 -1.21605 9.633
16.19012000 0.61695004 -0.29700002 11.0130005
16.25008370 0.61695004 -0.29700002 11.0130005
16.31007310 0.58095 0.29595003 10.408951
16.37050760 0.48105 0.11205 9.904051
16.43023840 0.48105 0.11205 9.904051
16.49031200 0.43305 0.18405001 9.861
16.55013010 0.43305 0.18405001 9.861
16.61036360 0.43800002 0.19095 9.865951
16.67011370 -0.32505003 0.75600004 8.754001
16.72988470 -0.32505003 0.75600004 8.754001
16.78942570 -0.32505003 0.75600004 8.754001
16.84900440 0.17205001 0.36600003 9.873
16.91206110 0.07395 0.44700003 9.69795
16.97199840 0.177 0.37500003 9.84195
17.03172120 0.177 0.37500003 9.84195
17.09171580 0.186 0.342 9.868051
17.15193350 0.186 0.342 9.868051
17.21256480 0.17400001 0.37005 9.877951
17.27226240 0.17400001 0.37005 9.877951
17.33193740 0.162 0.37500003 9.87495
17.39230280 0.20805001 0.35805002 9.868051
17.45221890 0.20805001 0.35805002 9.868051
17.51194210 0.19605 0.36600003 9.873
17.57164300 0.201 0.342 9.870001
17.63142160 0.201 0.351 9.880051
17.69157430 0.162 0.354 9.86295
17.75149920 0.162 0.354 9.86295
17.81137550 0.165 0.354 9.870001
17.87156690 0.25605002 0.303 9.885
17.93177490 0.25605002 0.303 9.885
17.99181140 0.14295001 0.37995002 9.880051
18.05161380 0.14295001 0.37995002 9.880051
18.11265190 0.15300001 0.38505003 9.882001
18.17268670 0.22395001 0.34395 9.868051
18.23298260 0.22395001 0.34395 9.868051
18.29303250 0.24405001 0.32700002 9.880051
18.35295580 0.19095 0.37305 9.873
18.41313670 0.19095 0.37305 9.873
18.47288300 0.186 0.38505003 9.873
18.53332810 0.186 0.38505003 9.873
18.59321440 0.18405001 0.37800002 9.87495
18.65315520 0.177 0.36600003 9.885
18.71300130 0.19095 0.37800002 9.865951
18.77313300 0.19095 0.37800002 9.865951
18.83282370 0.19605 0.39705002 9.877951
18.89240830 0.18105 0.39900002 9.87495
18.95242380 0.18105 0.39900002 9.87495
19.01253640 0.21495001 0.38205 9.882001
19.07264380 0.21495001 0.38205 9.882001
19.13246210 0.21495001 0.38205 9.882001
19.19213090 0.16905001 0.37995002 9.868051
19.25191130 0.16905001 0.37995002 9.868051
19.31241160 0.19605 0.37005 9.865951
19.37238710 0.19095 0.37005 9.87495
19.43204320 0.19095 0.37005 9.87495
19.49176240 0.20505 0.363 9.877951
19.55199380 0.19095 0.37995002 9.877951
19.61223030 0.19305001 0.39000002 9.8869505
19.67175160 0.18105 0.36600003 9.877951
19.73187220 0.18105 0.36600003 9.877951
19.79236510 0.18105 0.36600003 9.877951
19.85205650 0.20505 0.363 9.889951
19.91657350 0.186 0.37500003 9.873
19.97674980 0.22200002 0.38505003 9.868051
20.03681430 0.21495001 0.38205 9.873
20.09674980 0.177 0.37800002 9.873
20.15684230 0.177 0.37800002 9.873
20.21649580 0.18900001 0.37995002 9.865951
20.27672770 0.18900001 0.37995002 9.865951
20.33694150 0.19095 0.38505003 9.87495
20.39739540 0.13800001 0.40605003 9.897
20.45738900 0.13800001 0.40605003 9.897
20.51722180 0.37995002 0.37800002 9.892051
20.57787760 0.37995002 0.37800002 9.892051
20.63799480 0.31995 0.44700003 9.870001
20.69787100 0.093 0.29595003 9.865951
20.75746640 0.093 0.29595003 9.865951
20.81748370 0.19605 0.40605003 9.870001
20.87763480 0.19605 0.40605003 9.870001
20.93784140 0.19605 0.40605003 9.870001
20.99808090 0.177 0.39195 9.870001
21.05846060 0.177 0.39195 9.870001
21.11838680 0.20295002 0.38700002 9.870001
21.17815420 0.05895 0.47595003 9.814951
21.23819450 0.05895 0.47595003 9.814951
21.29773160 -0.18900001 0.71805006 9.49005
21.38401840 -0.18900001 0.71805006 9.49005
21.44423550 -0.18900001 0.71805006 9.49005
21.50438700 -2.98095 -1.0390501 9.877951
21.56503600 -5.87895 -0.12195001 7.1140504
21.62517840 -5.87895 -0.12195001 7.1140504
21.68505030 -8.75595 -0.67800003 2.367
21.74531440 -8.75595 -0.67800003 2.367
21.80544880 -8.75595 -0.67800003 2.367
21.86522640 -9.132 -0.68700004 -2.5510502
21.92485690 -9.132 -0.68700004 -2.5510502
21.98450180 -9.132 -0.68700004 -2.5510502
22.04432270 -9.337951 -0.46905002 -2.45805
22.10452670 -9.337951 -0.46905002 -2.45805
22.16426270 -9.337951 -0.46905002 -2.45805
22.22396900 -9.09405 -0.52695 -3.3229501
22.28393370 -9.09405 -0.52695 -3.3229501
22.34401210 -9.163051 -0.49995002 -3.3630002
22.40385530 -9.163051 -0.49995002 -3.3630002
22.46417290 -9.06705 -0.49800003 -3.2290502
22.52394620 -9.14595 -0.43605003 -2.97795
22.58465200 -9.14595 -0.43605003 -2.97795
22.64496960 -9.15795 -0.45705003 -3.1210501
22.70476120 -9.168 -0.39495003 -2.8939502
22.76497560 -9.168 -0.39495003 -2.8939502
22.82502670 -9.165 -0.44805002 -3.0259502
22.88467900 -9.165 -0.44805002 -3.0259502
22.94449490 -9.225 -0.42795002 -2.769
23.00463220 -9.160951 -0.47595003 -3.1360502
23.06471000 -9.18 -0.45705003 -2.9850001
23.12475550 -9.18 -0.45705003 -2.9850001
23.18458200 -9.175051 -0.40695003 -2.97495
23.24482830 -9.175051 -0.40695003 -2.97495
23.31281710 -9.172951 -0.43095002 -3.0210001
23.37277300 -9.181951 -0.40695003 -3.009
23.43294920 -9.181951 -0.40695003 -3.009
23.49275820 -9.199051 -0.39000002 -3.00195
23.55248820 -9.181951 -0.38295 -2.904
23.61200030 -9.181951 -0.38295 -2.904
23.67209340 -9.172951 -0.44295 -3.07605
23.73206720 -9.189 -0.40905002 -2.9850001
23.79173880 -9.187051 -0.39705002 -2.9200501
23.85153020 -9.181951 -0.39705002 -3.01095
23.91131370 -9.181951 -0.39705002 -3.01095
23.97162530 -9.181951 -0.39705002 -3.01095
24.03173930 -9.313951 -0.46395 -2.7769501
24.09157750 -9.313951 -0.46395 -2.7769501
24.15130570 -9.634951 -0.42600003 -0.46995002
24.21151580 -9.634951 -0.42600003 -0.46995002
24.27166950 -9.604051 -0.40500003 -0.28800002
24.33141980 -8.47995 -0.43095002 3.9550502
24.39132390 -8.47995 -0.43095002 3.9550502
24.45188630 -4.6990504 -0.56700003 8.56005
24.51154770 -4.6990504 -0.56700003 8.56005
24.57145800 -3.111 -0.72105 10.321051
24.63128720 -3.111 -0.72105 10.321051
24.69152520 -0.34005 -0.30900002 9.15705
24.75182360 0.22200002 0.30600002 10.134001
24.81179700 0.22200002 0.30600002 10.134001
24.87160880 0.23205002 0.33 9.922951
24.93251140 0.23205002 0.33 9.922951
25.00343320 0.14505 0.531 9.870001
25.06348160 0.14505 0.531 9.870001
25.12339040 0.14505 0.531 9.870001
25.18323320 0.14805001 0.44700003 9.880051
25.24339860 0.14805001 0.44700003 9.880051
25.30312350 0.16695 0.46605003 9.859051
25.36346920 0.16695 0.46605003 9.859051
25.42325910 0.16695 0.46605003 9.859051
25.49325540 0.165 0.46605003 9.87495
25.56677570 0.165 0.46605003 9.87495
25.62753210 0.165 0.46605003 9.87495
25.68767490 0.093 0.507 9.86295
25.74770560 0.093 0.507 9.86295
25.80832940 0.10200001 0.52605003 9.870001
25.86854720 0.10200001 0.52605003 9.870001
25.92813240 0.10200001 0.52605003 9.870001
25.98810310 0.093 0.52095 9.865951
26.04780990 0.093 0.52095 9.865951
26.10777800 0.081 0.52395004 9.870001
26.16791990 0.081 0.52395004 9.870001
26.22749320 0.081 0.52395004 9.870001
26.28826880 0.09 0.54300004 9.86295
26.34808150 0.09 0.54300004 9.86295
26.40827030 0.09 0.54300004 9.86295
26.46871710 0.078 0.52395004 9.868051
26.52873120 0.078 0.52395004 9.868051
26.58858160 0.078 0.54300004 9.868051
26.64842550 0.07605001 0.53295004 9.861
26.71076720 0.07605001 0.53295004 9.861
26.77095260 0.07605001 0.53295004 9.861
26.83110920 0.08295 0.55005 9.8539505
26.89096110 0.08295 0.55005 9.8539505
26.95108530 0.08295 0.55005 9.8539505
27.01180230 0.141 0.45900002 9.880051
27.07204560 0.141 0.45900002 9.880051
27.13181250 0.15300001 0.49695003 9.897
27.19294870 0.13305001 0.49995002 9.8539505
27.25257020 0.13305001 0.49995002 9.8539505
27.31215150 0.22200002 0.42105 9.868051
27.37207010 0.22200002 0.42105 9.868051
27.43191170 0.17895001 0.43500003 9.8560505
27.50954150 0.13605 0.48795003 9.87495
27.56920230 0.13605 0.48795003 9.87495
27.62947400 0.14805001 0.51705 9.86295
27.68965440 0.14805001 0.51705 9.86295
27.74968480 -0.35205 0.75795 9.865951
27.81651900 -0.35205 0.75795 9.865951
27.91318090 -0.23700002 0.67695004 9.861
27.97315470 -0.558 0.79200006 9.84195
28.03369280 -0.558 0.79200006 9.84195
28.09379460 -0.021 0.51705 9.835051
28.15333530 -0.021 0.51705 9.835051
28.21326240 -0.29700002 0.47805002 9.83205
28.27347720 -0.29700002 0.47805002 9.83205
28.33355290 0.06195 0.363 9.8230505
28.39355740 0.15300001 0.48795003 9.897
28.52466480 -0.15795001 0.62205005 9.918
28.58816300 -0.15795001 0.62205005 9.918
28.64808470 0.10200001 0.58395004 9.847051
28.70807990 0.10200001 0.58395004 9.847051
28.76821910 0.10200001 0.58395004 9.847051
28.82826420 0.11205 0.6 9.868051
28.88810070 0.11205 0.6 9.868051
28.94809590 0.11205 0.6 9.868051
29.00817950 0.14505 0.591 9.85095
29.06817270 0.14505 0.591 9.85095
29.12778750 0.12195001 0.60795003 9.859051
29.18853980 0.11700001 0.61005 9.8539505
29.24847490 0.11700001 0.61005 9.8539505
29.30812560 0.14295001 0.60300004 9.87495
29.36825890 0.14295001 0.60300004 9.87495
29.42827250 0.13605 0.60795003 9.868051
29.48870910 0.14505 0.61005 9.86295
29.54877230 0.14505 0.61005 9.86295
29.60888040 0.141 0.61995006 9.868051
29.66884410 0.14505 0.60300004 9.8560505
29.72873030 0.13605 0.58395004 9.86295
29.78856130 0.13605 0.58395004 9.86295
29.84852370 0.13800001 0.61200005 9.8539505
29.90822240 0.141 0.61995006 9.847051
29.96946730 0.141 0.61005 9.8560505
30.02943810 0.141 0.61005 9.8560505
30.10846520 0.13305001 0.62700003 9.87495
30.16837920 0.04695 0.59805006 10.026
30.22870320 0.04695 0.59805006 10.026
30.29421560 0.06405 0.52905005 9.885
30.35485670 0.06405 0.52905005 9.885
30.42634910 0.066 0.55005 9.861
30.49027120 0.05895 0.53295004 9.865951
30.55027310 0.05895 0.53295004 9.865951
30.61075620 0.05895 0.53295004 9.882001
30.67059250 0.05895 0.53295004 9.882001
30.73042720 0.05895 0.53295004 9.882001
30.79013870 0.054 0.53295004 9.8560505
30.85044050 0.054 0.53295004 9.8560505
30.91071600 0.05205 0.53805 9.877951
30.97069870 0.05205 0.54795 9.870001
31.03075330 0.05205 0.54795 9.870001
31.09052000 0.08295 0.52905005 9.889951
31.15062740 0.08295 0.52905005 9.889951
31.21038490 1.077 0.35805002 9.98295
31.26997650 1.077 0.35805002 9.98295
31.33063100 0.38295 0.35805002 9.84195
31.39072710 -0.8880001 0.29895002 9.681001
31.45044900 -0.8880001 0.29895002 9.681001
31.51053030 -0.90300006 0.92100006 9.696
31.57032500 -0.90300006 0.92100006 9.696
31.63031820 0.08295 0.564 9.47805
31.68984590 0.08295 0.564 9.47805
31.74964360 0.08295 0.564 9.47805
31.80983080 -0.057 0.51405 9.882001
31.86974590 -0.057 0.51405 9.882001
31.92937700 -0.057 0.51405 9.882001
31.98910370 -0.16305001 0.32295 9.898951
32.04877060 -0.16305001 0.32295 9.898951
32.10910840 -0.14595 0.25305 9.8230505
32.16865380 -0.30105 0.48795003 9.868051
32.22862510 -0.30105 0.48795003 9.868051
32.28870690 -0.33705002 0.50895 9.802951
32.34896410 -0.31800002 0.47295 9.898951
32.42772860 -0.33705002 0.483 9.859051
32.48820320 -0.37995002 0.57405 9.80595
32.54868320 -0.342 0.46395 9.882001
32.60830680 -0.342 0.46395 9.882001
32.66861270 -0.333 0.43500003 9.873
32.72893840 -0.28005 0.38205 9.885
32.78929090 -0.28005 0.38205 9.885
32.84905500 -0.28005 0.363 9.870001
32.90935300 -0.28005 0.363 9.870001
32.96942750 -0.28005 0.363 9.870001
33.02923760 -0.17205001 0.294 9.8560505
33.08896720 -0.17205001 0.294 9.8560505
33.14892050 -0.177 0.31095 9.87495
33.20879910 -0.19605 0.31095 9.880051
33.27719710 -0.19395001 0.30795002 9.877951
33.33694730 -0.20805001 0.342 9.877951
33.39711690 -0.20805001 0.342 9.877951
33.45735490 -0.16995001 0.30600002 9.868051
33.51716370 -0.17895001 0.294 9.865951
33.57738150 -0.17895001 0.294 9.865951
33.63707730 -0.165 0.29895002 9.877951
33.69714480 -0.20295002 0.30105 9.880051
33.75733040 -0.12705001 0.36105 9.87495
33.82135850 -0.12705001 0.36105 9.87495
33.90206960 -0.13395001 0.34695002 9.873
33.96766180 -0.20805001 0.27195 9.870001
34.02803020 -0.12405001 0.32505003 9.861
34.08829070 -0.12405001 0.32505003 9.861
34.14807310 -0.12405001 0.32505003 9.861
34.20802460 -0.177 0.29595003 9.873
34.26789930 -0.177 0.29595003 9.873
34.32763830 -0.16005 0.30600002 9.882001
34.38789370 -0.186 0.28695002 9.87495
34.45370540 -0.21000001 0.28395 9.877951
34.51538270 -0.12405001 0.32505003 9.7890005
34.57653460 -0.12405001 0.32505003 9.7890005
34.65038060 -0.22695 0.29895002 9.877951
34.71105360 -0.22695 0.29895002 9.877951
34.77109530 -0.22695 0.29895002 9.877951
34.83091220 -0.15300001 0.282 9.877951
34.89396350 -0.15300001 0.282 9.877951
34.95623610 -0.15300001 0.282 9.877951
35.01897680 -0.17400001 0.31995 9.870001
35.07891600 -0.17400001 0.31995 9.870001
35.13894710 -0.17400001 0.27 9.880051
35.19876000 -0.17400001 0.27 9.880051
35.25835710 -0.19800001 0.28695002 9.877951
35.31804180 -0.13605 0.34905002 9.877951
35.37840870 -0.13605 0.34905002 9.877951
35.43798470 -0.141 0.351 9.8869505
35.49798210 -0.186 0.32505003 9.880051
35.55822240 -0.186 0.32505003 9.880051
35.61847110 -0.09495001 0.34395 9.868051
35.67806610 -0.13095 0.282 9.847051
35.73789240 -0.11895001 0.30600002 9.873
35.79830890 -0.13395001 0.31995 9.8869505
35.85891390 -0.21495001 0.29595003 9.880051
35.91903550 -0.21495001 0.29595003 9.880051
35.97926600 -0.177 0.30600002 9.87495
36.03954400 -0.177 0.30600002 9.87495
36.11442640 -0.22005 0.30105 9.880051
36.17448700 -0.11700001 0.351 9.898951
36.23440900 -0.11700001 0.351 9.898951
36.29460490 -0.15495001 0.37005 9.889951
36.35478150 -0.15495001 0.37005 9.889951
36.41522760 -0.15495001 0.37005 9.889951
36.47512220 -0.19095 0.402 9.87495
36.53560110 -0.15300001 0.31500003 9.877951
36.61938690 -0.17895001 0.31995 9.873
36.68360120 -0.17895001 0.31995 9.873
36.74328320 -0.17895001 0.31995 9.873
36.80343410 -0.201 0.33495003 9.877951
36.86375530 -0.201 0.33495003 9.877951
36.92354760 -0.23205002 0.31500003 9.873
36.98318680 -0.13395001 0.36105 9.87495
37.04322430 -0.13395001 0.36105 9.87495
37.10321000 -0.19800001 0.31500003 9.873
37.16328930 -0.19800001 0.31500003 9.873
37.22292980 -0.17205001 0.32295 9.873
37.28268580 -0.17205001 0.32295 9.873
37.34291350 -0.15495001 0.33 9.870001
37.40316490 -0.19395001 0.33195 9.873
37.46298620 -0.19395001 0.33195 9.873
37.52285960 -0.16995001 0.33 9.859051
37.58313340 -0.16995001 0.33 9.859051
37.64327680 -0.16695 0.33495003 9.86295
37.74730650 -0.16695 0.33495003 9.86295
37.80747590 -0.16695 0.33495003 9.86295
37.86788170 -0.201 0.30105 9.873
37.92797490 -0.201 0.30105 9.873
37.98836660 -0.15495001 0.32505003 9.877951
38.05079700 -0.15495001 0.32505003 9.877951
38.11314310 -0.177 0.31305 9.859051
38.18560980 -0.177 0.31305 9.859051
38.24756850 -0.18195 0.31305 9.873
38.30753810 -0.177 0.30600002 9.8560505
38.36758580 -0.177 0.30600002 9.8560505
38.43606690 -0.186 0.33195 9.880051
38.49613210 -0.186 0.33195 9.880051
38.55674520 -0.16995001 0.31995 9.873
38.61653240 -0.16995001 0.31995 9.873
38.67633740 -0.18195 0.31305 9.865951
38.73736550 -0.18195 0.31305 9.865951
38.80076210 -0.177 0.29895002 9.865951
38.86088850 -0.16995001 0.32700002 9.873
38.92067920 -0.16995001 0.32700002 9.873
38.98079550 -0.16995001 0.32700002 9.873
39.04060120 -0.17205001 0.32505003 9.868051
39.10039400 -0.17205001 0.32505003 9.868051
39.16060810 -0.18195 0.32505003 9.868051
39.22041770 -0.18195 0.32505003 9.868051
39.28070430 -0.177 0.32295 9.870001
39.34085650 -0.18195 0.31995 9.86295
39.43892300 -0.18195 0.31995 9.86295
39.49893100 -0.177 0.32505003 9.873
39.55877070 -0.17895001 0.30600002 9.861
39.61869670 -0.17895001 0.30600002 9.861
39.67873050 -0.18195 0.32700002 9.865951
39.73895450 -0.18195 0.32700002 9.865951
39.79856900 -0.16005 0.33 9.87495
39.85845710 -0.16005 0.33 9.87495
39.91831000 -0.16695 0.33495003 9.87495
39.97806900 -0.177 0.32295 9.892051
40.03838880 -0.15105 0.02595 9.813001
40.09808290 -0.15105 0.02595 9.813001
40.15799850 -0.15105 0.02595 9.813001
40.21813900 -0.201 0.31995 9.859051
40.27822660 -0.201 0.31995 9.859051
40.33804850 -0.22995001 0.282 9.877951
40.39776300 -0.13095 0.33195 9.865951
40.45766180 -0.13095 0.33195 9.865951
40.51803000 -0.21795002 0.25095 9.859051
40.57797720 -0.21795002 0.25095 9.859051
40.63889670 -0.12405001 0.29895002 9.859051
40.69870560 -0.12405001 0.29895002 9.859051
40.75882170 -0.12405001 0.29895002 9.859051
40.81956610 -0.141 0.28695002 9.868051
40.88012450 -0.141 0.28695002 9.868051
40.94050660 -0.141 0.28695002 9.868051
41.00025610 -0.18405001 0.26700002 9.865951
41.06014250 -0.18405001 0.26700002 9.865951
41.12013820 -0.15795001 0.303 9.868051
41.20281720 -0.15795001 0.303 9.868051
41.26299280 -0.186 0.27495003 9.873
41.34157330 -0.186 0.27495003 9.873
41.41375350 -0.20595 0.291 9.873
41.47403570 -0.19605 0.303 9.8560505
41.53373430 -0.22200002 0.282 9.87495
41.61016660 -0.22200002 0.282 9.87495
41.67009560 -0.20805001 0.29895002 9.877951
41.73039060 -0.141 0.28395 9.904051
41.79034390 -0.141 0.28395 9.904051
41.85039460 -0.20295002 0.26295 9.868051
41.91045480 -0.20295002 0.26295 9.868051
41.97029690 -0.20295002 0.26295 9.868051
42.02999450 -0.177 0.33 9.86295
42.09014520 -0.177 0.33 9.86295
42.15001490 -0.165 0.32700002 9.880051
42.21043750 -0.165 0.291 9.868051
42.27104810 -0.165 0.291 9.868051
42.33089950 -0.15495001 0.31995 9.868051
42.39112050 -0.15495001 0.31995 9.868051
42.45149800 -0.186 0.28905 9.865951
42.51189230 -0.186 0.28905 9.865951
42.57200020 -0.186 0.28905 9.865951
42.63208950 -0.15495001 0.30105 9.865951
42.69245850 -0.15495001 0.30105 9.865951
42.75224520 -0.15495001 0.30105 9.865951
42.81244190 -0.16305001 0.31305 9.868051
42.87210320 -0.16305001 0.31305 9.868051
42.93230620 -0.141 0.30795002 9.865951
42.99227250 -0.18195 0.29895002 9.849001
43.05246100 -0.186 0.291 9.87495
43.11267130 -0.186 0.291 9.87495
43.17277990 -0.186 0.291 9.87495
43.25910760 -0.12900001 0.28905 9.865951
43.32280650 -0.17205001 0.31995 9.870001
43.38299680 -0.17205001 0.31995 9.870001
43.44283940 -0.17205001 0.31995 9.870001
43.50276250 -0.165 0.30600002 9.8869505
43.56268130 -0.16005 0.29595003 9.868051
43.62278690 -0.16005 0.29595003 9.868051
43.68325780 -0.177 0.31995 9.861
43.74318280 -0.177 0.31995 9.861
43.80279210 -0.177 0.31995 9.861
43.86327460 -0.21495001 0.30105 9.873
43.93655380 -0.21495001 0.30105 9.873
44.05120710 -0.13095 0.31995 9.859051
44.11103490 -0.16995001 0.303 9.868051
44.17090060 -0.16995001 0.303 9.868051
44.23090820 -0.16995001 0.303 9.868051
44.29089220 -0.19395001 0.28695002 9.877951
44.35053730 -0.19395001 0.28695002 9.877951
44.41137310 -0.19095 0.28395 9.861
44.47140040 -0.15495001 0.32295 9.868051
44.53162330 -0.15495001 0.32295 9.868051
44.59169790 -0.19395001 0.27195 9.86295
44.65175450 -0.17400001 0.28395 9.868051
44.71184610 -0.15495001 0.30795002 9.868051
44.77159590 -0.15495001 0.30795002 9.868051
44.83156470 -0.15495001 0.29595003 9.86295
44.89174230 -0.15495001 0.29595003 9.86295
44.95171570 -0.15495001 0.29595003 9.86295
45.01151860 -0.15795001 0.354 9.87495
45.07164520 -0.15795001 0.354 9.87495
45.13131910 -0.15795001 0.354 9.87495
45.19184400 -0.16995001 0.531 9.892051
45.25184410 -0.16995001 0.531 9.892051
45.31161370 -0.23400001 0.67695004 9.849001
45.37278520 -0.21300001 0.282 9.880051
45.44665610 -0.18900001 0.30600002 9.8869505
45.50723890 -0.16995001 0.21495001 9.8560505
45.56768540 -0.16995001 0.21495001 9.8560505
45.62751970 -0.18195 0.33900002 9.897
45.68724130 -0.18195 0.33900002 9.897
45.74680680 -0.18195 0.33900002 9.897
45.80669410 -0.09795 0.30105 9.885
45.86724150 -0.09795 0.30105 9.885
45.92714660 -0.09795 0.282 9.865951
45.98735430 -0.23205002 0.26505002 9.86295
46.04753620 -0.12195001 0.38505003 9.885
46.10759800 -0.12195001 0.38505003 9.885
46.16737850 -0.12195001 0.38505003 9.885
46.22795920 -0.19395001 0.29895002 9.859051
46.28791240 -0.19395001 0.29895002 9.859051
46.35288270 -0.16995001 0.29895002 9.87495
46.41495850 -0.20805001 0.29895002 9.861
46.47496050 -0.20805001 0.29895002 9.861
46.53479910 -0.141 0.33195 9.870001
46.59457150 -0.141 0.33195 9.870001
46.65437760 -0.18900001 0.31305 9.859051
46.71481700 -0.18900001 0.31305 9.859051
46.77467490 -0.18900001 0.31305 9.859051
46.83490030 -0.17400001 0.28695002 9.86295
46.89503870 -0.17400001 0.28695002 9.86295
46.95504330 -0.17400001 0.28695002 9.86295
47.01462510 -0.17205001 0.33495003 9.861
47.07453450 -0.17205001 0.33495003 9.861
47.13452680 -0.18405001 0.31095 9.86295
47.19542710 -0.18405001 0.31095 9.86295
47.25522590 -0.18405001 0.31095 9.86295
47.31502960 -0.15105 0.33495003 9.859051
47.37517020 -0.15105 0.33495003 9.859051
47.43483150 -0.15300001 0.34905002 9.865951
47.49471480 -0.15300001 0.34905002 9.865951
47.55455540 -0.04305 0.75405 9.8560505
47.61480490 -0.04305 0.75405 9.8560505
47.67507380 0.06405 0.60795003 9.859051
47.73626100 0.06405 0.60795003 9.859051
47.79620760 -0.20595 -0.282 9.87495
47.85626020 -0.20595 -0.282 9.87495
47.91940780 -0.20595 -0.282 9.87495
48.10917500 -0.06705 0.30795002 9.870001
48.16941880 -0.06705 0.30795002 9.870001
48.24718530 -0.07395 0.33495003 9.868051
48.31597180 0.01605 0.33705002 9.86295
48.38219580 0.01605 0.33705002 9.86295
48.45848140 -0.01395 0.36600003 9.873
48.51893410 -0.01395 0.36600003 9.873
48.69964810 0.04695 0.37005 9.880051
48.76017660 0.04695 0.37005 9.880051
48.82023910 0.04695 0.37005 9.880051
48.88046580 0.021 0.342 9.868051
48.94087800 0.021 0.342 9.868051
49.00078090 0.03495 0.39000002 9.870001
49.06079860 0.03495 0.39000002 9.870001
49.12129460 0.03495 0.37800002 9.8560505
49.18134420 0.03 0.36795002 9.889951
49.24096740 0.03 0.36795002 9.889951
49.30188170 0.01095 0.38505003 9.861
49.36179420 -0.01605 0.33 9.873
49.42167500 -0.01605 0.33 9.873
49.48222090 0.02595 0.39000002 9.87495
49.54237970 0.02595 0.39000002 9.87495
49.96841890 0.01395 0.36105 9.859051
50.04799980 0.01395 0.36105 9.859051
50.29846390 -0.01605 0.35805002 9.87495
50.53867970 -0.01605 0.37005 9.873
50.59889390 -0.01605 0.37005 9.873
50.65926330 0.01095 0.37005 9.885
50.71912520 0.01095 0.37005 9.885
50.77896910 0.01095 0.37005 9.885
51.14847620 -0.06195 0.38700002 9.8539505
51.20833800 -0.06195 0.38700002 9.8539505
51.26842500 -0.05205 0.40605003 9.85095
51.32848630 0.48105 0.294 9.882001
51.38922130 0.48105 0.294 9.882001
51.44877930 0.31500003 0.31095 9.870001
51.50879200 -0.02805 0.40395 9.859051
51.56930240 -0.02805 0.40395 9.859051
51.62899470 -0.024 0.34695002 9.880051
51.68873730 -0.02805 0.38205 9.86295
51.74863240 0.02295 0.37995002 9.861
51.80888060 0.021 0.36105 9.870001
51.86942310 0.01095 0.33900002 9.882001
51.92911980 0.01095 0.33900002 9.882001
51.98947680 0.01095 0.33900002 9.882001
52.04982870 0.02295 0.33900002 9.86295
52.11691830 -0.01605 0.33 9.877951
52.17694330 0.07095 0.40395 9.889951
52.23679000 0.07095 0.40395 9.889951
52.29682170 0.48105 0.79200006 10.378051
52.35702520 0.48105 0.79200006 10.378051
52.41810830 0.48105 0.79200006 10.378051
52.47814320 0.10200001 0.38205 9.880051
52.53802280 0.10200001 0.38205 9.880051
52.59912630 0.10200001 0.38205 9.880051
52.65894270 0.03 0.25800002 9.87495
52.71867590 0.03 0.25800002 9.87495
52.77886830 1.4389501 -0.49800003 10.062
52.83878050 1.4389501 -0.49800003 10.062
52.90670370 0.75405 -0.28995 9.760051
52.96665700 0.24105 0.11400001 9.918
53.02672370 0.24105 0.11400001 9.918
53.08657750 -0.63705003 -0.81900007 9.870001
53.14640190 -0.63705003 -0.81900007 9.870001
53.20647450 0.08805001 0.165 10.05
53.26654190 0.08805001 0.165 10.05
53.32617340 -0.02805 0.22200002 9.729
53.38608300 0.045 0.11895001 9.880051
53.44631230 0.045 0.11895001 9.880051
53.50640400 0.03495 0.07305 9.870001
53.56665710 0.03495 0.07305 9.870001
53.62697530 0.03495 0.07305 9.870001
53.68690970 0.04995 0.14505 9.892051
53.74665490 0.04995 0.14505 9.892051
53.80661470 0.03795 0.11205 9.873
53.86687180 0.03795 0.11205 9.873
53.92696420 0.03795 0.11205 9.873
53.98697120 0.08295 0.21705002 9.882001
54.04727850 0.08295 0.21705002 9.882001
54.28962890 0.03495 0.04995 9.868051
54.34938300 0.06405 0.16905001 9.87495
54.40917450 0.02295 0.20805001 9.873
54.46924890 0. 0.126 9.87495
54.52908670 0. 0.126 9.87495
54.58893430 0.02595 0.11205 9.877951
54.64895910 0.02595 0.11205 9.877951
54.70929280 0.02595 0.13605 9.873
54.76975820 0.02595 0.13605 9.873
54.82982760 0.03 0.16005 9.870001
54.88993510 0.03 0.16005 9.870001
54.94978520 0.03 0.16005 9.870001
55.00969220 0.01395 0.07095 9.885
55.06932990 0.01395 0.07095 9.885
55.19067420 0.03495 0.11400001 9.889951
55.25095720 0.03495 0.11400001 9.889951
55.33649500 0.01605 0.13605 9.882001
55.39697350 0.01605 0.13605 9.882001
55.45829280 0.03795 0.14505 9.885
55.51874200 0.03795 0.14505 9.885
55.57878180 0.03795 0.14505 9.885
55.63886520 0.021 0.11895001 9.873
55.69888360 0.021 0.11895001 9.873
55.75855670 0.021 0.11895001 9.873
55.93861610 0.01605 0.09705 9.885
55.99916860 0.033 0.11700001 9.870001
56.05921970 0.033 0.11700001 9.870001
56.11908650 0.02595 0.12900001 9.87495
56.30364000 0.02295 0.126 9.892051
56.36394940 0.02595 0.13305001 9.86295
56.42426770 0.02595 0.13305001 9.86295
56.48417760 0.02595 0.13305001 9.868051
56.54403090 0.02595 0.13800001 9.880051
56.60462970 0.02595 0.13800001 9.880051
56.66510870 0. 0.12900001 9.8869505
56.72537780 0.021 0.12105001 9.865951
56.78555500 0.01605 0.141 9.885
56.84565940 0.01905 0.11895001 9.882001
56.90597310 0.01905 0.11895001 9.882001
56.96631900 0.01905 0.11895001 9.882001
57.02616560 0.021 0.13305001 9.882001
57.09630030 0.01905 0.126 9.892051
57.15592860 0.021 0.12405001 9.87495
57.21632030 0.021 0.12405001 9.87495
57.27654260 0.02805 0.11400001 9.880051
57.33641370 0.02805 0.11400001 9.880051
57.39617630 0.02805 0.11400001 9.880051
57.45606410 0.01395 0.13095 9.873
57.51625190 0.01395 0.13095 9.873
57.57595970 0.01605 0.12405001 9.877951
57.63573870 0.01605 0.12405001 9.877951
57.75615240 0.01605 0.10200001 9.868051
57.81606890 0.021 0.11400001 9.877951
57.88423190 0.021 0.11400001 9.877951
57.94395890 0.021 0.11400001 9.877951
58.00387620 0.01905 0.105 9.880051
58.06398850 0.01905 0.105 9.880051
58.12433040 0.01905 0.105 9.880051
58.18396340 0.02805 0.11205 9.885
58.24364950 0.02805 0.11205 9.885
58.30359040 0.01395 0.11700001 9.877951
58.48538470 0.02295 0.13095 9.885
58.54508460 0.021 0.11205 9.880051
58.60473770 0.021 0.11205 9.880051
58.66460490 0.03795 0.12405001 9.870001
58.72451880 0.03795 0.12405001 9.870001
58.91183570 0.01095 0.13305001 9.880051
58.97170770 -0.03795 -0.036 9.889951
59.03218660 0.22695 0.21705002 9.86295
59.09246390 0.22695 0.21705002 9.86295
59.15237460 0.22695 0.21705002 9.86295
59.21254160 0.02595 0.03495 9.882001
59.27261940 0.02595 0.03495 9.882001
59.39250020 0.08595 0.21000001 9.870001
59.45233380 0.08595 0.21000001 9.870001
59.51202800 0.105 0.20505 9.8539505
59.57203380 0.29205 0.24105 9.99495
59.63212100 0.26295 -0.165 9.63105
59.69239350 -1.09905 -2.673 9.77505
59.75277240 -1.09905 -2.673 9.77505
59.81295510 -2.2459502 1.317 9.739051
59.87315420 -2.2459502 1.317 9.739051
59.93273470 -2.2459502 1.317 9.739051
59.99244890 0.35595003 -0.16695 9.868051
60.05241850 0.35595003 -0.16695 9.868051
60.11267370 0.35595003 -0.13395001 9.877951
60.17284350 0.342 -0.13905 9.870001
60.23287450 0.342 -0.13905 9.870001
60.29335630 0.28695002 -0.12405001 9.892051
60.35320100 0.28695002 -0.12405001 9.892051
60.41321400 0.28695002 -0.12405001 9.892051
60.47317230 0.40695003 -0.13095 9.882001
60.53323560 0.40695003 -0.13095 9.882001
60.59343660 0.33 -0.12705001 9.877951
60.65373440 0.30795002 -0.12195001 9.877951
60.71350480 0.37095 -0.01395 9.66705
60.77374600 0.37095 -0.01395 9.66705
60.83347540 0.18105 -0.06 9.870001
60.89345520 0.46395 -0.06405 9.81105
60.95339850 0.46395 -0.06405 9.81105
61.01398920 0.35895002 -0.20595 9.882001
61.07372220 0.35895002 -0.20595 9.882001
61.13322090 0.35895002 -0.20595 9.882001
61.19302460 0.27705002 -0.13095 9.882001
61.25279170 0.27705002 -0.13095 9.882001
61.31275600 0.30795002 -0.13395001 9.865951
61.37274020 0.342 -0.13605 9.877951
61.43258670 0.342 -0.13605 9.877951
61.49288950 0.32700002 -0.14805001 9.882001
61.55290380 0.32700002 -0.14805001 9.882001
61.61289370 0.31095 -0.165 9.865951
61.67275020 0.33495003 -0.15105 9.87495
61.73312380 0.33495003 -0.15105 9.87495
61.79298130 0.33 -0.14805001 9.877951
61.85292360 0.33 -0.14805001 9.877951
61.91564550 0.32295 -0.15105 9.889951
61.97542100 0.33 -0.141 9.865951
62.03550890 0.33 -0.141 9.865951
62.09586040 0.342 -0.13095 9.873
62.15539500 0.342 -0.13095 9.873
62.21518820 0.33195 -0.15495001 9.868051
62.27536100 0.33195 -0.15495001 9.868051
62.33567450 0.33195 -0.13605 9.873
62.39548880 0.33195 -0.12705001 9.865951
62.45570380 0.33195 -0.12705001 9.865951
62.51572430 0.31800002 -0.15300001 9.885
62.57559840 0.31800002 -0.15300001 9.885
62.63521800 0.31995 -0.141 9.870001
62.69473550 0.33495003 -0.15105 9.87495
62.75456190 0.33495003 -0.15105 9.87495
62.81513300 0.33495003 -0.14805001 9.877951
62.87485560 0.342 -0.14595 9.880051
62.93530260 0.342 -0.14595 9.880051
62.99561770 0.34695002 -0.14595 9.892051
63.05577030 0.34695002 -0.14595 9.892051
63.11564570 0.32700002 -0.15105 9.877951
63.17579650 0.342 -0.14595 9.889951
63.23594070 0.342 -0.14595 9.889951
63.29606720 0.34905002 -0.141 9.87495
63.35640950 0.34905002 -0.141 9.87495
63.41665600 0.34905002 -0.141 9.87495
63.47653280 0.32505003 -0.15105 9.87495
63.53640030 0.35595003 -0.15105 9.882001
63.59695970 0.35595003 -0.15105 9.882001
63.65766930 0.34905002 -0.15495001 9.873
63.71775770 0.31800002 -0.14295001 9.885
63.77789110 0.31800002 -0.14295001 9.885
63.83805850 0.33495003 -0.13095 9.885
63.89809590 0.31500003 -0.15300001 9.861
63.95770020 0.31500003 -0.15300001 9.861
64.01832510 0.34395 -0.13605 9.859051
64.07830020 0.34395 -0.13605 9.859051
64.13825630 0.34395 -0.13605 9.859051
64.19797060 0.30795002 -0.13905 9.885
64.25808980 0.30795002 -0.13905 9.885
64.31806350 0.31305 -0.14295001 9.882001
64.37794610 0.36105 -0.13905 9.880051
64.43764010 0.36105 -0.13905 9.880051
64.49779120 0.34695002 -0.13905 9.877951
64.55772030 0.30405003 -0.13905 9.873
64.61811050 0.33 -0.14805001 9.877951
64.67994840 0.33 -0.14805001 9.877951
64.73964970 0.33 -0.14805001 9.877951
64.79925040 0.33495003 -0.16305001 9.892051
64.85877130 0.33495003 -0.16305001 9.892051
64.91896880 0.33495003 -0.15105 9.882001
64.97891250 0.31305 -0.13605 9.865951
65.03906050 0.31305 -0.13605 9.865951
65.09901460 0.33 -0.14295001 9.880051
65.15949960 0.33 -0.14295001 9.880051
65.21954000 0.33 -0.15105 9.87495
65.27953720 0.33 -0.15105 9.87495
65.34030990 0.32700002 -0.14295001 9.885
65.40024050 0.32295 -0.13905 9.870001
65.46022770 0.32295 -0.13905 9.870001
65.52061550 0.31800002 -0.14595 9.882001
65.58053180 0.31800002 -0.14595 9.882001
65.64041890 0.31995 -0.14805001 9.877951
65.70019900 0.33495003 -0.15300001 9.873
65.76070970 0.33495003 -0.15300001 9.873
65.82072680 0.32700002 -0.13905 9.877951
65.88029000 0.32700002 -0.13905 9.877951
65.93987990 0.32700002 -0.13905 9.877951
66.00014840 0.32295 -0.13395001 9.86295
66.05991010 0.32295 -0.13395001 9.86295
66.11982780 0.31800002 -0.14595 9.880051
66.17998590 0.32295 -0.16005 9.877951
66.23999000 0.32295 -0.16005 9.877951
66.30079430 0.31305 -0.13605 9.868051
66.36095970 0.33705002 -0.15495001 9.880051
66.42081050 0.342 -0.15795001 9.8869505
66.48085540 0.31305 -0.12705001 9.870001
66.54068420 0.32700002 -0.14595 9.865951
66.60038530 0.32700002 -0.14595 9.865951
66.66029060 0.32700002 -0.13905 9.873
66.72026650 0.33495003 -0.15105 9.87495
66.78017430 0.33495003 -0.15105 9.87495
66.84000460 0.32700002 -0.14595 9.87495
66.89974470 0.33705002 -0.13095 9.87495
66.96032520 0.33705002 -0.13095 9.87495
67.02037630 0.32700002 -0.16005 9.868051
67.08011420 0.32700002 -0.16005 9.868051
67.14013490 0.32700002 -0.16005 9.868051
67.20006940 0.342 -0.13395001 9.873
67.26030900 0.342 -0.13395001 9.873
67.31985320 0.32700002 -0.13605 9.868051
67.37980220 0.32700002 -0.13605 9.868051
67.44025170 0.32700002 -0.13605 9.868051
67.50030660 0.32700002 -0.13605 9.877951
67.56009860 0.32700002 -0.13605 9.877951
67.61979470 0.31305 -0.13905 9.8560505
67.67986950 0.32295 -0.12900001 9.877951
67.74006660 0.32295 -0.12900001 9.877951
67.80028570 0.32505003 -0.14595 9.885
67.86003810 0.32505003 -0.14595 9.885
67.92035690 0.31800002 -0.14805001 9.877951
67.98050460 0.31995 -0.13395001 9.885
68.04057600 0.32295 -0.14295001 9.873
68.15899270 0.32295 -0.14295001 9.873
68.21904410 0.33900002 -0.14595 9.870001
68.27901200 0.33900002 -0.14595 9.870001
68.33880420 0.33705002 -0.141 9.87495
68.39866030 0.31995 -0.15300001 9.882001
68.45873110 0.31995 -0.15300001 9.882001
68.51866190 0.32700002 -0.15495001 9.873
68.57853350 0.32505003 -0.17205001 9.8869505
68.63845580 0.31305 -0.16305001 9.880051
68.69928110 0.402 -0.15495001 9.885
68.75949650 0.402 -0.15495001 9.885
68.81951820 0.42795002 -0.18195 9.882001
68.88003270 0.282 -0.105 9.865951
68.94030690 0.282 -0.105 9.865951
69.00058050 0.35895002 -0.18705001 9.882001
69.06103680 0.35895002 -0.18705001 9.882001
69.12114060 0.33 -0.20595 9.882001
69.18083740 0.363 -0.12705001 9.892051
69.24081230 0.363 -0.12705001 9.892051
69.30103410 0.36600003 -0.12405001 9.87495
69.36060000 0.24795002 -0.15495001 9.87495
69.42080120 0.24795002 -0.15495001 9.87495
69.48070060 0.12900001 0.37800002 9.76305
69.54056080 0.12900001 0.37800002 9.76305
69.60066600 0.12900001 0.37800002 9.76305
69.66062090 0.17205001 0.21000001 10.087951
69.72106440 0.17205001 0.21000001 10.087951
69.78138150 0.201 0.13800001 9.66705
69.84239420 0.201 0.13800001 9.66705
69.90349690 -0.021 0.09495001 9.82695
69.96314610 0.60495 -0.093 9.93
70.02281470 0.60495 -0.093 9.93
70.08290470 0.49005002 -0.11205 9.859051
70.14327340 0.49005002 -0.11205 9.859051
70.20336550 0.39195 -0.18900001 9.889951
70.26362410 0.39195 -0.18900001 9.889951
70.32397090 0.45000002 -0.19905001 9.873
70.38450550 0.186 -0.13605 9.877951
70.44448020 0.186 -0.13605 9.877951
70.50421730 0.39900002 -0.16005 9.837001
70.56376600 0.39900002 -0.16005 9.837001
70.62374010 0.27495003 -0.10305001 9.859051
70.68361460 0.34695002 -0.16305001 9.906
70.74377900 0.34695002 -0.16305001 9.906
70.80391420 0.29595003 -0.13095 9.870001
70.86390340 0.29595003 -0.13095 9.870001
70.92400100 0.29595003 -0.13095 9.870001
70.98414410 0.40395 -0.15795001 9.882001
71.04404240 0.40395 -0.15795001 9.882001
71.10401140 0.36600003 -0.11505 9.865951
71.28366430 -1.542 0.093 9.978001
71.34363580 -0.22500001 -0.23400001 9.1380005
71.40346360 -0.52905005 -2.13105 9.768001
71.46332330 -4.4710503 -3.0970502 7.8370504
71.52348360 -4.4710503 -3.0970502 7.8370504
71.58388530 -4.7710505 -4.7200503 8.59605
71.64389210 -3.8029501 -3.3820503 8.838
71.70434650 -3.8560503 0.31500003 6.867
71.76458210 -3.8560503 0.31500003 6.867
71.82523240 -1.48695 1.21605 5.0230503
71.88502600 1.59405 0.78195006 7.7149506
71.94500850 1.59405 0.78195006 7.7149506
72.00524650 1.59405 0.78195006 7.7149506
72.06614140 0.27 0.303 9.38895
72.12596750 0.27 0.303 9.38895
72.18565630 0.17400001 0.31305 9.934951
72.24616660 0.17400001 0.31305 9.934951
72.30626380 0.04995 0.37305 9.814951
72.36600220 0.10005 0.38700002 9.861
72.42573440 0.10005 0.38700002 9.861
72.48620430 0.093 0.31095 9.882001
72.54635410 0.093 0.31095 9.882001
72.60638540 0.093 0.31095 9.882001
72.66636540 0.057 0.44205 9.882001
72.72657870 0.057 0.44205 9.882001
72.78751960 0.13800001 0.34905002 9.81105
72.84751280 0.13800001 0.34905002 9.81105
72.90724940 0.14295001 0.28695002 9.898951
72.96703700 0.14505 0.57405 9.78705
73.02744860 0.14505 0.57405 9.78705
73.08781660 0.01905 0.32505003 9.8869505
73.14794330 0.18900001 0.39705002 9.84405
73.21533080 0.18900001 0.39705002 9.84405
73.29406780 0.07095 0.40905002 9.865951
73.35407080 0.11205 0.43005002 9.880051
73.41458300 0.11205 0.43005002 9.880051
73.47456670 0.10995001 0.40905002 9.861
73.53415200 0.06900001 0.411 9.87495
73.59429280 0.06900001 0.411 9.87495
73.65427650 0.09495001 0.41805002 9.859051
73.71430830 0.09495001 0.41805002 9.859051
73.77437720 0.09495001 0.41805002 9.859051
73.83456780 0.10200001 0.41805002 9.868051
73.89483370 0.10200001 0.41805002 9.868051
73.95445820 0.10200001 0.41805002 9.868051
74.01429970 0.078 0.43005002 9.868051
74.07450850 0.078 0.43005002 9.868051
74.13454150 0.10005 0.43995002 9.87495
74.19435060 0.10005 0.43995002 9.87495
74.25419770 0.105 0.42795002 9.87495
74.31386580 0.09795 0.43800002 9.868051
74.37424110 0.09795 0.43800002 9.868051
