0.13836060 -0.0045375 -0.004675 0.0009625
0.20252260 -0.001375 -0.002475 0.0009625
0.26287020 -0.0004125 0.0006875 -0.0001375
0.32305090 -0.0004125 0.0006875 -0.0001375
0.38257470 0.0017875 0.0006875 -0.0001375
0.44246200 -0.001375 -0.0004125 -0.0001375
0.50246970 -0.0004125 0.0006875 -0.0001375
0.56247390 -0.0004125 0.0006875 -0.0001375
0.62227230 -0.000275 0.0006875 -0.0001375
0.68238350 -0.000275 0.0006875 -0.0001375
0.74259250 -0.000275 -0.001375 -0.0001375
0.80248380 0.0006875 -0.0004125 0.0009625
0.86201340 -0.000275 -0.0004125 0.0009625
0.92207060 -0.000275 -0.0004125 0.0009625
0.98195910 -0.000275 -0.0004125 0.0009625
1.04194920 0.0006875 -0.0004125 -0.0001375
1.10175390 -0.000275 0.0006875 -0.0001375
1.16131380 -0.0045375 0.0070125 0.0020625
1.22154820 0.022 0.0028875 0.004125
1.28193010 0.022 0.0028875 0.004125
1.34201740 0.0092125 -0.0132 0.0009625
1.45359010 0.0039875 -0.001375 0.0009625
1.51372360 0.0028875 -0.002475 -0.0001375
1.57371660 0.0028875 -0.002475 -0.0001375
1.63331130 -0.001375 -0.0004125 -0.0001375
1.69306690 0.0017875 -0.0004125 -0.0011
1.75283880 0.0017875 -0.0004125 -0.0011
1.81299700 -0.001375 -0.002475 -0.0001375
1.87274520 0.0017875 -0.0004125 -0.0001375
1.93273140 -0.001375 -0.0004125 -0.0001375
1.99376030 -0.001375 -0.0004125 -0.0001375
2.06363770 -0.000275 0.0006875 -0.0001375
2.12337450 -0.000275 0.0006875 -0.0001375
2.18311400 -0.000275 -0.001375 0.0009625
2.24317860 -0.000275 -0.0004125 -0.0001375
2.30324950 -0.000275 -0.0004125 -0.0001375
2.36368870 -0.001375 0.0006875 -0.0001375
2.42357310 0.0006875 0.0006875 0.0009625
2.48321250 0.0006875 0.0006875 0.0009625
2.54351990 -0.000275 0.0006875 -0.0001375
2.60320480 -0.000275 -0.0004125 -0.0001375
2.66340360 -0.000275 -0.001375 0.0009625
2.72308380 -0.000275 0.0006875 -0.0001375
2.78360640 -0.000275 0.0006875 -0.0001375
2.84390100 -0.000275 -0.0004125 0.0009625
2.90366280 0.0006875 -0.0004125 -0.0001375
2.96404860 0.0006875 -0.0004125 -0.0001375
3.02420580 0.0006875 0.0006875 -0.0001375
3.08514610 0.0006875 0.0006875 -0.0001375
3.14509470 -0.000275 -0.0004125 -0.
3.20810650 -0.001375 0.0006875 -0.
3.26836250 -0.000275 -0.0004125 -0.
3.32841080 -0.000275 -0.0004125 -0.
3.38860070 -0.000275 0.0006875 -0.
3.44825540 0.000825 0.0006875 -0.
3.50813040 -0.001375 -0.0004125 0.0009625
3.56783100 -0.001375 -0.0004125 0.0009625
3.62773600 0.000825 0.0006875 -0.
3.68782780 -0.000275 -0.0004125 -0.
3.74760310 -0.000275 -0.0004125 -0.
3.80761250 -0.000275 -0.0004125 -0.
3.86749740 -0.000275 -0.0004125 0.0009625
3.92811170 -0.000275 -0.0004125 -0.0011
3.98765590 0.000825 0.0006875 -0.
4.04760990 -0.000275 -0.0004125 -0.
4.11119780 -0.000275 -0.0004125 -0.
4.17174660 0.000825 0.0006875 -0.
4.23185860 -0.000275 -0.0004125 0.0011
4.29237550 -0.000275 -0.0004125 0.0011
4.35325460 -0.000275 -0.0004125 -0.
4.41304480 -0.000275 -0.0004125 -0.
4.47278020 -0.001375 -0.0004125 -0.0011
4.53328980 -0.000275 -0.0004125 -0.
4.59341810 -0.000275 -0.0004125 -0.
4.65365630 -0.000275 -0.0004125 -0.
4.71384720 -0.000275 0.0006875 -0.
4.77363120 -0.000275 -0.001375 -0.
4.83361540 0.000825 -0.0004125 -0.
4.90055160 0.000825 -0.0004125 -0.
4.96196240 -0.000275 -0.0004125 -0.
5.02920000 -0.001375 -0.0004125 -0.
5.08909270 -0.000275 0.0006875 -0.
5.14895120 -0.000275 0.0006875 -0.
5.20865570 -0.000275 -0.0004125 -0.
5.26823790 -0.000275 -0.0004125 -0.0011
5.32788930 -0.000275 -0.0004125 -0.0011
5.38785610 -0.000275 -0.0004125 -0.0011
5.44793240 0.000825 -0.0004125 0.0011
5.50814420 0.000825 -0.0004125 0.0011
5.56761130 -0.000275 -0.0004125 -0.
5.62783020 -0.000275 -0.0004125 -0.
5.68754350 0.000825 -0.0004125 -0.
5.74787970 -0.001375 -0.0004125 -0.0011
5.80740510 0.000825 -0.0004125 0.
5.86732600 -0.001375 0.0006875 0.
5.92748990 -0.001375 0.0006875 0.
5.98773060 -0.000275 0.0006875 0.
6.07449130 0.000825 -0.0004125 0.
6.13677340 0.000825 -0.0004125 0.
6.19726370 -0.000275 -0.0004125 0.
6.25727670 -0.000275 -0.0004125 -0.0011
6.31717570 -0.000275 -0.0004125 -0.
6.37690670 -0.000275 -0.0004125 -0.
6.43676100 0.000825 -0.0004125 -0.
6.49742750 -0.000275 -0.0004125 -0.
6.55772350 -0.000275 -0.0004125 -0.
6.61792800 0.000825 0.0006875 -0.
6.67796920 0.000825 0.0006875 -0.
6.73810020 -0.000275 -0.0004125 -0.
6.79822620 -0.000275 -0.0004125 -0.
6.85803220 -0.000275 -0.0004125 0.0011
6.91833320 -0.000275 -0.0004125 -0.
6.97811280 -0.000275 -0.0004125 -0.
7.03762440 0.0017875 -0.0004125 -0.
7.09758090 -0.000275 0.0006875 -0.
7.15762860 -0.000275 0.0006875 -0.
7.21793750 -0.000275 -0.0004125 0.0011
7.27756860 0.000825 -0.0004125 -0.
7.34083270 0.000825 -0.0004125 0.0011
7.40089300 0.000825 -0.001375 -0.
7.46115180 -0.000275 -0.0004125 -0.
7.52116390 0.000825 0.0006875 -0.
7.58130300 0.000825 0.0006875 -0.
7.64203490 -0.000275 -0.0004125 -0.
7.70194040 -0.000275 -0.0004125 0.0011
7.76172250 -0.000275 -0.0004125 0.0011
7.82133660 -0.0034375 0.001925 0.0020625
7.88117030 -0.0088 0.001925 0.0031625
7.94135320 -0.0088 0.001925 0.0031625
8.00158980 -0.0097625 0.000825 0.0020625
8.06146870 0.003025 0.001925 -0.0011
8.12169300 0.000825 0.001925 -0.0011
8.18176940 0.000825 0.001925 -0.0011
8.24166610 -0.0012375 -0.000275 -0.0001375
8.30187330 -0.0012375 -0.000275 -0.0001375
8.36197620 0.000825 0.001925 0.0009625
8.42176060 -0.000275 0.000825 -0.0001375
8.48153230 -0.000275 0.000825 -0.0001375
8.54149270 -0.000275 -0.000275 -0.0001375
8.60198690 -0.000275 0.000825 -0.0001375
8.66208850 0.0369875 0.015675 -0.0001375
8.72192240 0.0061875 0.000825 -0.0001375
8.78240610 0.0061875 0.000825 -0.0001375
8.84218580 -0.000275 -0.0045375 -0.0011
8.90224780 0.003025 0.001925 -0.0001375
8.96275250 0.003025 0.001925 -0.0001375
9.02283850 -0.0501875 -0.02365 0.003025
9.08951150 -0.0501875 -0.02365 0.003025
9.14931220 -0.1821875 -0.0737 0.0083875
9.20879570 -0.74195 0.43505 0.2393875
9.26872440 -0.74195 0.43505 0.2393875
9.32860890 -1.5996749 -0.08855 0.19139999
9.38821150 -2.1212125 -0.4684625 0.022275
9.44800600 -2.1212125 -0.4684625 0.022275
9.50796850 -2.304225 -0.050325 0.0499125
9.56794330 -2.3670626 -0.111925 0.0743875
9.62783750 -2.2606375 -0.2151875 0.018975
9.68743660 -2.2606375 -0.2151875 0.018975
9.74724580 -1.618925 -0.0418 0.070125
9.80756230 -1.618925 -0.0418 0.070125
9.86742390 -1.30075 -0.0418 0.07865
9.92751870 -1.109075 -0.2151875 0.0424875
9.98727270 -0.816475 -0.1183875 -0.05445
10.04705120 -0.392975 0.0114125 0.003025
10.11717660 -0.392975 0.0114125 0.003025
10.17700410 -0.1907125 0.0028875 0.055275
10.23717130 -0.176825 -0.0097625 -0.0160875
10.29710950 -0.176825 -0.0097625 -0.0160875
10.35723220 -0.1736625 -0.000275 -0.0671
10.41751850 -0.341825 -0.001375 0.038225
10.47740110 -0.341825 -0.001375 0.038225
10.53718440 -0.3014 0.00825 0.037125
10.59702640 -0.1843875 -0.0077 -0.0671
10.65704370 -0.18645 -0.0023375 -0.0320375
10.71739650 -0.28435 -0.001375 0.020075
10.77733310 -0.28435 -0.001375 0.020075
10.83708470 -0.0598125 -0.001375 -0.012925
10.90744540 -0.0598125 -0.001375 -0.012925
10.96707990 -0.048125 -0.000275 -0.010725
11.02723970 -0.0204875 -0.000275 0.0072875
11.08698920 0.032725 0.000825 -0.0053625
11.14752480 0.032725 0.000825 -0.0053625
11.20769780 0.01045 0.000825 -0.0044
11.26745650 -0.0290125 0.000825 0.003025
11.32840100 -0.0290125 0.000825 0.003025
11.38858360 -0.0290125 0.000825 -0.0044
11.44843440 0.0072875 0.000825 -0.0022
11.50827240 0.00825 0.000825 0.0020625
11.56818500 0.00825 0.000825 0.0020625
11.62798090 -0.014025 -0.000275 -0.0075625
11.68762370 -0.0012375 0.000825 -0.0033
11.74764630 0.003025 0.000825 -0.0053625
11.80767300 -0.02255 -0.000275 -0.011825
11.86742140 -0.02365 -0.000275 -0.0022
11.92733940 -0.02365 -0.000275 -0.0022
12.04931320 -0.0108625 0.000825 -0.0044
12.11026360 -0.016225 -0.000275 0.005225
12.17007680 -0.016225 -0.000275 0.005225
12.22985630 -0.0055 0.000825 0.0009625
12.28962310 -0.0045375 -0.000275 0.006325
12.34952560 -0.0045375 -0.000275 0.006325
12.40918700 -0.0012375 0.001925 -0.0022
12.46910260 -0.0055 0.001925 -0.0044
12.52875980 -0.014025 -0.000275 -0.0022
12.58826110 -0.02365 0.000825 -0.0053625
12.64782040 -0.02365 0.000825 -0.0053625
12.70742240 -0.0097625 -0.000275 -0.0001375
12.76763920 0.0072875 0.000825 -0.0022
12.82734830 0.0072875 0.000825 -0.0022
12.88736870 0.00935 0.000825 -0.0053625
12.94721770 0.0275 0.001925 -0.011825
13.00739090 0.015675 -0.001375 0.0009625
13.06747050 -0.02475 0.000825 -0.0055
13.12777670 -0.02475 0.000825 -0.0055
13.18787100 -0.015125 -0.000275 -0.0044
13.24826540 0.003025 -0.000275 0.0020625
13.30808240 0.003025 -0.000275 0.0020625
13.36807160 0.003025 -0.000275 -0.0012375
13.42870320 -0.0097625 0.000825 -0.0033
13.48869350 -0.0171875 -0.000275 -0.0001375
13.54835310 -0.0012375 -0.000275 -0.0022
13.60784340 -0.0012375 -0.000275 -0.0022
13.66769810 0.0221375 0.001925 -0.010725
13.72891710 0.0232375 0.001925 -0.0022
13.78896080 -0.0097625 -0.001375 0.004125
13.84913130 -0.0193875 -0.000275 0.0020625
13.90963550 -0.0193875 -0.000275 0.0020625
13.96951070 0.0050875 -0.001375 -0.0086625
14.02958150 0.0199375 0.000825 -0.0001375
14.08938650 0.0199375 0.000825 -0.0001375
14.14945750 0.04015 0.0039875 -0.0055
14.20934640 -0.0066 -0.0023375 0.01155
14.26992190 -0.02475 -0.0045375 -0.0033
14.32990240 -0.02475 -0.0045375 -0.0033
14.38950540 0.0039875 -0.001375 -0.0064625
14.44938420 0.0264 -0.001375 -0.0033
14.50923000 0.0264 -0.001375 -0.0033
14.56967840 -0.0427625 -0.000275 -0.0033
14.62946750 -0.0427625 -0.000275 -0.0033
14.68915800 -0.048125 -0.0023375 -0.0022
14.74897790 0.0477125 -0.000275 0.004125
14.80896840 0.0477125 -0.000275 0.004125
14.86854220 0.0221375 -0.000275 0.004125
14.92849320 0.0072875 -0.000275 0.0328625
14.98848350 0.2264625 -0.0023375 0.0584375
15.04904740 0.5042125 -0.0045375 0.0020625
15.10913790 0.5042125 -0.0045375 0.0020625
15.16876790 1.1235125 0.0253 0.018975
15.22864900 1.4652 0.0210375 -0.0257125
15.28910230 1.4652 0.0210375 -0.0257125
15.34916250 1.793 0.1252625 -0.0097625
15.40908950 1.9866 0.1243 0.0477125
15.46923100 2.1080124 0.0147125 -0.0661375
15.52942780 2.1399126 -0.0056375 -0.01815
15.58966820 2.1399126 -0.0056375 -0.01815
15.64944750 1.8951625 0.0199375 0.1276
15.71010710 1.5769875 -0.1397 0.1595
15.77005710 1.3385625 -0.1832875 -0.08305
15.83100730 1.3385625 -0.1832875 -0.08305
15.89085260 1.211925 -0.0672375 0.1222375
15.95069230 0.9139625 -0.0715 0.0413875
16.01024190 0.689425 -0.0396 0.0009625
16.07001540 0.76175 -0.016225 0.0903375
16.12986920 0.76175 -0.016225 0.0903375
16.19012000 0.9862875 0.1007875 0.001925
16.25008370 -0.0705375 0.00935 0.005225
16.31007310 -0.0705375 0.00935 0.005225
16.37050760 0.1051875 0.065725 0.0317625
16.43023840 0.048675 0.048675 0.0072875
16.49031200 0.04235 0.0114125 -0.0022
16.55013010 0.0072875 -0.000275 0.0009625
16.61036360 0.0072875 -0.000275 0.0009625
16.67011370 0.555225 0.7797625 -0.0086625
16.72988470 -0.0715 -0.098175 0.0009625
16.78942570 -0.0715 -0.098175 0.0009625
16.84900440 -0.02255 -0.031075 -0.0001375
16.91206110 -0.02255 -0.031075 -0.0001375
16.97199840 -0.0012375 -0.0023375 -0.0001375
17.03172120 0.000825 0.001925 0.0009625
17.09171580 0.000825 0.001925 0.0009625
17.15193350 0.000825 -0.000275 0.0009625
17.21256480 0.001925 0.000825 -0.0001375
17.27226240 0.000825 -0.000275 -0.0001375
17.33193740 0.000825 -0.000275 -0.0001375
17.39230280 -0.0012375 0.000825 -0.0001375
17.45221890 0.000825 -0.000275 -0.0001375
17.51194210 0.000825 -0.000275 -0.0001375
17.57164300 0.000825 -0.000275 0.0009625
17.63142160 0.000825 -0.000275 0.0009625
17.69157430 -0.000275 -0.000275 -0.0001375
17.75149920 0.0039875 -0.0056375 -0.0001375
17.81137550 0.0039875 -0.0056375 -0.0001375
17.87156690 0.001925 -0.0045375 -0.0012375
17.93177490 0.0061875 0.000825 -0.0001375
17.99181140 0.001925 -0.001375 -0.0001375
18.05161380 0.001925 0.000825 -0.0001375
18.11265190 0.001925 0.000825 -0.0001375
18.17268670 -0.000275 -0.000275 -0.0011
18.23298260 0.001925 0.000825 -0.0001375
18.29303250 0.001925 0.000825 -0.0001375
18.35295580 -0.000275 -0.000275 -0.0001375
18.41313670 0.000825 -0.000275 -0.0001375
18.47288300 -0.000275 0.000825 -0.0011
18.53332810 0.000825 0.000825 -0.0001375
18.59321440 0.000825 0.000825 -0.0001375
18.65315520 0.000825 -0.001375 0.0009625
18.71300130 -0.0012375 -0.000275 -0.0001375
18.77313300 -0.000275 0.000825 -0.0011
18.83282370 -0.000275 0.000825 -0.0011
18.89240830 -0.000275 0.000825 -0.0001375
18.95242380 -0.000275 -0.000275 0.0009625
19.01253640 0.000825 -0.000275 -0.0001375
19.07264380 0.000825 -0.000275 -0.0001375
19.13246210 0.000825 -0.000275 -0.0001375
19.19213090 0.000825 -0.000275 -0.0001375
19.25191130 -0.000275 -0.000275 -0.0001375
19.31241160 -0.000275 -0.000275 -0.0001375
19.37238710 -0.000275 -0.000275 -0.0001375
19.43204320 -0.000275 -0.000275 -0.0001375
19.49176240 -0.000275 -0.000275 -0.0001375
19.55199380 -0.000275 0.000825 -0.0011
19.61223030 -0.000275 0.000825 -0.0011
19.67175160 -0.000275 -0.000275 -0.0011
19.73187220 -0.000275 0.000825 -0.0001375
19.79236510 -0.000275 0.000825 -0.0001375
19.85205650 0.000825 0.000825 -0.0001375
19.91657350 0.000825 0.000825 -0.0001375
19.97674980 -0.000275 -0.000275 -0.0011
20.03681430 -0.000275 0.000825 -0.0001375
20.09674980 -0.000275 0.000825 -0.0001375
20.15684230 -0.000275 -0.000275 -0.0001375
20.21649580 -0.000275 0.000825 -0.0001375
20.27672770 -0.0023375 0.000825 0.0009625
20.33694150 -0.0023375 0.000825 0.0009625
20.39739540 -0.0034375 0.001925 -0.0001375
20.45738900 -0.0204875 0.0050875 0.0094875
20.51722180 0.0061875 0.001925 -0.0033
20.57787760 -0.000275 0.0028875 -0.0011
20.63799480 -0.000275 0.0028875 -0.0011
20.69787100 0.000825 -0.001375 -0.0001375
20.75746640 -0.0023375 -0.000275 -0.0011
20.81748370 0.003025 0.0028875 -0.0001375
20.87763480 -0.0023375 -0.001375 -0.0001375
20.93784140 -0.0023375 -0.001375 -0.0001375
20.99808090 0.000825 0.001925 -0.0011
21.05846060 -0.000275 0.0028875 -0.0001375
21.11838680 -0.000275 0.0028875 -0.0001375
21.17815420 0.14245 0.1274625 -0.0022
21.23819450 -0.0672375 -0.0928125 0.0020625
21.29773160 0.1359875 0.2008875 -0.0053625
21.38401840 0.1359875 0.2008875 -0.0053625
21.44423550 -0.3025 0.15619999 -0.126775
21.50438700 -0.0193875 5.2366877 -0.647075
21.56503600 -0.0193875 5.2366877 -0.647075
21.62517840 -0.2215125 4.1234875 -0.0383625
21.68505030 0.2498375 4.6875124 -0.254375
21.74531440 0.2498375 4.6875124 -0.254375
21.80544880 0.575575 4.0255876 -0.172425
21.86522640 -0.1747625 1.1809875 0.053075
21.92485690 -0.02255 0.5201625 0.0732875
21.98450180 -0.02255 0.5201625 0.0732875
22.04432270 0.0147125 -0.2226125 0.0488125
22.10452670 -0.0108625 0.3051125 0.0658625
22.16426270 -0.0108625 0.3051125 0.0658625
22.22396900 -0.045925 0.4158 -0.0235125
22.28393370 0.0050875 -0.1280125 0.0339625
22.34401210 -0.049225 0.21573749 -0.0086625
22.40385530 0.0050875 -0.08745 0.0265375
22.46417290 0.0050875 -0.08745 0.0265375
22.52394620 0.001925 -0.0088 0.01485
22.58465200 0.001925 -0.0204875 0.01375
22.64496960 0.001925 -0.0204875 0.01375
22.70476120 0.0125125 -0.0204875 0.0105875
22.76497560 0.0125125 -0.0204875 0.0105875
22.82502670 0.0221375 -0.18645 0.0072875
22.88467900 -0.0055 -0.1332375 0.022275
22.94449490 -0.0055 -0.1332375 0.022275
23.00463220 -0.032175 0.228525 -0.01815
23.06471000 0.00825 -0.016225 0.0083875
23.12475550 -0.0023375 0.017875 0.0020625
23.18458200 -0.000275 0.0028875 0.0020625
23.24482830 -0.0023375 -0.02365 0.005225
23.31281710 -0.0023375 -0.02365 0.005225
23.37277300 -0.0034375 -0.0023375 0.0009625
23.43294920 -0.0012375 -0.047025 0.0020625
23.49275820 -0.0012375 -0.047025 0.0020625
23.55248820 -0.012925 0.001925 -0.0011
23.61200030 -0.015125 0.047575 -0.0086625
23.67209340 -0.015125 0.047575 -0.0086625
23.73206720 0.000825 0.01045 -0.0001375
23.79173880 0.000825 0.01045 -0.0001375
23.85153020 -0.000275 -0.0204875 -0.0022
23.91131370 -0.0045375 -0.0726 0.0020625
23.97162530 -0.0045375 -0.0726 0.0020625
24.03173930 -0.0055 -0.58025 -0.0138875
24.09157750 -0.05555 -1.1485375 -0.027775
24.15130570 -0.308825 -1.668975 -0.0044
24.21151580 -1.4454 -3.614325 0.0521125
24.27166950 -1.4454 -3.614325 0.0521125
24.33141980 -1.4113 -3.7632375 0.4021875
24.39132390 -0.1599125 -2.8864 0.0935
24.45188630 0.4615875 -2.0051625 -0.0576125
24.51154770 -0.243925 -5.0573874 -0.7429125
24.57145800 -0.243925 -5.0573874 -0.7429125
24.63128720 0.37125 -4.300725 -0.44605
24.69152520 0.37125 -4.300725 -0.44605
24.75182360 1.02245 1.028775 -0.076725
24.81179700 0.07645 0.1508375 -0.0682
24.87160880 -0.0119625 -0.0396 0.005225
24.93251140 0.034925 0.0466125 -0.0001375
25.00343320 0.1221 0.1582625 0.0009625
25.06348160 -0.0034375 0.001925 -0.0001375
25.12339040 -0.0034375 0.001925 -0.0001375
25.18323320 -0.0661375 -0.062975 -0.0001375
25.24339860 -0.015125 -0.015125 -0.0001375
25.30312350 -0.0045375 -0.0023375 -0.0001375
25.36346920 -0.0045375 -0.0023375 -0.0001375
25.42325910 -0.0023375 -0.0034375 -0.0011
25.49325540 0.0061875 0.0028875 -0.0011
25.56677570 0.0061875 0.0028875 -0.0011
25.62753210 0.0636625 0.0763125 -0.0011
25.68767490 0.0147125 0.015675 -0.0011
25.74770560 0.0147125 0.015675 -0.0011
25.80832940 0.0061875 0.00825 -0.0011
25.86854720 -0.0066 -0.0077 -0.0001375
25.92813240 -0.0066 -0.0077 -0.0001375
25.98810310 0.0039875 0.0028875 -0.0001375
26.04780990 0.00935 0.0039875 -0.0022
26.10777800 0.00935 0.0050875 -0.0011
26.16791990 0.00935 0.0050875 -0.0011
26.22749320 0.0050875 0.001925 -0.0011
26.28826880 0.003025 0.001925 -0.0001375
26.34808150 0.0039875 0.001925 -0.0011
26.40827030 0.0039875 0.001925 -0.0011
26.46871710 -0.000275 -0.001375 -0.0011
26.52873120 -0.000275 -0.001375 -0.0001375
26.58858160 -0.000275 -0.001375 -0.0011
26.64842550 -0.000275 -0.001375 -0.0001375
26.71076720 0.000825 0.000825 -0.0022
26.77095260 0.000825 0.000825 -0.0022
26.83110920 -0.0044 -0.0045375 -0.
26.89096110 -0.0182875 -0.016225 -0.
26.95108530 -0.0182875 -0.016225 -0.
27.01180230 -0.0438625 -0.0438625 -0.
27.07204560 -0.0171875 -0.0099 -0.0011
27.13181250 -0.0171875 -0.0099 -0.0011
27.19294870 -0.0066 -0.001375 -0.
27.25257020 -0.0416625 -0.0609125 -0.0011
27.31215150 -0.0108625 -0.0045375 0.005225
27.37207010 0.0158125 0.00935 -0.0001375
27.43191170 0.0158125 0.00935 -0.0001375
27.50954150 0.0253 0.00825 -0.0022
27.56920230 0.0210375 0.0136125 -0.0011
27.62947400 0.0136125 0.00825 -0.0001375
27.68965440 0.01155 0.0114125 0.0009625
27.74968480 0.0210375 0.0221375 0.0402875
27.81651900 0.0136125 0.0221375 0.3606625
27.91318090 0.0136125 0.0221375 0.3606625
27.97315470 -0.0086625 0.00825 0.27981248
28.03369280 0.017875 0.050875 0.5671875
28.09379460 0.003025 0.049775 0.5490375
28.15333530 0.003025 0.049775 0.5490375
28.21326240 -0.0077 0.031625 0.60335
28.27347720 -0.0119625 0.0273625 0.6736125
28.33355290 -0.0119625 0.0273625 0.6736125
28.39355740 -0.0045375 0.0188375 0.546975
28.52466480 -0.0055 0.0253 0.1808125
28.58816300 0.0050875 -0.0023375 -0.009625
28.64808470 0.0061875 -0.0088 -0.0011
28.70807990 0.000825 -0.000275 -0.0001375
28.76821910 0.000825 -0.000275 -0.0001375
28.82826420 0.000825 -0.000275 -0.0011
28.88810070 0.001925 -0.0023375 -0.0011
28.94809590 0.001925 -0.0023375 -0.0011
29.00817950 0.001925 -0.0034375 -0.0011
29.06817270 0.000825 -0.000275 -0.0001375
29.12778750 0.000825 -0.000275 -0.0001375
29.18853980 0.001925 -0.0034375 -0.0011
29.24847490 0.003025 -0.0034375 -0.0011
29.30812560 0.000825 -0.001375 -0.0011
29.36825890 -0.0012375 -0.0023375 -0.0011
29.42827250 -0.0012375 -0.0023375 -0.0011
29.48870910 -0.0012375 -0.001375 -0.0001375
29.54877230 -0.000275 -0.001375 -0.0011
29.60888040 0.000825 -0.001375 -0.0011
29.66884410 0.000825 -0.001375 -0.0011
29.72873030 -0.0012375 0.0028875 -0.0011
29.78856130 -0.000275 -0.0034375 -0.0011
29.84852370 -0.000275 -0.0034375 -0.0011
29.90822240 -0.0023375 0.0039875 -0.0011
29.96946730 -0.0034375 0.0028875 -0.0011
30.02943810 -0.0119625 0.00935 -0.0011
30.10846520 -0.0119625 0.00935 -0.0011
30.16837920 -0.0342375 0.0561 0.0020625
30.22870320 -0.0396 0.0380875 -0.0011
30.29421560 -0.0012375 0.001925 -0.
30.35485670 -0.0045375 0.00825 -0.0001375
30.42634910 -0.0045375 0.00825 -0.0001375
30.49027120 0.000825 -0.000275 -0.0011
30.55027310 0.001925 -0.000275 -0.0011
30.61075620 -0.0034375 0.0114125 -0.0001375
30.67059250 -0.000275 -0.000275 -0.0001375
30.73042720 -0.000275 -0.000275 -0.0001375
30.79013870 0.000825 -0.0023375 -0.0011
30.85044050 0.001925 -0.001375 -0.0011
30.91071600 0.001925 -0.001375 -0.0011
30.97069870 0.00935 -0.0088 -0.0011
31.03075330 0.00935 -0.0108625 -0.0022
31.09052000 0.0125125 -0.0290125 -0.0033
31.15062740 0.0125125 -0.0290125 -0.0033
31.21038490 -0.08635 -0.064075 -0.76945
31.26997650 0.0540375 -0.064075 -1.5283124
31.33063100 0.0540375 -0.064075 -1.5283124
31.39072710 0.0977625 -0.0768625 -2.01465
31.45044900 0.0614625 -0.0715 -1.416525
31.51053030 0.0774125 0.0125125 -1.54
31.57032500 0.0774125 0.0125125 -1.54
31.63031820 -0.0694375 -0.099275 -0.6513375
31.68984590 -0.05555 -0.048125 -0.58959997
31.74964360 -0.05555 -0.048125 -0.58959997
31.80983080 -0.0842875 -0.1067 -0.614075
31.86974590 0.036025 0.0870375 -0.7162375
31.92937700 0.036025 0.0870375 -0.7162375
31.98910370 0.0253 0.0284625 -0.63855
32.04877060 0.032725 0.0594 -0.4778125
32.10910840 0.032725 0.0594 -0.4778125
32.16865380 -0.0066 -0.016225 -0.2267375
32.22862510 -0.0023375 0.0028875 -0.21395
32.28870690 -0.0023375 0.0028875 -0.21395
32.34896410 -0.0044 0.017875 -0.1777875
32.42772860 -0.0044 0.017875 -0.1777875
32.48820320 -0.0044 0.031625 -0.237325
32.54868320 -0.0182875 -0.0193875 -0.124575
32.60830680 -0.0012375 0.00825 -0.088275
32.66861270 -0.0012375 0.00825 -0.088275
32.72893840 -0.045925 -0.0715 -0.0691625
32.78929090 -0.02365 -0.0385 0.0011
32.84905500 -0.016225 -0.0364375 -0.
32.90935300 -0.0108625 -0.014025 0.0022
32.96942750 -0.0108625 -0.014025 0.0022
33.02923760 -0.0086625 -0.0130625 -0.0011
33.08896720 -0.0001375 0.000825 -0.0011
33.14892050 -0.0001375 0.000825 -0.0011
33.20879910 0.004125 0.0039875 -0.0011
33.27719710 0.004125 0.0039875 -0.0011
33.33694730 0.001925 0.00935 -0.0011
33.39711690 -0.0182875 0.000825 -0.0020625
33.45735490 -0.0182875 0.000825 -0.0020625
33.51716370 0.001925 0.000825 -0.0009625
33.57738150 -0.0001375 -0.001375 -0.0009625
33.63707730 -0.0001375 -0.001375 -0.0009625
33.69714480 -0.0001375 -0.000275 -0.0009625
33.75733040 -0.0001375 -0.001375 -0.0009625
33.82135850 -0.0097625 -0.0182875 0.0022
33.90206960 -0.0097625 -0.0182875 0.0022
33.96766180 -0.0001375 0.000825 -0.0009625
34.02803020 -0.0001375 -0.0023375 0.
34.08829070 0.0061875 0.00715 -0.0009625
34.14807310 0.0061875 0.00715 -0.0009625
34.20802460 0.000825 -0.0023375 -0.0009625
34.26789930 -0.0001375 -0.000275 -0.0009625
34.32763830 -0.0001375 -0.000275 -0.0009625
34.38789370 -0.0023375 0.000825 -0.0009625
34.45370540 -0.0023375 0.000825 -0.0009625
34.51538270 0.00935 0.00715 0.0022
34.57653460 -0.0012375 -0.0034375 0.0001375
34.65038060 0.001925 -0.000275 -0.0009625
34.71105360 -0.0012375 -0.0023375 0.0001375
34.77109530 -0.0012375 -0.0023375 0.0001375
34.83091220 -0.0001375 0.000825 0.0001375
34.89396350 0.0009625 0.001925 -0.0031625
34.95623610 0.0009625 0.001925 -0.0031625
35.01897680 0.0009625 0.000825 -0.001925
35.07891600 -0.0001375 0.000825 -0.001925
35.13894710 -0.0001375 -0.000275 -0.0009625
35.19876000 0.001925 0.000825 0.0001375
35.25835710 0.001925 0.000825 0.0001375
35.31804180 0.0009625 -0.001375 -0.001925
35.37840870 0.0009625 -0.000275 -0.001925
35.43798470 0.0009625 -0.000275 -0.001925
35.49798210 0.0009625 -0.001375 -0.001925
35.55822240 -0.0044 -0.001375 0.0001375
35.61847110 0.003025 0.001925 -0.001925
35.67806610 0.003025 0.001925 -0.001925
35.73789240 0.001925 0.000825 0.0001375
35.79830890 0.001925 0.000825 0.0001375
35.85891390 -0.0012375 0.001925 -0.000825
35.91903550 -0.0001375 -0.001375 0.0001375
35.97926600 0.0009625 -0.000275 -0.000825
36.03954400 0.0009625 -0.000275 -0.000825
36.11442640 0.0009625 -0.000275 -0.000825
36.17448700 0.003025 -0.001375 -0.000825
36.23440900 -0.0012375 -0.000275 -0.001925
36.29460490 0.0094875 -0.000275 -0.001925
36.35478150 0.0094875 -0.000275 -0.001925
36.41522760 0.001925 -0.000275 -0.000825
36.47512220 0.001925 -0.000275 -0.000825
36.53560110 0.001925 0.000825 -0.001925
36.61938690 -0.0001375 -0.000275 -0.001925
36.68360120 -0.0001375 -0.000275 -0.001925
36.74328320 -0.0001375 -0.000275 -0.001925
36.80343410 0.001925 0.001925 -0.001925
36.86375530 -0.0001375 -0.000275 0.0001375
36.92354760 -0.0001375 -0.000275 0.0001375
36.98318680 -0.0001375 -0.000275 -0.000825
37.04322430 0.0009625 0.000825 -0.000825
37.10321000 -0.0001375 -0.000275 -0.000825
37.16328930 -0.0001375 -0.000275 -0.000825
37.22292980 -0.0001375 0.000825 -0.001925
37.28268580 -0.0001375 -0.000275 -0.000825
37.34291350 -0.0001375 -0.000275 -0.000825
37.40316490 0.0009625 0.000825 -0.000825
37.46298620 -0.0001375 -0.000275 -0.001925
37.52285960 -0.0001375 0.000825 -0.000825
37.58313340 -0.0001375 -0.000275 -0.001925
37.64327680 0.0009625 -0.000275 -0.000825
37.74730650 0.0009625 -0.000275 -0.000825
37.80747590 0.0009625 -0.000275 -0.000825
37.86788170 -0.0012375 -0.000275 -0.000825
37.92797490 -0.0012375 -0.000275 -0.000825
37.98836660 -0.0001375 -0.000275 -0.000825
38.05079700 -0.0001375 0.000825 -0.000825
38.11314310 -0.0001375 -0.000275 -0.000825
38.18560980 0.0009625 -0.000275 -0.000825
38.24756850 0.0009625 -0.000275 -0.000825
38.30753810 -0.0001375 -0.000275 -0.000825
38.36758580 0.0009625 -0.000275 -0.000825
38.43606690 -0.0001375 -0.000275 -0.000825
38.49613210 -0.0001375 -0.000275 0.0001375
38.55674520 -0.0001375 -0.000275 0.0001375
38.61653240 0.0009625 0.000825 -0.001925
38.67633740 -0.0001375 -0.000275 -0.001925
38.73736550 -0.0001375 -0.000275 -0.000825
38.80076210 -0.0001375 -0.000275 -0.000825
38.86088850 0.0009625 -0.000275 -0.000825
38.92067920 -0.0011 0.000825 0.0001375
38.98079550 -0.0011 0.000825 0.0001375
39.04060120 -0.0001375 -0.000275 -0.000825
39.10039400 0.0009625 0.000825 -0.000825
39.16060810 -0.0001375 -0.000275 -0.001925
39.22041770 -0.0011 -0.000275 -0.000825
39.28070430 -0.0011 -0.000275 -0.000825
39.34085650 -0.0001375 0.000825 -0.001925
39.43892300 -0.0001375 -0.000275 0.000275
39.49893100 -0.0001375 -0.000275 0.000275
39.55877070 -0.0001375 -0.000275 -0.000825
39.61869670 -0.0001375 -0.000275 -0.000825
39.67873050 -0.0001375 0.000825 -0.000825
39.73895450 0.0009625 -0.000275 -0.001925
39.79856900 -0.0001375 -0.000275 -0.000825
39.85845710 -0.0022 -0.000275 0.0001375
39.91831000 -0.0022 -0.000275 0.0001375
39.97806900 -0.0033 -0.001375 0.0012375
40.03838880 -0.01815 -0.0067375 0.0055
40.09808290 -0.0001375 0.0039875 -0.003025
40.15799850 -0.0001375 0.0039875 -0.003025
40.21813900 0.0020625 0.000825 -0.000825
40.27822660 -0.0001375 -0.001375 -0.000825
40.33804850 -0.0001375 -0.001375 -0.000825
40.39776300 -0.0022 0.000825 -0.000825
40.45766180 0.0020625 0.0028875 -0.001925
40.51803000 -0.0011 -0.000275 -0.001925
40.57797720 -0.0001375 0.000825 -0.000825
40.63889670 -0.0022 -0.001375 -0.0009625
40.69870560 0.003025 -0.000275 -0.0009625
40.75882170 0.003025 -0.000275 -0.0009625
40.81956610 0.0009625 -0.000275 0.0001375
40.88012450 0.0020625 -0.000275 0.0001375
40.94050660 0.0020625 -0.000275 0.0001375
41.00025610 -0.0001375 -0.000275 -0.0009625
41.06014250 -0.0012375 0.000825 -0.0009625
41.12013820 -0.0012375 0.000825 -0.0009625
41.20281720 -0.0012375 0.000825 -0.0009625
41.26299280 -0.0001375 -0.000275 -0.0009625
41.34157330 0.0009625 -0.001375 -0.0009625
41.41375350 0.0009625 -0.001375 -0.0009625
41.47403570 -0.0001375 0.000825 -0.0009625
41.53373430 -0.0001375 -0.000275 0.0001375
41.61016660 -0.0001375 -0.002475 -0.0009625
41.67009560 -0.0001375 -0.002475 -0.0009625
41.73039060 -0.0012375 -0.001375 -0.0009625
41.79034390 -0.0001375 -0.002475 -0.0009625
41.85039460 0.0020625 0.000825 -0.0009625
41.91045480 -0.0012375 -0.000275 -0.0009625
41.97029690 -0.0012375 -0.000275 -0.0009625
42.02999450 0.0009625 0.000825 -0.0009625
42.09014520 -0.0012375 -0.001375 -0.0009625
42.15001490 -0.0012375 -0.001375 -0.0009625
42.21043750 -0.0001375 -0.000275 -0.0009625
42.27104810 -0.0001375 0.000825 -0.0009625
42.33089950 -0.0001375 -0.000275 -0.0009625
42.39112050 -0.0001375 -0.000275 -0.0009625
42.45149800 -0.0012375 -0.000275 -0.0009625
42.51189230 -0.0001375 -0.000275 -0.0009625
42.57200020 0.0009625 -0.000275 0.0001375
42.63208950 -0.0001375 -0.000275 -0.0020625
42.69245850 0.0009625 -0.000275 -0.0009625
42.75224520 0.0009625 -0.000275 -0.0009625
42.81244190 -0.0012375 0.000825 -0.0009625
42.87210320 -0.0001375 -0.000275 -0.0009625
42.93230620 -0.0001375 -0.000275 -0.0009625
42.99227250 -0.0001375 -0.000275 -0.0009625
43.05246100 -0.0001375 -0.000275 -0.0009625
43.11267130 -0.0001375 -0.001375 -0.0020625
43.17277990 -0.0001375 -0.001375 -0.0020625
43.25910760 -0.0012375 0.000825 -0.0009625
43.32280650 -0.0012375 0.000825 -0.0009625
43.38299680 0.0009625 0.000825 -0.0020625
43.44283940 -0.0001375 -0.000275 -0.0009625
43.50276250 -0.0001375 -0.000275 -0.0009625
43.56268130 0.0009625 -0.001375 -0.0009625
43.62278690 -0.0001375 0.000825 -0.0009625
43.68325780 0.0020625 0.000825 -0.0009625
43.74318280 -0.0001375 -0.001375 -0.0009625
43.80279210 -0.0001375 -0.001375 -0.0009625
43.86327460 -0.0012375 -0.001375 -0.0009625
43.93655380 -0.0012375 -0.001375 -0.0009625
44.05120710 -0.0001375 -0.000275 -0.0009625
44.11103490 -0.0001375 -0.001375 0.0001375
44.17090060 -0.0001375 -0.001375 0.0001375
44.23090820 -0.0001375 -0.000275 -0.0009625
44.29089220 -0.0001375 0.000825 -0.0020625
44.35053730 -0.0001375 -0.000275 -0.0009625
44.41137310 -0.0001375 -0.000275 -0.0009625
44.47140040 -0.0001375 -0.000275 -0.0020625
44.53162330 0.0009625 -0.000275 -0.0009625
44.59169790 0.0009625 -0.000275 -0.0009625
44.65175450 -0.0001375 -0.000275 0.0001375
44.71184610 -0.0033 -0.000275 -0.0009625
44.77159590 -0.0001375 0.000825 0.
44.83156470 -0.0012375 0.000825 -0.0020625
44.89174230 -0.0012375 0.0017875 -0.0020625
44.95171570 -0.0012375 0.0017875 -0.0020625
45.01151860 -0.0001375 -0.000275 -0.0009625
45.07164520 0.0020625 0.0028875 -0.0020625
45.13131910 0.0020625 0.0028875 -0.0020625
45.19184400 -0.0001375 0.000825 0.0033
45.25184410 -0.0033 -0.0077 0.0033
45.31161370 -0.0033 -0.0077 0.0033
45.37278520 -0.0001375 -0.000275 0.0001375
45.44665610 -0.0001375 -0.001375 -0.0009625
45.50723890 -0.0001375 -0.000275 0.0001375
45.56768540 0.004125 0.0039875 -0.0031625
45.62751970 -0.0001375 -0.000275 -0.0020625
45.68724130 -0.0022 -0.000275 -0.0009625
45.74680680 -0.0022 -0.000275 -0.0009625
45.80669410 -0.0022 -0.000275 0.0001375
45.86724150 -0.0001375 0.0017875 -0.0009625
45.92714660 -0.0001375 0.0017875 -0.0009625
45.98735430 -0.0001375 -0.000275 -0.0009625
46.04753620 0.003025 0.0017875 -0.0009625
46.10759800 -0.0012375 -0.000275 -0.0009625
46.16737850 -0.0012375 -0.000275 -0.0009625
46.22795920 0.003025 0.0050875 -0.0009625
46.28791240 -0.0001375 -0.000275 -0.0009625
46.35288270 -0.0001375 -0.000275 -0.0009625
46.41495850 0.0009625 0.0050875 0.0001375
46.47496050 0.0009625 -0.0077 -0.0009625
46.53479910 -0.0001375 -0.0067375 -0.0009625
46.59457150 0.0009625 0.00935 -0.0009625
46.65437760 -0.0012375 -0.002475 -0.0009625
46.71481700 0.0020625 0.0039875 -0.0009625
46.77467490 0.0020625 0.0039875 -0.0009625
46.83490030 -0.0033 -0.001375 -0.0009625
46.89503870 0.005225 0.00605 -0.0009625
46.95504330 0.005225 0.00605 -0.0009625
47.01462510 -0.0001375 -0.000275 0.0001375
47.07453450 0.01045 0.0103125 -0.0009625
47.13452680 -0.0001375 0.0039875 -0.0009625
47.19542710 -0.0001375 0.0039875 -0.0009625
47.25522590 0.0094875 0.00605 -0.0009625
47.31502960 -0.0097625 -0.0279125 -0.0009625
47.37517020 -0.0097625 -0.0279125 -0.0009625
47.43483150 0.0020625 -0.02475 0.0022
47.49471480 0.0275 -0.0301125 -0.1148125
47.55455540 0.0275 -0.0301125 -0.1148125
47.61480490 0.0083875 -0.0429 -0.1563375
47.67507380 0.0083875 -0.0429 -0.1563375
47.73626100 0.0094875 -0.0364375 -0.2607
47.79620760 -0.0022 -0.0556875 -0.15853749
47.85626020 -0.0044 -0.018425 -0.04895
47.91940780 -0.0044 -0.018425 -0.04895
47.98235610 -0.02145 0.0433125 0.0033
48.04676400 -0.0001375 -0.0034375 -0.0009625
48.10917500 0.0020625 -0.000275 -0.0020625
48.16941880 0.0009625 -0.0034375 -0.0020625
48.24718530 0.0009625 -0.0034375 -0.0020625
48.31597180 -0.0022 -0.017325 -0.0009625
48.38219580 -0.0001375 -0.0279125 -0.0009625
48.45848140 0.0072875 0.00825 0.
48.51893410 -0.0055 -0.032175 0.
48.57979150 -0.0055 -0.032175 0.
48.63984350 0.003025 -0.0119625 -0.0009625
48.69964810 0.0094875 0.000825 0.
48.76017660 0.0094875 0.000825 0.
48.82023910 -0.0001375 -0.02695 -0.0009625
48.88046580 0.003025 0.0125125 -0.0009625
48.94087800 0.003025 0.0125125 -0.0009625
49.00078090 -0.0012375 0.0136125 -0.0009625
49.06079860 -0.0064625 0.0017875 0.0011
49.12129460 -0.0064625 0.0017875 0.0011
49.18134420 -0.0001375 0.0039875 0.0011
49.24096740 0.005225 0.0050875 -0.0009625
49.30188170 0.005225 0.0050875 -0.0009625
49.36179420 0.001925 -0.0045375 -0.0009625
49.42167500 0.0020625 0.000825 -0.0009625
49.48222090 0.0020625 0.00605 -0.0020625
49.54237970 0.0020625 -0.000275 -0.0020625
49.60242120 0.003025 0.0017875 -0.0009625
49.66698310 0.0009625 0.0039875 -0.0009625
49.72703080 0.0009625 0.0039875 -0.0009625
49.78681660 0.0009625 -0.0034375 -0.0009625
49.84710380 -0.0001375 0.0028875 -0.0009625
49.90759150 -0.0001375 0.0028875 -0.0009625
49.96841890 -0.0001375 0.000825 0.
50.04799980 0.0009625 0.00715 -0.0009625
50.11048720 0.0009625 0.0039875 -0.0009625
50.17064380 0.0009625 0.0039875 -0.0009625
50.23016400 -0.0001375 0.000825 -0.0020625
50.29846390 -0.0001375 0.000825 -0.0020625
50.35898810 -0.0001375 -0.001375 -0.0009625
50.41904780 -0.0001375 0.0017875 0.
50.47854470 -0.0001375 0.0017875 0.
50.53867970 -0.0001375 0.000825 -0.0011
50.59889390 -0.0001375 -0.000275 -0.0011
50.65926330 -0.0064625 -0.0130625 0.
50.71912520 0.0009625 -0.001375 -0.0020625
50.77896910 0.0009625 -0.001375 -0.0020625
50.83899100 0.0009625 0.0028875 -0.0011
50.89878540 0.0009625 0.00825 0.
50.95864430 0.0009625 0.00825 0.
51.01891650 0.01045 0.0136125 0.0022
51.08885720 0.01045 0.0136125 0.0022
51.14847620 0.0147125 0.0369875 0.0213125
51.20833800 0.001925 0.0231 0.2352625
51.26842500 0.001925 0.0231 0.2352625
51.32848630 -0.0012375 0.0125125 0.1681625
51.38922130 -0.0075625 -0.017325 0.066
51.44877930 -0.0075625 -0.017325 0.066
51.50879200 -0.0055 -0.0108625 -0.0031625
51.56930240 -0.0033 -0.0141625 -0.0020625
51.62899470 -0.0023375 -0.0099 -0.0020625
51.68873730 -0.0023375 -0.0099 -0.0020625
51.74863240 -0.0033 -0.0045375 -0.0009625
51.80888060 -0.0033 -0.0045375 -0.0009625
51.86942310 -0.0097625 -0.0088 -0.0042625
51.92911980 -0.0171875 -0.0226875 -0.0202125
51.98947680 -0.0171875 -0.0226875 -0.0202125
52.04982870 0.01045 0.049775 -0.0011
52.11691830 0.01045 0.049775 -0.0011
52.17694330 0.001925 0.0028875 -0.0031625
52.23679000 -0.0490875 -0.1417625 -0.025575
52.29682170 -0.1236125 -0.35145 -1.32495
52.35702520 -0.1236125 -0.35145 -1.32495
52.41810830 0.102025 0.390225 -0.399025
52.47814320 -0.0055 -0.0226875 0.
52.53802280 -0.0012375 0.000825 0.
52.59912630 -0.0012375 0.000825 0.
52.65894270 0.0009625 0.0017875 -0.0009625
52.71867590 -0.0012375 -0.002475 0.0011
52.77886830 -0.1672 -0.5674625 0.0031625
52.83878050 0.0264 0.1221 -0.946
52.90670370 0.0264 0.1221 -0.946
52.96665700 -0.0033 0.243375 -3.2256124
53.02672370 -0.0479875 -0.2578125 -3.508725
53.08657750 -0.0479875 -0.2578125 -3.508725
53.14640190 -0.01925 -0.0386375 -1.954975
53.20647450 0.01265 0.088 -0.6980875
53.26654190 0.0072875 -0.064075 0.0691625
53.32617340 0.0072875 -0.064075 0.0691625
53.38608300 0.0009625 0.00715 -0.006325
53.44631230 0.0009625 -0.002475 0.
53.50640400 -0.0001375 -0.000275 -0.0011
53.56665710 -0.0001375 -0.000275 -0.0011
53.62697530 -0.0001375 0.000825 0.
53.68690970 -0.0001375 0.000825 -0.0011
53.74665490 -0.0012375 -0.001375 -0.0020625
53.80661470 -0.0001375 0.000825 -0.0011
53.86687180 0.0009625 -0.000275 0.
53.92696420 0.0009625 -0.000275 0.
53.98697120 0.003025 -0.000275 0.0011
54.04727850 0.003025 0.00825 -0.0020625
54.10798130 0.003025 0.00825 -0.0020625
54.16795730 0.001925 0.0028875 -0.0011
54.22780060 -0.0012375 0.0039875 -0.0020625
54.28962890 -0.0012375 0.0039875 -0.0020625
54.34938300 -0.0012375 0.000825 -0.0011
54.40917450 -0.0012375 0.000825 -0.0011
54.46924890 -0.0001375 -0.000275 -0.0011
54.52908670 -0.0001375 0.000825 -0.0011
54.58893430 -0.0001375 0.000825 -0.0011
54.64895910 -0.0001375 -0.000275 -0.0011
54.70929280 0.0009625 0.000825 -0.0011
54.76975820 0.0009625 0.000825 -0.0011
54.82982760 -0.0012375 0.000825 -0.0011
54.88993510 -0.0001375 0.000825 -0.0011
54.94978520 -0.0001375 0.000825 -0.0011
55.00969220 -0.0001375 -0.001375 0.
55.06932990 -0.0001375 0.000825 -0.0011
55.13006220 -0.0001375 0.000825 -0.0011
55.19067420 -0.0001375 -0.000275 -0.0011
55.25095720 -0.0001375 -0.000275 -0.0011
55.33649500 -0.0012375 -0.000275 -0.0011
55.39697350 -0.0001375 -0.000275 -0.0020625
55.45829280 0.0009625 -0.000275 -0.0011
55.51874200 0.0009625 0.000825 -0.0011
55.57878180 0.0009625 0.000825 -0.0011
55.63886520 -0.0001375 -0.000275 -0.0011
55.69888360 -0.0001375 -0.000275 -0.0011
55.75855670 -0.0001375 -0.000275 -0.0011
55.81893870 -0.0001375 -0.000275 -0.0011
55.87880440 0.001925 0.000825 0.
55.93861610 0.001925 0.000825 0.
55.99916860 -0.0012375 -0.000275 -0.0011
56.05921970 0.0009625 0.000825 0.
56.11908650 -0.0001375 0.000825 -0.0011
56.18006040 -0.0001375 -0.000275 0.
56.23994730 0.000825 -0.000275 -0.0011
56.30364000 0.000825 -0.000275 -0.0011
56.36394940 -0.0001375 -0.000275 -0.0011
56.42426770 -0.0001375 -0.000275 0.
56.48417760 -0.0001375 -0.000275 0.
56.54403090 -0.0001375 -0.000275 -0.0011
56.60462970 -0.0012375 0.000825 -0.0011
56.66510870 -0.0012375 0.000825 -0.0011
56.72537780 -0.0001375 -0.000275 -0.0011
56.78555500 -0.0001375 0.000825 -0.0011
56.84565940 -0.0001375 0.000825 -0.0011
56.90597310 -0.0001375 -0.000275 0.
56.96631900 -0.0001375 -0.000275 0.
57.02616560 -0.0001375 -0.000275 0.
57.09630030 -0.0001375 -0.000275 0.
57.15592860 -0.0001375 0.000825 -0.0011
57.21632030 -0.0001375 0.000825 -0.0022
57.27654260 -0.0001375 -0.000275 -0.0011
57.33641370 -0.0001375 -0.000275 -0.0011
57.39617630 -0.0001375 -0.000275 -0.0011
57.45606410 -0.0001375 0.000825 -0.0011
57.51625190 -0.0001375 -0.000275 -0.0011
57.57595970 -0.0001375 -0.000275 -0.0011
57.63573870 -0.0001375 -0.000275 -0.0011
57.69642880 -0.0001375 -0.000275 -0.0011
57.75615240 0.000825 -0.000275 -0.0011
57.81606890 -0.0001375 -0.000275 -0.0011
57.88423190 -0.0001375 -0.000275 -0.
57.94395890 -0.0001375 -0.000275 -0.
58.00387620 -0.0001375 -0.000275 -0.
58.06398850 -0.0001375 -0.000275 -0.0011
58.12433040 -0.0001375 -0.000275 -0.0011
58.18396340 -0.0001375 -0.000275 -0.0011
58.24364950 0.000825 -0.000275 -0.0011
58.30359040 0.000825 -0.000275 -0.0011
58.36511230 0.000825 -0.001375 -0.
58.42529500 -0.0001375 0.000825 -0.0011
58.48538470 -0.0001375 0.000825 -0.0011
58.54508460 -0.0001375 -0.000275 -0.0022
58.60473770 0.000825 -0.000275 -0.0011
58.66460490 -0.0001375 -0.000275 -0.0011
58.72451880 -0.0001375 0.000825 -0.0011
58.78430630 -0.0001375 -0.001375 -0.0011
58.84441610 -0.0001375 -0.000275 -0.0011
58.91183570 -0.0001375 -0.000275 -0.0011
58.97170770 -0.0023375 -0.0056375 0.0020625
59.03218660 -0.0034375 -0.0099 0.0020625
59.09246390 0.003025 -0.0066 0.0011
59.15237460 0.003025 -0.0066 0.0011
59.21254160 -0.0001375 0.0039875 -0.0031625
59.27261940 -0.0001375 0.000825 -0.0011
59.33244020 -0.0001375 0.000825 -0.0011
59.39250020 -0.0001375 -0.001375 -0.
59.45233380 -0.0001375 -0.001375 -0.
59.51202800 -0.0001375 -0.001375 -0.
59.57203380 -1.37500e-04 2.22200e-01 -6.39375e-02
59.63212100 -1.37500e-04 2.22200e-01 -6.39375e-02
59.69239350 -0.113025 -0.0512875 -4.2983875
59.75277240 -0.2237125 -0.5632 -6.8641376
59.81295510 0.18493749 -0.016225 -4.9017377
59.87315420 -0.081125 -0.1918125 -2.378475
59.93273470 -0.081125 -0.1918125 -2.378475
59.99244890 -0.0193875 -0.0099 0.1266375
60.05241850 -0.0034375 -0.001375 -0.0149875
60.11267370 -0.0034375 -0.001375 -0.0149875
60.17284350 -0.0012375 0.000825 0.0011
60.23287450 -0.0001375 0.000825 -0.
60.29335630 -0.0001375 0.001925 -0.
60.35320100 -0.0001375 0.001925 -0.
60.41321400 0.000825 0.000825 -0.
60.47317230 -0.0001375 -0.000275 -0.0011
60.53323560 0.000825 -0.001375 -0.0011
60.59343660 0.000825 -0.000275 -0.
60.65373440 0.000825 -0.000275 -0.
60.71350480 -0.0097625 0.00825 -0.0042625
60.77374600 0.003025 0.0039875 -0.
60.83347540 0.003025 0.0039875 -0.
60.89345520 -0.0066 0.000825 -0.0031625
60.95339850 -0.0055 0.001925 -0.0031625
61.01398920 -0.0023375 -0.000275 -0.0011
61.07372220 0.000825 -0.000275 -0.0011
61.13322090 0.000825 -0.000275 -0.0011
61.19302460 -0.0023375 -0.000275 -0.0011
61.25279170 0.000825 -0.000275 -0.
61.31275600 0.000825 -0.000275 -0.
61.37274020 -0.0012375 0.000825 -0.0011
61.43258670 -0.0001375 -0.000275 -0.0011
61.49288950 -0.0001375 0.000825 -0.0011
61.55290380 -0.0001375 0.000825 -0.0011
61.61289370 -0.0001375 0.000825 -0.0011
61.67275020 0.000825 0.000825 -0.
61.73312380 -0.0001375 -0.000275 -0.0011
61.79298130 0.000825 -0.000275 -0.0011
61.85292360 -0.0001375 -0.000275 -0.0011
61.91564550 -0.0001375 -0.000275 -0.0011
61.97542100 -0.0001375 -0.000275 -0.0011
62.03550890 -0.0001375 0.000825 -0.0011
62.09586040 -0.0001375 0.000825 -0.0011
62.15539500 -0.0001375 -0.000275 -0.0022
62.21518820 -0.0001375 0.000825 -0.
62.27536100 -0.0001375 -0.000275 -0.0022
62.33567450 -0.0001375 -0.000275 -0.0022
62.39548880 0.000825 -0.000275 -0.0011
62.45570380 -0.0001375 0.000825 -0.0022
62.51572430 -0.0001375 -0.000275 -0.0011
62.57559840 -0.0001375 -0.000275 -0.0011
62.63521800 -0.0001375 -0.000275 -0.0011
62.69473550 -0.0001375 -0.000275 -0.0011
62.75456190 0.000825 -0.000275 -0.0011
62.81513300 0.000825 -0.000275 -0.0011
62.87485560 0.000825 -0.000275 -0.0011
62.93530260 -0.0001375 -0.000275 -0.0011
62.99561770 -0.0001375 -0.000275 -0.0011
63.05577030 -0.0001375 -0.000275 -0.0011
63.11564570 -0.0001375 -0.000275 -0.0011
63.17579650 -0.0001375 0.000825 -0.0011
63.23594070 -0.0001375 -0.000275 -0.
63.29606720 0.000825 -0.000275 -0.0011
63.35640950 0.000825 -0.000275 -0.0011
63.41665600 -0.0001375 0.000825 -0.0011
63.47653280 -0.0001375 -0.000275 -0.0011
63.53640030 -0.0001375 0.000825 -0.0011
63.59695970 -0.0001375 -0.000275 -0.0011
63.65766930 -0.0001375 -0.000275 -0.0011
63.71775770 -0.0001375 0.000825 -0.
63.77789110 -0.0001375 -0.000275 -0.0011
63.83805850 -0.0001375 -0.000275 -0.0011
63.89809590 -0.0001375 -0.001375 -0.
63.95770020 -0.0001375 0.000825 -0.
64.01832510 -0.0001375 0.000825 -0.0011
64.07830020 0.000825 0.000825 -0.0011
64.13825630 0.000825 0.000825 -0.0011
64.19797060 0.000825 -0.000275 -0.0011
64.25808980 0.000825 -0.000275 -0.
64.31806350 0.000825 -0.000275 -0.
64.37794610 -0.0001375 -0.000275 -0.
64.43764010 0.000825 -0.000275 -0.0011
64.49779120 0.000825 -0.000275 -0.0011
64.55772030 -0.0001375 0.000825 -0.0011
64.61811050 0.000825 -0.000275 -0.0011
64.67994840 -0.0001375 -0.000275 -0.
64.73964970 -0.0001375 -0.000275 -0.
64.79925040 -0.0001375 -0.000275 -0.0011
64.85877130 -0.0001375 -0.000275 -0.0011
64.91896880 -0.0001375 -0.000275 -0.0011
64.97891250 -0.0001375 -0.000275 -0.
65.03906050 -0.0001375 -0.000275 -0.0011
65.09901460 -0.0001375 -0.000275 -0.0011
65.15949960 -0.0001375 -0.000275 -0.0011
65.21954000 -0.0001375 0.000825 -0.0011
65.27953720 -0.0001375 -0.000275 -0.0011
65.34030990 -0.0001375 -0.000275 -0.0011
65.40024050 -0.0001375 -0.000275 -0.0011
65.46022770 -0.0001375 0.000825 -0.
65.52061550 -0.0001375 -0.000275 -0.0011
65.58053180 -0.0001375 -0.001375 -0.0022
65.64041890 -0.0001375 -0.001375 -0.0022
65.70019900 -0.0001375 -0.000275 -0.0011
65.76070970 -0.0001375 0.000825 -0.0011
65.82072680 0.000825 -0.000275 -0.
65.88029000 -0.0001375 -0.000275 -0.0011
65.93987990 -0.0001375 -0.000275 -0.0011
66.00014840 -0.0012375 0.000825 -0.0011
66.05991010 -0.0012375 -0.000275 -0.0011
66.11982780 -0.0012375 -0.000275 -0.0011
66.17998590 0.000825 -0.000275 -0.0011
66.23999000 -0.0001375 0.000825 -0.
66.30079430 -0.0001375 0.000825 -0.
66.36095970 0.000825 0.000825 -0.0011
66.42081050 -0.0001375 0.000825 -0.0011
66.48085540 0.000825 -0.000275 -0.0022
66.54068420 -0.0001375 -0.000275 -0.0011
66.60038530 -0.0001375 -0.000275 -0.0011
66.66029060 -0.0001375 -0.000275 -0.0011
66.72026650 0.001925 -0.000275 -0.
66.78017430 -0.0001375 -0.000275 -0.0011
66.84000460 -0.0001375 -0.000275 -0.0011
66.89974470 -0.0001375 -0.000275 -0.0011
66.96032520 0.000825 -0.001375 -0.0011
67.02037630 0.000825 0.000825 -0.0011
67.08011420 -0.0001375 -0.000275 -0.0011
67.14013490 -0.0001375 -0.000275 -0.0011
67.20006940 -0.0001375 -0.000275 -0.0011
67.26030900 -0.0001375 0.000825 -0.0011
67.31985320 0.000825 -0.000275 -0.
67.37980220 0.000825 -0.000275 -0.
67.44025170 -0.0001375 -0.000275 -0.0011
67.50030660 -0.0001375 -0.000275 -0.0011
67.56009860 0.000825 -0.000275 -0.0011
67.61979470 0.000825 -0.000275 -0.0011
67.67986950 -0.0001375 0.000825 -0.0011
67.74006660 -0.0001375 -0.000275 -0.
67.80028570 -0.0001375 -0.000275 -0.
67.86003810 -0.000275 0.000825 -0.0001375
67.92035690 -0.000275 0.000825 -0.0001375
67.98050460 0.000825 -0.000275 -0.0001375
68.04057600 -0.000275 0.000825 -0.0001375
68.15899270 -0.000275 -0.000275 -0.0001375
68.21904410 -0.000275 0.000825 0.0009625
68.27901200 -0.000275 -0.000275 -0.0001375
68.33880420 -0.000275 -0.000275 -0.0001375
68.39866030 0.000825 -0.000275 -0.0001375
68.45873110 -0.000275 0.000825 0.0009625
68.51866190 -0.000275 0.000825 0.0009625
68.57853350 0.000825 -0.000275 -0.0001375
68.63845580 0.000825 -0.000275 -0.0001375
68.69928110 -0.000275 -0.000275 -0.0001375
68.75949650 -0.000275 -0.000275 0.0009625
68.81951820 -0.000275 -0.000275 0.0009625
68.88003270 -0.000275 0.000825 -0.0001375
68.94030690 0.0017875 -0.000275 -0.0001375
69.00058050 -0.000275 0.000825 0.0009625
69.06103680 -0.000275 -0.000275 -0.0001375
69.12114060 -0.000275 -0.000275 -0.0001375
69.18083740 -0.001375 0.0017875 -0.0001375
69.24081230 0.0017875 0.000825 -0.0001375
69.30103410 0.0017875 0.000825 -0.0001375
69.36060000 -0.000275 0.000825 -0.0001375
69.42080120 -0.0023375 0.0017875 -0.0001375
69.48070060 -0.0023375 -0.0034375 -0.0044
69.54056080 0.0125125 -0.0045375 0.005225
69.60066600 0.0125125 -0.0045375 0.005225
69.66062090 0.0103125 0.0039875 0.01155
69.72106440 -0.0204875 0.00605 -0.0001375
69.78138150 0.0253 -0.02475 -0.0001375
69.84239420 0.0136125 0.000825 -0.0075625
69.90349690 0.0136125 0.000825 -0.0075625
69.96314610 -0.0226875 -0.001375 -0.0055
70.02281470 0.016775 0.0017875 0.005225
70.08290470 0.016775 0.0017875 0.005225
70.14327340 -0.0108625 -0.002475 -0.0075625
70.20336550 0.00605 -0.000275 -0.0001375
70.26362410 -0.0056375 -0.000275 -0.0012375
70.32397090 -0.0056375 -0.000275 -0.0012375
70.38450550 0.001925 0.000825 -0.0001375
70.44448020 -0.000275 -0.001375 0.0009625
70.50421730 0.000825 -0.000275 0.0009625
70.56376600 -0.0108625 -0.0045375 0.0009625
70.62374010 -0.0108625 -0.0045375 0.0009625
70.68361460 -0.000275 0.0017875 -0.0001375
70.74377900 0.0039875 -0.000275 -0.0001375
70.80391420 0.0028875 0.0028875 -0.0012375
70.86390340 -0.001375 -0.002475 -0.0012375
70.92400100 -0.001375 -0.002475 -0.0012375
70.98414410 -0.002475 -0.0119625 0.0009625
71.04404240 0.00715 0.0028875 0.0009625
71.10401140 0.00715 0.0028875 0.0009625
71.16390510 0.00715 -0.0312125 0.0020625
71.22370400 0.0253 -0.1535875 0.2116125
71.28366430 0.0253 -0.1535875 0.2116125
71.34363580 -1.00485 0.423225 2.9093626
71.40346360 -1.00485 0.423225 2.9093626
71.46332330 -1.585925 1.3512125 3.57775
71.52348360 -2.05095 1.3619375 5.8551626
71.58388530 -1.1911625 0.4104375 7.0822124
71.64389210 -1.1911625 0.4104375 7.0822124
71.70434650 1.24905 -1.162425 5.73705
71.76458210 -0.0726 -0.980375 4.09915
71.82523240 -0.0726 -0.980375 4.09915
71.88502600 -1.3294874 -1.13905 3.5171125
71.94500850 -2.4979625 -0.671825 0.9491625
72.00524650 -2.4979625 -0.671825 0.9491625
72.06614140 0.851125 0.0944625 0.3575
72.12596750 -0.2481875 -0.114125 -0.0224125
72.18565630 -0.0077 -0.0375375 0.0020625
72.24616660 0.0028875 0.00605 -0.0001375
72.30626380 0.0028875 0.00605 -0.0001375
72.36600220 -0.000275 0.0039875 -0.0001375
72.42573440 -0.000275 -0.000275 -0.0022
72.48620430 -0.000275 0.000825 -0.0012375
72.54635410 0.0039875 0.0050875 -0.0022
72.60638540 0.0039875 0.0050875 -0.0022
72.66636540 -0.0023375 -0.001375 0.0009625
72.72657870 -0.0023375 -0.001375 0.0009625
72.78751960 -0.001375 -0.000275 0.0009625
72.84751280 0.017875 0.014575 -0.0012375
72.90724940 0.017875 0.014575 -0.0012375
72.96703700 -0.0023375 -0.0099 0.0020625
73.02744860 0.0264 0.0231 -0.0001375
73.08781660 0.0264 0.0231 -0.0001375
73.14794330 -0.000275 -0.0193875 -0.0001375
73.21533080 0.0050875 0.0017875 -0.0001375
73.29406780 0.0050875 0.0017875 -0.0001375
73.35407080 0.001925 0.0028875 -0.0001375
73.41458300 -0.000275 -0.001375 0.0009625
73.47456670 -0.000275 -0.001375 0.0009625
73.53415200 0.000825 0.000825 -0.0001375
73.59429280 -0.000275 -0.000275 -0.0001375
73.65427650 -0.000275 -0.000275 -0.0001375
73.71430830 0.000825 -0.000275 -0.0001375
73.77437720 0.000825 -0.000275 -0.0001375
73.83456780 0.000825 0.0028875 -0.0001375
73.89483370 0.000825 0.0017875 -0.0001375
73.95445820 0.000825 0.0017875 -0.0001375
74.01429970 0.000825 0.0028875 -0.0001375
74.07450850 0.000825 -0.000275 -0.0001375
74.13454150 -0.000275 -0.000275 -0.0001375
74.19435060 -0.000275 -0.001375 -0.0001375
74.25419770 -0.000275 -0.001375 -0.0001375
74.31386580 -0.000275 -0.000275 0.0009625
74.37424110 -0.000275 -0.000275 0.0009625
