0.13836060 -11.94375 -36.7125 -8.8125
0.20252260 -11.94375 -36.7125 -8.8125
0.26287020 -11.94375 -36.7125 -8.8125
0.32305090 -11.512501 -36.600002 -9.
0.38257470 -11.512501 -36.600002 -9.
0.44246200 -11.512501 -36.600002 -9.
0.50246970 -11.512501 -36.600002 -9.
0.56247390 -11.15625 -36.300003 -8.887501
0.62227230 -11.15625 -36.300003 -8.887501
0.68238350 -11.15625 -36.300003 -8.887501
0.74259250 -11.15625 -36.300003 -8.887501
0.80248380 -10.8 -36.54375 -8.887501
0.86201340 -10.8 -36.54375 -8.887501
0.92207060 -10.8 -36.54375 -8.887501
0.98195910 -10.556251 -36.54375 -8.94375
1.04194920 -10.556251 -36.54375 -8.94375
1.10175390 -10.556251 -36.54375 -8.94375
1.16131380 -10.200001 -36.65625 -9.1875
1.22154820 -10.200001 -36.65625 -9.1875
1.28193010 -10.200001 -36.65625 -9.1875
1.34201740 -10.087501 -36.54375 -9.243751
1.45359010 -10.087501 -36.54375 -9.243751
1.51372360 -10.087501 -36.54375 -9.243751
1.57371660 -10.44375 -36.35625 -9.243751
1.63331130 -10.44375 -36.35625 -9.243751
1.69306690 -10.44375 -36.35625 -9.243751
1.75283880 -10.9125 -36.24375 -8.94375
1.81299700 -10.9125 -36.24375 -8.94375
1.87274520 -10.9125 -36.24375 -8.94375
1.93273140 -10.9125 -36.24375 -8.94375
1.99376030 -11.2875 -36.487503 -8.75625
2.06363770 -11.2875 -36.487503 -8.75625
2.12337450 -11.587501 -36.7125 -8.700001
2.18311400 -11.587501 -36.7125 -8.700001
2.24317860 -11.587501 -36.7125 -8.700001
2.30324950 -11.587501 -36.7125 -8.700001
2.36368870 -11.8125 -36.65625 -8.64375
2.42357310 -11.8125 -36.65625 -8.64375
2.48321250 -11.8125 -36.65625 -8.64375
2.54351990 -11.8125 -36.65625 -8.64375
2.60320480 -12.1125 -36.65625 -8.400001
2.66340360 -12.1125 -36.65625 -8.400001
2.72308380 -12.1125 -36.65625 -8.400001
2.78360640 -12.4125 -36.600002 -8.400001
2.84390100 -12.4125 -36.600002 -8.400001
2.90366280 -12.4125 -36.600002 -8.400001
2.96404860 -12.4125 -36.54375 -8.2875
3.02420580 -12.4125 -36.54375 -8.2875
3.08514610 -12.4125 -36.54375 -8.2875
3.14509470 -12.4875 -36.487503 -8.043751
3.20810650 -12.4875 -36.487503 -8.043751
3.26836250 -12.4875 -36.487503 -8.043751
3.32841080 -12.712501 -36.487503 -8.2875
3.38860070 -12.712501 -36.487503 -8.2875
3.44825540 -12.712501 -36.487503 -8.2875
3.50813040 -12.712501 -36.487503 -8.2875
3.56783100 -12.656251 -36.35625 -8.34375
3.62773600 -12.656251 -36.35625 -8.34375
3.68782780 -12.656251 -36.35625 -8.34375
3.74760310 -12.712501 -36.05625 -8.34375
3.80761250 -12.712501 -36.05625 -8.34375
3.86749740 -12.712501 -36.05625 -8.34375
3.92811170 -12.900001 -35.756252 -8.400001
3.98765590 -12.900001 -35.756252 -8.400001
4.04760990 -12.900001 -35.756252 -8.400001
4.11119780 -12.900001 -35.756252 -8.400001
4.17174660 -12.900001 -35.7 -8.45625
4.23185860 -12.900001 -35.7 -8.45625
4.29237550 -12.900001 -35.7 -8.45625
4.35325460 -12.900001 -35.7 -8.45625
4.41304480 -12.95625 -35.756252 -8.34375
4.47278020 -12.95625 -35.756252 -8.34375
4.53328980 -12.95625 -35.8125 -8.212501
4.59341810 -12.95625 -35.8125 -8.212501
4.65365630 -12.95625 -35.8125 -8.212501
4.71384720 -12.95625 -35.8125 -8.212501
4.77363120 -12.712501 -35.8875 -8.587501
4.83361540 -12.712501 -35.8875 -8.587501
4.90055160 -12.712501 -35.8875 -8.587501
4.96196240 -12.543751 -36.1875 -8.34375
5.02920000 -12.543751 -36.1875 -8.34375
5.08909270 -12.543751 -36.1875 -8.34375
5.14895120 -12.7875 -36.24375 -8.34375
5.20865570 -12.7875 -36.24375 -8.34375
5.26823790 -12.7875 -36.24375 -8.34375
5.32788930 -12.7875 -36.24375 -8.34375
5.38785610 -12.656251 -36.35625 -8.587501
5.44793240 -12.656251 -36.35625 -8.587501
5.50814420 -12.656251 -36.35625 -8.587501
5.56761130 -12.656251 -36.54375 -8.587501
5.62783020 -12.656251 -36.54375 -8.587501
5.68754350 -12.656251 -36.54375 -8.587501
5.74787970 -12.712501 -36.54375 -8.8125
5.80740510 -12.712501 -36.54375 -8.8125
5.86732600 -12.712501 -36.54375 -8.8125
5.92748990 -12.656251 -36.54375 -8.94375
5.98773060 -12.656251 -36.54375 -8.94375
6.07449130 -12.656251 -36.54375 -8.94375
6.13677340 -12.656251 -36.54375 -8.94375
6.19726370 -12.712501 -36.600002 -9.1125
6.25727670 -12.712501 -36.600002 -9.1125
6.31717570 -12.712501 -36.600002 -9.1125
6.37690670 -13.200001 -36.600002 -8.94375
6.43676100 -13.200001 -36.600002 -8.94375
6.49742750 -13.200001 -36.600002 -8.94375
6.55772350 -13.14375 -36.35625 -8.94375
6.61792800 -13.14375 -36.35625 -8.94375
6.67796920 -13.14375 -36.35625 -8.94375
6.73810020 -12.95625 -36.487503 -8.94375
6.79822620 -12.95625 -36.487503 -8.94375
6.85803220 -12.95625 -36.487503 -8.94375
6.91833320 -12.95625 -36.487503 -8.94375
6.97811280 -12.95625 -36.600002 -8.75625
7.03762440 -12.95625 -36.600002 -8.75625
7.09758090 -12.95625 -36.600002 -8.75625
7.15762860 -12.95625 -36.600002 -8.75625
7.21793750 -12.900001 -36.84375 -8.587501
7.27756860 -12.900001 -36.84375 -8.587501
7.34083270 -12.656251 -36.787502 -8.2875
7.40089300 -12.656251 -36.787502 -8.2875
7.46115180 -12.656251 -36.787502 -8.2875
7.52116390 -12.656251 -36.787502 -8.2875
7.58130300 -12.4875 -36.84375 -8.15625
7.64203490 -12.4875 -36.84375 -8.15625
7.70194040 -12.4875 -36.84375 -8.15625
7.76172250 -12.356251 -36.787502 -8.212501
7.82133660 -12.356251 -36.787502 -8.212501
7.88117030 -12.356251 -36.787502 -8.212501
7.94135320 -12.356251 -36.787502 -8.212501
8.00158980 -11.887501 -36.7125 -7.9125004
8.06146870 -11.887501 -36.7125 -7.9125004
8.12169300 -11.887501 -36.7125 -7.9125004
8.18176940 -11.700001 -36.7125 -8.043751
8.24166610 -11.700001 -36.7125 -8.043751
8.30187330 -11.700001 -36.7125 -8.043751
8.36197620 -11.587501 -36.787502 -7.9125004
8.42176060 -11.587501 -36.787502 -7.9125004
8.48153230 -11.587501 -36.787502 -7.9125004
8.54149270 -11.587501 -36.787502 -7.9125004
8.60198690 -11.45625 -36.487503 -7.8
8.66208850 -11.45625 -36.487503 -7.8
8.72192240 -11.45625 -36.487503 -7.8
8.78240610 -11.45625 -36.300003 -7.8562503
8.84218580 -11.45625 -36.300003 -7.8562503
8.90224780 -11.45625 -36.300003 -7.8562503
8.96275250 -11.512501 -36.1875 -8.15625
9.02283850 -11.512501 -36.1875 -8.15625
9.08951150 -11.512501 -36.1875 -8.15625
9.14931220 -11.75625 -36.1875 -8.34375
9.20879570 -11.75625 -36.1875 -8.34375
9.26872440 -11.75625 -36.1875 -8.34375
9.32860890 -11.75625 -36.1875 -8.34375
9.38821150 -12.95625 -35.2125 -9.243751
9.44800600 -12.95625 -35.2125 -9.243751
9.50796850 -12.95625 -35.2125 -9.243751
9.56794330 -14.512501 -32.756252 -11.512501
9.62783750 -14.512501 -32.756252 -11.512501
9.68743660 -14.512501 -32.756252 -11.512501
9.74724580 -16.44375 -28.85625 -13.9125
9.80756230 -16.44375 -28.85625 -13.9125
9.86742390 -16.44375 -28.85625 -13.9125
9.92751870 -16.44375 -28.85625 -13.9125
9.98727270 -18. -23.94375 -16.743752
10.04705120 -18. -23.94375 -16.743752
10.11717660 -18. -23.94375 -16.743752
10.17700410 -19.3875 -19.143751 -19.44375
10.23717130 -19.3875 -19.143751 -19.44375
10.29710950 -19.3875 -19.143751 -19.44375
10.35723220 -20.643751 -14.1 -22.3125
10.41751850 -20.643751 -14.1 -22.3125
10.47740110 -20.643751 -14.1 -22.3125
10.53718440 -20.643751 -14.1 -22.3125
10.59702640 -21.65625 -9.056251 -24.656252
10.65704370 -21.65625 -9.056251 -24.656252
10.71739650 -21.65625 -9.056251 -24.656252
10.77733310 -22.612501 -3.7125 -27.487501
10.83708470 -22.612501 -3.7125 -27.487501
10.90744540 -22.612501 -3.7125 -27.487501
10.96707990 -22.143751 0.41250002 -29.156252
11.02723970 -22.143751 0.41250002 -29.156252
11.08698920 -22.143751 0.41250002 -29.156252
11.14752480 -21.54375 2.9437501 -29.75625
11.20769780 -21.54375 2.9437501 -29.75625
11.26745650 -21.54375 2.9437501 -29.75625
11.32840100 -21.54375 2.9437501 -29.75625
11.38858360 -20.643751 4.2562504 -30.187502
11.44843440 -20.643751 4.2562504 -30.187502
11.50827240 -20.643751 4.2562504 -30.187502
11.56818500 -20.1 4.74375 -30.056252
11.62798090 -20.1 4.74375 -30.056252
11.68762370 -20.1 4.74375 -30.056252
11.74764630 -19.743752 5.1000004 -30.6
11.80767300 -19.743752 5.1000004 -30.6
11.86742140 -19.743752 5.1000004 -30.6
11.92733940 -19.556252 5.4 -30.4125
12.04931320 -19.556252 5.4 -30.4125
12.11026360 -19.556252 5.4 -30.4125
12.17007680 -19.44375 5.5875 -30.656252
12.22985630 -19.44375 5.5875 -30.656252
12.28962310 -19.44375 5.5875 -30.656252
12.34952560 -19.2 5.9437504 -30.54375
12.40918700 -19.2 5.9437504 -30.54375
12.46910260 -19.2 5.9437504 -30.54375
12.52875980 -19.2 5.9437504 -30.54375
12.58826110 -19.3875 5.8875003 -30.712502
12.64782040 -19.3875 5.8875003 -30.712502
12.70742240 -19.3875 5.8875003 -30.712502
12.76763920 -19.3875 6.1125 -30.956251
12.82734830 -19.3875 6.1125 -30.956251
12.88736870 -19.3875 6.1125 -30.956251
12.94721770 -19.3875 6.1125 -30.956251
13.00739090 -19.3125 6.3562503 -30.712502
13.06747050 -19.3125 6.3562503 -30.712502
13.12777670 -19.087502 6.4125004 -30.843752
13.18787100 -19.087502 6.4125004 -30.843752
13.24826540 -19.087502 6.4125004 -30.843752
13.30808240 -19.087502 6.4125004 -30.843752
13.36807160 -18.900002 6.4875 -30.6
13.42870320 -18.900002 6.4875 -30.6
13.48869350 -18.900002 6.4875 -30.6
13.54835310 -18.900002 6.4875 -30.6
13.60784340 -18.712502 6.3 -30.656252
13.66769810 -18.712502 6.3 -30.656252
13.72891710 -18.712502 6.3 -30.656252
13.78896080 -18.712502 6.24375 -30.843752
13.84913130 -18.712502 6.24375 -30.843752
13.90963550 -18.712502 6.24375 -30.843752
13.96951070 -18.6 5.64375 -30.843752
14.02958150 -18.6 5.64375 -30.843752
14.08938650 -18.6 5.64375 -30.843752
14.14945750 -18.65625 5.45625 -30.6
14.20934640 -18.65625 5.45625 -30.6
14.26992190 -18.65625 5.45625 -30.6
14.32990240 -18.65625 5.45625 -30.6
14.38950540 -18.6 5.34375 -30.487501
14.44938420 -18.6 5.34375 -30.487501
14.50923000 -18.6 5.34375 -30.487501
14.56967840 -18.487501 5.15625 -30.656252
14.62946750 -18.487501 5.15625 -30.656252
14.68915800 -18.487501 5.15625 -30.656252
14.74897790 -18.487501 5.1000004 -30.4125
14.80896840 -18.487501 5.1000004 -30.4125
14.86854220 -18.487501 5.1000004 -30.4125
14.92849320 -18.487501 5.1000004 -30.4125
14.98848350 -18.487501 4.9125004 -30.187502
15.04904740 -18.487501 4.9125004 -30.187502
15.10913790 -18.487501 4.9125004 -30.187502
15.16876790 -18.84375 4.3125 -30.300001
15.22864900 -18.84375 4.3125 -30.300001
15.28910230 -18.84375 4.3125 -30.300001
15.34916250 -18.84375 4.3125 -30.300001
15.40908950 -19.5 2.8875 -29.94375
15.46923100 -19.5 2.8875 -29.94375
15.52942780 -19.5 2.8875 -29.94375
15.58966820 -20.212502 0.41250002 -28.9125
15.64944750 -20.212502 0.41250002 -28.9125
15.71010710 -20.212502 0.41250002 -28.9125
15.77005710 -20.5125 -2.9437501 -27.843752
15.83100730 -20.5125 -2.9437501 -27.843752
15.89085260 -20.5125 -2.9437501 -27.843752
15.95069230 -20.5125 -2.9437501 -27.843752
16.01024190 -20.7 -7.2562504 -26.1
16.07001540 -20.7 -7.2562504 -26.1
16.12986920 -20.456251 -11.75625 -23.8875
16.19012000 -20.456251 -11.75625 -23.8875
16.25008370 -20.456251 -11.75625 -23.8875
16.31007310 -20.456251 -11.75625 -23.8875
16.37050760 -20.34375 -16.3875 -21.956251
16.43023840 -20.34375 -16.3875 -21.956251
16.49031200 -20.34375 -16.3875 -21.956251
16.55013010 -20.15625 -20.94375 -19.9125
16.61036360 -20.15625 -20.94375 -19.9125
16.67011370 -20.15625 -20.94375 -19.9125
16.72988470 -20.15625 -20.94375 -19.9125
16.78942570 -19.6875 -24.7875 -17.400002
16.84900440 -19.6875 -24.7875 -17.400002
16.91206110 -19.6875 -24.7875 -17.400002
16.97199840 -18.956251 -27.956251 -15.4875
17.03172120 -18.956251 -27.956251 -15.4875
17.09171580 -18.956251 -27.956251 -15.4875
17.15193350 -18.956251 -27.956251 -15.4875
17.21256480 -18.4125 -29.7 -14.156251
17.27226240 -18.4125 -29.7 -14.156251
17.33193740 -18.4125 -29.7 -14.156251
17.39230280 -18.056252 -30.487501 -13.14375
17.45221890 -18.056252 -30.487501 -13.14375
17.51194210 -18.056252 -30.487501 -13.14375
17.57164300 -18.056252 -30.712502 -12.4875
17.63142160 -18.056252 -30.712502 -12.4875
17.69157430 -18.056252 -30.712502 -12.4875
17.75149920 -18.243752 -30.656252 -12.4125
17.81137550 -18.243752 -30.656252 -12.4125
17.87156690 -18.243752 -30.656252 -12.4125
17.93177490 -18.243752 -30.656252 -12.4125
17.99181140 -18.4125 -30.6 -12.1125
18.05161380 -18.4125 -30.6 -12.1125
18.11265190 -18.4125 -30.6 -12.1125
18.17268670 -18.487501 -30.7875 -11.94375
18.23298260 -18.487501 -30.7875 -11.94375
18.29303250 -18.487501 -30.7875 -11.94375
18.35295580 -18.487501 -30.7875 -11.94375
18.41313670 -18.7875 -30.843752 -12.056251
18.47288300 -18.7875 -30.843752 -12.056251
18.53332810 -18.7875 -30.843752 -12.056251
18.59321440 -18.6 -30.956251 -12.1125
18.65315520 -18.6 -30.956251 -12.1125
18.71300130 -18.6 -30.956251 -12.1125
18.77313300 -18.54375 -30.956251 -12.056251
18.83282370 -18.54375 -30.956251 -12.056251
18.89240830 -18.54375 -30.956251 -12.056251
18.95242380 -18.54375 -31.25625 -12.056251
19.01253640 -18.54375 -31.25625 -12.056251
19.07264380 -18.54375 -31.25625 -12.056251
19.13246210 -18.54375 -31.087502 -12.187501
19.19213090 -18.54375 -31.087502 -12.187501
19.25191130 -18.54375 -31.087502 -12.187501
19.31241160 -18.54375 -31.087502 -12.187501
19.37238710 -18.6 -30.956251 -12.356251
19.43204320 -18.6 -30.956251 -12.356251
19.49176240 -18.6 -30.956251 -12.356251
19.55199380 -18.6 -31.143751 -12.356251
19.61223030 -18.6 -31.143751 -12.356251
19.67175160 -18.6 -31.143751 -12.356251
19.73187220 -18.6 -31.143751 -12.356251
19.79236510 -18.65625 -31.087502 -12.356251
19.85205650 -18.65625 -31.087502 -12.356251
19.91657350 -18.65625 -31.087502 -12.356251
19.97674980 -18.6 -30.900002 -12.4125
20.03681430 -18.6 -30.900002 -12.4125
20.09674980 -18.6 -30.900002 -12.4125
20.15684230 -18.6 -30.900002 -12.4125
20.21649580 -18.6 -30.7875 -12.356251
20.27672770 -18.6 -30.7875 -12.356251
20.33694150 -18.6 -30.7875 -12.356251
20.39739540 -18.35625 -30.956251 -12.4875
20.45738900 -18.35625 -30.956251 -12.4875
20.51722180 -18.35625 -30.956251 -12.4875
20.57787760 -18.54375 -30.712502 -12.356251
20.63799480 -18.54375 -30.712502 -12.356251
20.69787100 -18.54375 -30.712502 -12.356251
20.75746640 -18.54375 -30.843752 -12.1125
20.81748370 -18.54375 -30.843752 -12.1125
20.87763480 -18.54375 -30.843752 -12.1125
20.93784140 -18.7875 -30.900002 -11.887501
20.99808090 -18.7875 -30.900002 -11.887501
21.05846060 -18.7875 -30.900002 -11.887501
21.11838680 -18.7875 -30.900002 -11.887501
21.17815420 -18.7875 -30.7875 -11.94375
21.23819450 -18.7875 -30.7875 -11.94375
21.29773160 -18.7875 -30.7875 -11.94375
21.38401840 -18.712502 -30.6 -12.187501
21.44423550 -18.712502 -30.6 -12.187501
21.50438700 -18.712502 -30.6 -12.187501
21.56503600 -15.900001 -28.85625 -14.94375
21.62517840 -15.900001 -28.85625 -14.94375
21.68505030 -15.900001 -28.85625 -14.94375
21.74531440 -9.7875 -26.587502 -14.75625
21.80544880 -9.7875 -26.587502 -14.75625
21.86522640 -9.7875 -26.587502 -14.75625
21.92485690 -9.7875 -26.587502 -14.75625
21.98450180 -3.4875002 -24.4125 -13.856251
22.04432270 -3.4875002 -24.4125 -13.856251
22.10452670 -3.4875002 -24.4125 -13.856251
22.16426270 3.05625 -22.5 -12.95625
22.22396900 3.05625 -22.5 -12.95625
22.28393370 3.05625 -22.5 -12.95625
22.34401210 9.84375 -20.643751 -12.187501
22.40385530 9.84375 -20.643751 -12.187501
22.46417290 9.84375 -20.643751 -12.187501
22.52394620 9.84375 -20.643751 -12.187501
22.58465200 16.25625 -18.712502 -11.2875
22.64496960 16.25625 -18.712502 -11.2875
22.70476120 16.25625 -18.712502 -11.2875
22.76497560 22.556252 -16.556252 -10.3125
22.82502670 22.556252 -16.556252 -10.3125
22.88467900 22.556252 -16.556252 -10.3125
22.94449490 22.556252 -16.556252 -10.3125
23.00463220 28.85625 -14.587501 -9.1875
23.06471000 28.85625 -14.587501 -9.1875
23.12475550 28.85625 -14.587501 -9.1875
23.18458200 32.456253 -14.343751 -5.2875004
23.24482830 32.456253 -14.343751 -5.2875004
23.31281710 32.456253 -14.343751 -5.2875004
23.37277300 32.8125 -14.512501 -4.4437504
23.43294920 32.8125 -14.512501 -4.4437504
23.49275820 32.8125 -14.512501 -4.4437504
23.55248820 32.756252 -14.45625 -4.4437504
23.61200030 32.756252 -14.45625 -4.4437504
23.67209340 32.756252 -14.45625 -4.4437504
23.73206720 32.756252 -14.212501 -4.8
23.79173880 32.756252 -14.212501 -4.8
23.85153020 32.756252 -14.212501 -4.8
23.91131370 32.756252 -14.212501 -4.8
23.97162530 32.34375 -14.212501 -4.8562503
24.03173930 32.34375 -14.212501 -4.8562503
24.09157750 32.34375 -14.212501 -4.8562503
24.15130570 32.287502 -14.212501 -6.24375
24.21151580 32.287502 -14.212501 -6.24375
24.27166950 32.287502 -14.212501 -6.24375
24.33141980 32.287502 -14.212501 -6.24375
24.39132390 28.85625 -12.95625 -10.6875
24.45188630 28.85625 -12.95625 -10.6875
24.51154770 28.85625 -12.95625 -10.6875
24.57145800 21.300001 -12.900001 -12.900001
24.63128720 21.300001 -12.900001 -12.900001
24.69152520 21.300001 -12.900001 -12.900001
24.75182360 21.300001 -12.900001 -12.900001
24.81179700 15.356251 -14.512501 -14.812501
24.87160880 15.356251 -14.512501 -14.812501
24.93251140 15.356251 -14.512501 -14.812501
25.00343320 8.700001 -15.95625 -16.3125
25.06348160 8.700001 -15.95625 -16.3125
25.12339040 2.1000001 -17.212502 -17.7
25.18323320 2.1000001 -17.212502 -17.7
25.24339860 2.1000001 -17.212502 -17.7
25.30312350 2.1000001 -17.212502 -17.7
25.36346920 -4.6875 -18.956251 -19.0125
25.42325910 -4.6875 -18.956251 -19.0125
25.49325540 -4.6875 -18.956251 -19.0125
25.56677570 -11.212501 -20.2875 -20.456251
25.62753210 -11.212501 -20.2875 -20.456251
25.68767490 -11.212501 -20.2875 -20.456251
25.74770560 -17.400002 -21.712502 -20.5125
25.80832940 -17.400002 -21.712502 -20.5125
25.86854720 -17.400002 -21.712502 -20.5125
25.92813240 -20.456251 -24.243752 -17.400002
25.98810310 -20.456251 -24.243752 -17.400002
26.04780990 -20.456251 -24.243752 -17.400002
26.10777800 -20.456251 -24.243752 -17.400002
26.16791990 -19.743752 -25.800001 -16.743752
26.22749320 -19.743752 -25.800001 -16.743752
26.28826880 -19.743752 -25.800001 -16.743752
26.34808150 -19.743752 -25.800001 -16.743752
26.40827030 -20.15625 -25.612501 -16.44375
26.46871710 -20.15625 -25.612501 -16.44375
26.52873120 -20.15625 -25.612501 -16.44375
26.58858160 -20.212502 -25.800001 -16.5
26.64842550 -20.212502 -25.800001 -16.5
26.71076720 -20.212502 -25.800001 -16.5
26.77095260 -20.2875 -25.987501 -16.5
26.83110920 -20.2875 -25.987501 -16.5
26.89096110 -20.2875 -25.987501 -16.5
26.95108530 -20.212502 -25.987501 -16.25625
27.01180230 -20.212502 -25.987501 -16.25625
27.07204560 -20.212502 -25.987501 -16.25625
27.13181250 -20.212502 -25.987501 -16.25625
27.19294870 -20.2875 -26.1 -16.087502
27.25257020 -20.2875 -26.1 -16.087502
27.31215150 -20.2875 -26.1 -16.087502
27.37207010 -20.15625 -25.987501 -16.143751
27.43191170 -20.15625 -25.987501 -16.143751
27.50954150 -20.15625 -25.987501 -16.143751
27.56920230 -20.212502 -26.1 -16.3875
27.62947400 -20.212502 -26.1 -16.3875
27.68965440 -20.212502 -26.1 -16.3875
27.74968480 -19.9125 -26.1 -16.25625
27.81651900 -19.9125 -26.1 -16.25625
27.91318090 -19.9125 -26.1 -16.25625
27.97315470 -20.7 -26.1 -15.95625
28.03369280 -20.7 -26.1 -15.95625
28.09379460 -20.7 -26.1 -15.95625
28.15333530 -22.3125 -25.143751 -15.3
28.21326240 -22.3125 -25.143751 -15.3
28.27347720 -22.3125 -25.143751 -15.3
28.33355290 -22.3125 -25.143751 -15.3
28.39355740 -24.056252 -22.6875 -14.94375
28.52466480 -24.056252 -22.6875 -14.94375
28.58816300 -25.687502 -19.612501 -14.94375
28.64808470 -25.687502 -19.612501 -14.94375
28.70807990 -25.687502 -19.612501 -14.94375
28.76821910 -27.300001 -16.743752 -15.056251
28.82826420 -27.300001 -16.743752 -15.056251
28.88810070 -27.300001 -16.743752 -15.056251
28.94809590 -29.2875 -14.043751 -15.1125
29.00817950 -29.2875 -14.043751 -15.1125
29.06817270 -29.2875 -14.043751 -15.1125
29.12778750 -29.2875 -14.043751 -15.1125
29.18853980 -31.2 -11.512501 -15.000001
29.24847490 -31.2 -11.512501 -15.000001
29.30812560 -31.2 -11.512501 -15.000001
29.36825890 -33.112503 -8.587501 -14.700001
29.42827250 -33.112503 -8.587501 -14.700001
29.48870910 -33.112503 -8.587501 -14.700001
29.54877230 -33.112503 -8.587501 -14.700001
29.60888040 -34.0875 -5.7562504 -14.700001
29.66884410 -34.0875 -5.7562504 -14.700001
29.72873030 -34.0875 -5.7562504 -14.700001
29.78856130 -34.2 -3.7125 -15.187501
29.84852370 -34.2 -3.7125 -15.187501
29.90822240 -34.2 -3.7125 -15.187501
29.96946730 -34.2 -3.4875002 -15.243751
30.02943810 -34.2 -3.4875002 -15.243751
30.10846520 -34.2 -3.4875002 -15.243751
30.16837920 -34.2 -3.54375 -15.187501
30.22870320 -34.2 -3.54375 -15.187501
30.29421560 -34.2 -3.54375 -15.187501
30.35485670 -33.956253 -3.35625 -15.056251
30.42634910 -33.956253 -3.35625 -15.056251
30.49027120 -33.956253 -3.35625 -15.056251
30.55027310 -34.0125 -3.3000002 -15.187501
30.61075620 -34.0125 -3.3000002 -15.187501
30.67059250 -34.0125 -3.3000002 -15.187501
30.73042720 -33.956253 -2.8125 -15.056251
30.79013870 -33.956253 -2.8125 -15.056251
30.85044050 -33.956253 -2.8125 -15.056251
30.91071600 -33.956253 -2.8125 -15.056251
30.97069870 -33.84375 -2.8125 -15.356251
31.03075330 -33.84375 -2.8125 -15.356251
31.09052000 -33.84375 -2.8125 -15.356251
31.15062740 -34.0875 -3.05625 -15.1125
31.21038490 -34.0875 -3.05625 -15.1125
31.26997650 -34.0875 -3.05625 -15.1125
31.33063100 -34.0875 -3.05625 -15.1125
31.39072710 -32.5125 -5.8875003 -15.356251
31.45044900 -32.5125 -5.8875003 -15.356251
31.51053030 -32.5125 -5.8875003 -15.356251
31.57032500 -29.587502 -8.45625 -16.25625
31.63031820 -29.587502 -8.45625 -16.25625
31.68984590 -29.587502 -8.45625 -16.25625
31.74964360 -25.987501 -11.1 -17.5125
31.80983080 -25.987501 -11.1 -17.5125
31.86974590 -25.987501 -11.1 -17.5125
31.92937700 -22.2 -13.856251 -18.84375
31.98910370 -22.2 -13.856251 -18.84375
32.04877060 -22.2 -13.856251 -18.84375
32.10910840 -22.2 -13.856251 -18.84375
32.16865380 -18. -16.3875 -19.85625
32.22862510 -18. -16.3875 -19.85625
32.28870690 -18. -16.3875 -19.85625
32.34896410 -13.687501 -19.087502 -21.300001
32.42772860 -13.687501 -19.087502 -21.300001
32.48820320 -13.687501 -19.087502 -21.300001
32.54868320 -9.1875 -21.487501 -22.556252
32.60830680 -9.1875 -21.487501 -22.556252
32.66861270 -9.1875 -21.487501 -22.556252
32.72893840 -9.1875 -21.487501 -22.556252
32.78929090 -4.6875 -23.7 -24.4125
32.84905500 -4.6875 -23.7 -24.4125
32.90935300 -4.6875 -23.7 -24.4125
32.96942750 -1.85625 -23.212502 -25.44375
33.02923760 -1.85625 -23.212502 -25.44375
33.08896720 -1.85625 -23.212502 -25.44375
33.14892050 -1.85625 -23.212502 -25.44375
33.20879910 -0.35625002 -23.04375 -25.9125
33.27719710 -0.35625002 -23.04375 -25.9125
33.33694730 0.54375005 -22.743752 -26.1
33.39711690 0.54375005 -22.743752 -26.1
33.45735490 0.54375005 -22.743752 -26.1
33.51716370 0.54375005 -22.743752 -26.1
33.57738150 1.0875001 -22.612501 -25.987501
33.63707730 1.0875001 -22.612501 -25.987501
33.69714480 1.0875001 -22.612501 -25.987501
33.75733040 1.5 -22.44375 -26.212502
33.82135850 1.5 -22.44375 -26.212502
33.90206960 1.5 -22.44375 -26.212502
33.96766180 1.7437501 -22.3875 -26.212502
34.02803020 1.7437501 -22.3875 -26.212502
34.08829070 1.7437501 -22.3875 -26.212502
34.14807310 1.8000001 -22.44375 -26.343752
34.20802460 1.8000001 -22.44375 -26.343752
34.26789930 1.8000001 -22.44375 -26.343752
34.32763830 1.8000001 -22.44375 -26.343752
34.38789370 2.04375 -22.3875 -26.343752
34.45370540 2.04375 -22.3875 -26.343752
34.51538270 2.04375 -22.3875 -26.343752
34.57653460 2.04375 -22.3875 -26.456251
34.65038060 2.04375 -22.3875 -26.456251
34.71105360 2.04375 -22.3875 -26.456251
34.77109530 1.9125 -22.5 -26.456251
34.83091220 1.9125 -22.5 -26.456251
34.89396350 1.9125 -22.5 -26.456251
34.95623610 1.6875001 -22.5 -26.400002
35.01897680 1.6875001 -22.5 -26.400002
35.07891600 1.6875001 -22.5 -26.400002
35.13894710 1.8000001 -22.44375 -26.643751
35.19876000 1.8000001 -22.44375 -26.643751
35.25835710 1.8000001 -22.44375 -26.643751
35.31804180 1.8000001 -22.44375 -26.643751
35.37840870 1.5562501 -22.5 -26.643751
35.43798470 1.5562501 -22.5 -26.643751
35.49798210 1.5562501 -22.5 -26.643751
35.55822240 1.5562501 -22.5 -26.643751
35.61847110 1.3875 -22.5 -26.400002
35.67806610 1.3875 -22.5 -26.400002
35.73789240 1.1437501 -22.612501 -26.156252
35.79830890 1.1437501 -22.612501 -26.156252
35.85891390 1.1437501 -22.612501 -26.156252
35.91903550 1.1437501 -22.612501 -26.156252
35.97926600 0.71250004 -22.6875 -26.04375
36.03954400 0.71250004 -22.6875 -26.04375
36.11442640 0.71250004 -22.6875 -26.04375
36.17448700 0.35625002 -22.6875 -25.743752
36.23440900 0.35625002 -22.6875 -25.743752
36.29460490 0.35625002 -22.6875 -25.743752
36.35478150 0.1875 -22.743752 -25.743752
36.41522760 0.1875 -22.743752 -25.743752
36.47512220 0.1875 -22.743752 -25.743752
36.53560110 0.1875 -22.743752 -25.743752
36.61938690 0.1875 -22.9125 -26.04375
36.68360120 0.1875 -22.9125 -26.04375
36.74328320 -0.05625 -23.04375 -25.987501
36.80343410 -0.05625 -23.04375 -25.987501
36.86375530 -0.05625 -23.04375 -25.987501
36.92354760 -0.05625 -23.04375 -25.987501
36.98318680 0.1125 -23.04375 -26.1
37.04322430 0.1125 -23.04375 -26.1
37.10321000 0.1125 -23.04375 -26.1
37.16328930 0.35625002 -23.04375 -26.156252
37.22292980 0.35625002 -23.04375 -26.156252
37.28268580 0.35625002 -23.04375 -26.156252
37.34291350 0.35625002 -23.04375 -26.156252
37.40316490 0.54375005 -22.987501 -26.5125
37.46298620 0.54375005 -22.987501 -26.5125
37.52285960 0.7875 -23.212502 -26.5125
37.58313340 0.7875 -23.212502 -26.5125
37.64327680 0.7875 -23.212502 -26.5125
37.74730650 0.7875 -23.212502 -26.5125
37.80747590 1.0125 -23.15625 -26.587502
37.86788170 1.0125 -23.15625 -26.587502
37.92797490 1.0875001 -23.1 -26.587502
37.98836660 1.0875001 -23.1 -26.587502
38.05079700 1.0875001 -23.1 -26.587502
38.11314310 1.0875001 -23.1 -26.587502
38.18560980 1.1437501 -23.15625 -26.2875
38.24756850 1.1437501 -23.15625 -26.2875
38.30753810 1.1437501 -23.15625 -26.2875
38.36758580 1.1437501 -22.9125 -26.2875
38.43606690 1.1437501 -22.9125 -26.2875
38.49613210 1.1437501 -22.9125 -26.2875
38.55674520 1.0875001 -22.85625 -26.04375
38.61653240 1.0875001 -22.85625 -26.04375
38.67633740 1.0875001 -22.85625 -26.04375
38.73736550 0.90000004 -23.1 -26.212502
38.80076210 0.90000004 -23.1 -26.212502
38.86088850 0.90000004 -23.1 -26.212502
38.92067920 0.90000004 -23.1 -26.212502
38.98079550 0.7875 -23.15625 -26.156252
39.04060120 0.7875 -23.15625 -26.156252
39.10039400 0.7875 -23.15625 -26.156252
39.16060810 0.54375005 -22.9125 -26.156252
39.22041770 0.54375005 -22.9125 -26.156252
39.28070430 0.54375005 -22.9125 -26.156252
39.34085650 0.54375005 -23.15625 -26.156252
39.43892300 0.54375005 -23.15625 -26.156252
39.49893100 0.54375005 -23.15625 -26.156252
39.55877070 0.54375005 -23.15625 -26.156252
39.61869670 0.6 -22.9125 -26.156252
39.67873050 0.6 -22.9125 -26.156252
39.73895450 0.6 -22.9125 -26.156252
39.79856900 0.41250002 -22.612501 -26.1
39.85845710 0.41250002 -22.612501 -26.1
39.91831000 0.41250002 -22.612501 -26.1
39.97806900 0.35625002 -22.800001 -26.04375
40.03838880 0.35625002 -22.800001 -26.04375
40.09808290 0.35625002 -22.800001 -26.04375
40.15799850 0.3 -22.9125 -26.156252
40.21813900 0.3 -22.9125 -26.156252
40.27822660 0.3 -22.9125 -26.156252
40.33804850 0.3 -22.9125 -26.156252
40.39776300 0.3 -22.743752 -25.9125
40.45766180 0.3 -22.743752 -25.9125
40.51803000 0.3 -22.743752 -25.9125
40.57797720 0.3 -22.612501 -25.743752
40.63889670 0.3 -22.612501 -25.743752
40.69870560 0.3 -22.612501 -25.743752
40.75882170 0.3 -22.6875 -25.743752
40.81956610 0.3 -22.6875 -25.743752
40.88012450 0.3 -22.6875 -25.743752
40.94050660 0.1875 -22.3875 -25.687502
41.00025610 0.1875 -22.3875 -25.687502
41.06014250 0.1875 -22.3875 -25.687502
41.12013820 0.1875 -22.3875 -25.687502
41.20281720 0.1125 -22.5 -25.987501
41.26299280 0.1125 -22.5 -25.987501
41.34157330 0.1125 -22.6875 -26.04375
41.41375350 0.1125 -22.6875 -26.04375
41.47403570 0.1125 -22.6875 -26.04375
41.53373430 0.1125 -22.5 -26.04375
41.61016660 0.1125 -22.5 -26.04375
41.67009560 0.1125 -22.5 -26.04375
41.73039060 0.1125 -22.5 -26.04375
41.79034390 0. -22.44375 -25.800001
41.85039460 0. -22.44375 -25.800001
41.91045480 0. -22.44375 -25.800001
41.97029690 -0.1125 -22.3875 -25.987501
42.02999450 -0.1125 -22.3875 -25.987501
42.09014520 -0.1125 -22.3875 -25.987501
42.15001490 -0.1125 -22.3875 -25.987501
42.21043750 0.05625 -22.3875 -25.987501
42.27104810 0.05625 -22.3875 -25.987501
42.33089950 0.05625 -22.3875 -25.987501
42.39112050 0.1125 -22.556252 -25.9125
42.45149800 0.1125 -22.556252 -25.9125
42.51189230 0.1125 -22.556252 -25.9125
42.57200020 0.1875 -22.743752 -25.9125
42.63208950 0.1875 -22.743752 -25.9125
42.69245850 0.1875 -22.743752 -25.9125
42.75224520 0.1125 -22.85625 -25.44375
42.81244190 0.1125 -22.85625 -25.44375
42.87210320 0.1125 -22.85625 -25.44375
42.93230620 0.1125 -22.85625 -25.44375
42.99227250 0.35625002 -22.85625 -25.556252
43.05246100 0.35625002 -22.85625 -25.556252
43.11267130 0.35625002 -22.85625 -25.556252
43.17277990 0.35625002 -22.743752 -25.687502
43.25910760 0.35625002 -22.743752 -25.687502
43.32280650 0.35625002 -22.743752 -25.687502
43.38299680 0.1875 -22.6875 -25.85625
43.44283940 0.1875 -22.6875 -25.85625
43.50276250 0.1875 -22.6875 -25.85625
43.56268130 0.1875 -22.6875 -25.9125
43.62278690 0.1875 -22.6875 -25.9125
43.68325780 0.1875 -22.6875 -25.9125
43.74318280 0.1875 -22.6875 -25.9125
43.80279210 0.35625002 -22.612501 -26.156252
43.86327460 0.35625002 -22.612501 -26.156252
43.93655380 0.35625002 -22.44375 -26.2875
44.05120710 0.35625002 -22.44375 -26.2875
44.11103490 0.35625002 -22.44375 -26.2875
44.17090060 0.3 -22.3875 -26.212502
44.23090820 0.3 -22.3875 -26.212502
44.29089220 0.3 -22.3875 -26.212502
44.35053730 0.3 -22.2 -26.400002
44.41137310 0.3 -22.2 -26.400002
44.47140040 0.3 -22.2 -26.400002
44.53162330 0.3 -22.2 -26.400002
44.59169790 0.1875 -22.3875 -26.2875
44.65175450 0.1875 -22.3875 -26.2875
44.71184610 0.1875 -22.3875 -26.2875
44.77159590 0.1125 -22.3125 -25.987501
44.83156470 0.1125 -22.3125 -25.987501
44.89174230 0.1125 -22.3125 -25.987501
44.95171570 0.4875 -22.556252 -25.987501
45.01151860 0.4875 -22.556252 -25.987501
45.07164520 0.4875 -22.556252 -25.987501
45.13131910 0.71250004 -22.800001 -25.9125
45.19184400 0.71250004 -22.800001 -25.9125
45.25184410 0.71250004 -22.800001 -25.9125
45.31161370 0.71250004 -22.800001 -25.9125
45.37278520 0.41250002 -22.800001 -25.612501
45.44665610 0.41250002 -22.800001 -25.612501
45.50723890 0.41250002 -22.800001 -25.612501
45.56768540 0.24375 -22.9125 -25.687502
45.62751970 0.24375 -22.9125 -25.687502
45.68724130 0.24375 -22.9125 -25.687502
45.74680680 0.1875 -22.987501 -25.9125
45.80669410 0.1875 -22.987501 -25.9125
45.86724150 0.1875 -22.987501 -25.9125
45.92714660 0.1875 -22.987501 -25.9125
45.98735430 0.4875 -23.1 -25.9125
46.04753620 0.4875 -23.1 -25.9125
46.10759800 0.4875 -23.1 -25.9125
46.16737850 0.41250002 -23.04375 -25.9125
46.22795920 0.41250002 -23.04375 -25.9125
46.28791240 0.41250002 -23.04375 -25.9125
46.35288270 0.41250002 -23.04375 -25.9125
46.41495850 0.4875 -23.04375 -26.1
46.47496050 0.4875 -23.04375 -26.1
46.53479910 0.4875 -23.04375 -26.1
46.59457150 0.24375 -22.85625 -26.04375
46.65437760 0.24375 -22.85625 -26.04375
46.71481700 0.24375 -22.85625 -26.04375
46.77467490 0.1875 -22.743752 -25.987501
46.83490030 0.1875 -22.743752 -25.987501
46.89503870 0.1875 -22.743752 -25.987501
46.95504330 0.41250002 -22.800001 -26.156252
47.01462510 0.41250002 -22.800001 -26.156252
47.07453450 0.41250002 -22.800001 -26.156252
47.13452680 0.41250002 -22.800001 -26.156252
47.19542710 0.4875 -22.6875 -25.987501
47.25522590 0.4875 -22.6875 -25.987501
47.31502960 0.4875 -22.6875 -25.987501
47.37517020 0.6 -22.612501 -25.987501
47.43483150 0.6 -22.612501 -25.987501
47.49471480 0.6 -22.612501 -25.987501
47.55455540 0.35625002 -22.3875 -25.9125
47.61480490 0.35625002 -22.3875 -25.9125
47.67507380 0.35625002 -22.3875 -25.9125
47.73626100 0.35625002 -22.0125 -26.1
47.79620760 0.35625002 -22.0125 -26.1
47.85626020 0.35625002 -22.0125 -26.1
47.91940780 0.24375 -21.900002 -26.343752
47.98235610 0.24375 -21.900002 -26.343752
48.04676400 0.24375 -21.900002 -26.343752
48.10917500 0.24375 -21.900002 -26.343752
48.16941880 0.41250002 -21.7875 -26.643751
48.24718530 0.41250002 -21.7875 -26.643751
48.31597180 0.41250002 -21.7875 -26.643751
48.38219580 0.1875 -21.712502 -26.5125
48.45848140 0.1875 -21.712502 -26.5125
48.51893410 0.1875 -21.712502 -26.5125
48.57979150 -0.05625 -21.4125 -26.587502
48.63984350 -0.05625 -21.4125 -26.587502
48.69964810 -0.05625 -21.4125 -26.587502
48.76017660 -0.1125 -21.4125 -26.587502
48.82023910 -0.1125 -21.4125 -26.587502
48.88046580 -0.1125 -21.4125 -26.587502
48.94087800 -0.1125 -21.35625 -26.75625
49.00078090 -0.1125 -21.35625 -26.75625
49.06079860 -0.1125 -21.35625 -26.75625
49.12129460 -0.1125 -21.35625 -26.75625
49.18134420 -0.24375 -21.243752 -27.000002
49.24096740 -0.24375 -21.243752 -27.000002
49.30188170 -0.24375 -21.243752 -27.000002
49.36179420 -0.35625002 -21.487501 -27.187502
49.42167500 -0.35625002 -21.487501 -27.187502
49.48222090 -0.35625002 -21.487501 -27.187502
49.54237970 -0.35625002 -21.487501 -27.187502
49.60242120 -0.6 -21.487501 -26.8875
49.66698310 -0.6 -21.487501 -26.8875
49.72703080 -0.84375006 -21.35625 -26.812502
49.78681660 -0.84375006 -21.35625 -26.812502
49.84710380 -0.84375006 -21.35625 -26.812502
49.90759150 -0.84375006 -21.35625 -26.812502
49.96841890 -0.65625 -21.300001 -26.94375
50.04799980 -0.65625 -21.300001 -26.94375
50.11048720 -0.65625 -21.300001 -26.94375
50.17064380 -0.71250004 -21.35625 -26.94375
50.23016400 -0.71250004 -21.35625 -26.94375
50.29846390 -0.71250004 -21.35625 -26.94375
50.35898810 -0.6 -21.1875 -27.056252
50.41904780 -0.6 -21.1875 -27.056252
50.47854470 -0.6 -21.1875 -27.056252
50.53867970 -0.6 -21.1875 -27.056252
50.59889390 -0.65625 -21. -26.94375
50.65926330 -0.65625 -21. -26.94375
50.71912520 -0.65625 -21. -26.94375
50.77896910 -0.65625 -21.112501 -26.8875
50.83899100 -0.65625 -21.112501 -26.8875
50.89878540 -0.65625 -21.112501 -26.8875
50.95864430 -0.54375005 -20.7 -26.587502
51.01891650 -0.54375005 -20.7 -26.587502
51.08885720 -0.54375005 -20.7 -26.587502
51.14847620 -0.35625002 -20.8875 -27.000002
51.20833800 -0.35625002 -20.8875 -27.000002
51.26842500 -0.35625002 -20.8875 -27.000002
51.32848630 -0.35625002 -20.8875 -27.000002
51.38922130 -0.41250002 -20.8875 -26.94375
51.44877930 -0.41250002 -20.8875 -26.94375
51.50879200 -0.41250002 -20.8875 -26.94375
51.56930240 -0.41250002 -20.8875 -26.94375
51.62899470 -0.4875 -20.8125 -27.187502
51.68873730 -0.4875 -20.8125 -27.187502
51.74863240 -0.35625002 -20.75625 -27.112501
51.80888060 -0.35625002 -20.75625 -27.112501
51.86942310 -0.35625002 -20.75625 -27.112501
51.92911980 -0.35625002 -20.75625 -27.112501
51.98947680 -0.4875 -20.8125 -27.187502
52.04982870 -0.4875 -20.8125 -27.187502
52.11691830 -0.4875 -20.8125 -27.187502
52.17694330 -0.6 -21. -27.243752
52.23679000 -0.6 -21. -27.243752
52.29682170 -0.6 -21. -27.243752
52.35702520 -0.1125 -20.8875 -27.243752
52.41810830 -0.1125 -20.8875 -27.243752
52.47814320 -0.1125 -20.8875 -27.243752
52.53802280 -0.1125 -20.8875 -27.243752
52.59912630 0.24375 -20.8125 -27.300001
52.65894270 0.24375 -20.8125 -27.300001
52.71867590 0.24375 -20.8125 -27.300001
52.77886830 0.4875 -20.456251 -27.4125
52.83878050 0.4875 -20.456251 -27.4125
52.90670370 0.4875 -20.456251 -27.4125
52.96665700 1.8000001 -20.1 -27.712502
53.02672370 1.8000001 -20.1 -27.712502
53.08657750 1.8000001 -20.1 -27.712502
53.14640190 1.8000001 -20.1 -27.712502
53.20647450 3.7875001 -19.2 -27.656252
53.26654190 3.7875001 -19.2 -27.656252
53.32617340 3.7875001 -19.2 -27.656252
53.38608300 5.9437504 -18.4125 -27.656252
53.44631230 5.9437504 -18.4125 -27.656252
53.50640400 5.9437504 -18.4125 -27.656252
53.56665710 7.9125004 -17.643751 -27.7875
53.62697530 7.9125004 -17.643751 -27.7875
53.68690970 7.9125004 -17.643751 -27.7875
53.74665490 7.9125004 -17.643751 -27.7875
53.80661470 10.14375 -16.743752 -28.0125
53.86687180 10.14375 -16.743752 -28.0125
53.92696420 11.75625 -16.0125 -28.143751
53.98697120 11.75625 -16.0125 -28.143751
54.04727850 11.75625 -16.0125 -28.143751
54.10798130 11.75625 -16.0125 -28.143751
54.16795730 13.387501 -15.4875 -28.44375
54.22780060 13.387501 -15.4875 -28.44375
54.28962890 13.387501 -15.4875 -28.44375
54.34938300 15.543751 -14.887501 -28.087502
54.40917450 15.543751 -14.887501 -28.087502
54.46924890 15.543751 -14.887501 -28.087502
54.52908670 15.543751 -14.887501 -28.087502
54.58893430 16.2 -14.45625 -27.7875
54.64895910 16.2 -14.45625 -27.7875
54.70929280 16.2 -14.45625 -27.7875
54.76975820 16.3125 -14.512501 -27.956251
54.82982760 16.3125 -14.512501 -27.956251
54.88993510 16.3125 -14.512501 -27.956251
54.94978520 16.2 -14.64375 -28.0125
55.00969220 16.2 -14.64375 -28.0125
55.06932990 16.2 -14.64375 -28.0125
55.13006220 16.2 -14.64375 -28.0125
55.19067420 16.3125 -14.512501 -28.2
55.25095720 16.3125 -14.512501 -28.2
55.33649500 16.3125 -14.512501 -28.2
55.39697350 16.44375 -14.45625 -28.2
55.45829280 16.44375 -14.45625 -28.2
55.51874200 16.44375 -14.45625 -28.2
55.57878180 16.44375 -14.45625 -28.25625
55.63886520 16.44375 -14.45625 -28.25625
55.69888360 16.44375 -14.45625 -28.25625
55.75855670 16.44375 -14.700001 -28.25625
55.81893870 16.44375 -14.700001 -28.25625
55.87880440 16.44375 -14.700001 -28.25625
55.93861610 16.44375 -14.700001 -28.25625
55.99916860 16.143751 -14.700001 -28.500002
56.05921970 16.143751 -14.700001 -28.500002
56.11908650 16.143751 -14.700001 -28.500002
56.18006040 16.3875 -14.512501 -28.612501
56.23994730 16.3875 -14.512501 -28.612501
56.30364000 16.3875 -14.512501 -28.612501
56.36394940 16.25625 -14.512501 -28.556252
56.42426770 16.25625 -14.512501 -28.556252
56.48417760 16.25625 -14.512501 -28.556252
56.54403090 16.25625 -14.512501 -28.556252
56.60462970 16.25625 -14.212501 -28.312502
56.66510870 16.25625 -14.212501 -28.312502
56.72537780 16.25625 -14.212501 -28.312502
56.78555500 16.25625 -14.2875 -28.25625
56.84565940 16.25625 -14.2875 -28.25625
56.90597310 16.25625 -14.2875 -28.25625
56.96631900 16.143751 -14.400001 -28.087502
57.02616560 16.143751 -14.400001 -28.087502
57.09630030 16.143751 -14.400001 -28.087502
57.15592860 16.3875 -14.2875 -28.25625
57.21632030 16.3875 -14.2875 -28.25625
57.27654260 16.3875 -14.2875 -28.25625
57.33641370 16.44375 -14.043751 -27.956251
57.39617630 16.44375 -14.043751 -27.956251
57.45606410 16.44375 -14.043751 -27.956251
57.51625190 16.44375 -14.043751 -27.956251
57.57595970 16.5 -13.9125 -28.0125
57.63573870 16.5 -13.9125 -28.0125
57.69642880 16.5 -13.9125 -28.0125
57.75615240 16.44375 -14.156251 -28.087502
57.81606890 16.44375 -14.156251 -28.087502
57.88423190 16.44375 -14.156251 -28.087502
57.94395890 16.44375 -14.212501 -28.087502
58.00387620 16.44375 -14.212501 -28.087502
58.06398850 16.44375 -14.212501 -28.087502
58.12433040 16.612501 -14.45625 -28.25625
58.18396340 16.612501 -14.45625 -28.25625
58.24364950 16.612501 -14.45625 -28.25625
58.30359040 16.612501 -14.45625 -28.25625
58.36511230 16.612501 -14.343751 -28.25625
58.42529500 16.612501 -14.343751 -28.25625
58.48538470 16.612501 -14.343751 -28.25625
58.54508460 16.612501 -14.343751 -28.25625
58.60473770 16.6875 -14.2875 -28.312502
58.66460490 16.6875 -14.2875 -28.312502
58.72451880 16.6875 -14.2875 -28.312502
58.78430630 16.3875 -14.212501 -28.2
58.84441610 16.3875 -14.212501 -28.2
58.91183570 16.3875 -14.212501 -28.2
58.97170770 16.5 -14.2875 -28.556252
59.03218660 16.5 -14.2875 -28.556252
59.09246390 16.5 -14.2875 -28.556252
59.15237460 16.44375 -14.400001 -28.556252
59.21254160 16.44375 -14.400001 -28.556252
59.27261940 16.44375 -14.400001 -28.556252
59.33244020 16.44375 -14.400001 -28.556252
59.39250020 16.5 -14.2875 -28.312502
59.45233380 16.5 -14.2875 -28.312502
59.51202800 16.5 -14.2875 -28.312502
59.57203380 16.743752 -14.156251 -28.312502
59.63212100 16.743752 -14.156251 -28.312502
59.69239350 16.743752 -14.156251 -28.312502
59.75277240 17.456251 -10.856251 -28.25625
59.81295510 17.456251 -10.856251 -28.25625
59.87315420 17.456251 -10.856251 -28.25625
59.93273470 17.7 -6.9 -28.143751
59.99244890 17.7 -6.9 -28.143751
60.05241850 17.7 -6.9 -28.143751
60.11267370 17.7 -6.9 -28.143751
60.17284350 18. -2.8125 -27.900002
60.23287450 18. -2.8125 -27.900002
60.29335630 18. -2.8125 -27.900002
60.35320100 18.4125 1.0125 -27.6
60.41321400 18.4125 1.0125 -27.6
60.47317230 18.4125 1.0125 -27.6
60.53323560 18.4125 1.0125 -27.6
60.59343660 18.6 5.1000004 -27.300001
60.65373440 18.6 5.1000004 -27.300001
60.71350480 18.6 5.1000004 -27.300001
60.77374600 19.0125 9.243751 -27.000002
60.83347540 19.0125 9.243751 -27.000002
60.89345520 19.0125 9.243751 -27.000002
60.95339850 19.44375 13.500001 -27.000002
61.01398920 19.44375 13.500001 -27.000002
61.07372220 19.44375 13.500001 -27.000002
61.13322090 19.800001 17.5125 -26.7
61.19302460 19.800001 17.5125 -26.7
61.25279170 19.800001 17.5125 -26.7
61.31275600 19.800001 17.5125 -26.7
61.37274020 19.25625 18.4125 -26.7
61.43258670 19.25625 18.4125 -26.7
61.49288950 19.25625 18.4125 -26.7
61.55290380 19.3875 18.4125 -26.75625
61.61289370 19.3875 18.4125 -26.75625
61.67275020 19.3875 18.4125 -26.75625
61.73312380 19.3875 18.4125 -26.75625
61.79298130 19.3875 18.54375 -26.75625
61.85292360 19.3875 18.54375 -26.75625
61.91564550 19.3875 18.54375 -26.75625
61.97542100 19.612501 18.65625 -27.056252
62.03550890 19.612501 18.65625 -27.056252
62.09586040 19.612501 18.65625 -27.056252
62.15539500 19.612501 18.65625 -27.056252
62.21518820 19.3875 18.54375 -26.812502
62.27536100 19.3875 18.54375 -26.812502
62.33567450 19.3875 18.54375 -26.812502
62.39548880 19.5 18.487501 -27.000002
62.45570380 19.5 18.487501 -27.000002
62.51572430 19.5 18.487501 -27.000002
62.57559840 19.556252 18.300001 -26.75625
62.63521800 19.556252 18.300001 -26.75625
62.69473550 19.556252 18.300001 -26.75625
62.75456190 19.3875 18.487501 -27.056252
62.81513300 19.3875 18.487501 -27.056252
62.87485560 19.3875 18.487501 -27.056252
62.93530260 19.3875 18.487501 -27.056252
62.99561770 19.3875 18.487501 -26.94375
63.05577030 19.3875 18.487501 -26.94375
63.11564570 19.3875 18.487501 -26.94375
63.17579650 19.143751 18.6 -26.7
63.23594070 19.143751 18.6 -26.7
63.29606720 19.143751 18.6 -26.7
63.35640950 19.25625 18.54375 -26.812502
63.41665600 19.25625 18.54375 -26.812502
63.47653280 19.25625 18.54375 -26.812502
63.53640030 19.25625 18.7875 -26.5125
63.59695970 19.25625 18.7875 -26.5125
63.65766930 19.25625 18.7875 -26.5125
63.71775770 19.25625 18.7875 -26.5125
63.77789110 19.3875 18.956251 -26.7
63.83805850 19.3875 18.956251 -26.7
63.89809590 19.3875 18.956251 -26.7
63.95770020 19.3875 18.956251 -26.7
64.01832510 19.2 19.0125 -26.587502
64.07830020 19.2 19.0125 -26.587502
64.13825630 19.087502 18.956251 -26.75625
64.19797060 19.087502 18.956251 -26.75625
64.25808980 19.087502 18.956251 -26.75625
64.31806350 19.087502 18.956251 -26.75625
64.37794610 18.900002 18.956251 -26.5125
64.43764010 18.900002 18.956251 -26.5125
64.49779120 18.900002 18.956251 -26.5125
64.55772030 18.956251 19.0125 -26.456251
64.61811050 18.956251 19.0125 -26.456251
64.67994840 18.956251 19.0125 -26.456251
64.73964970 19.143751 18.956251 -26.456251
64.79925040 19.143751 18.956251 -26.456251
64.85877130 19.143751 18.956251 -26.456251
64.91896880 19.143751 18.956251 -26.456251
64.97891250 19.2 18.7875 -26.400002
65.03906050 19.2 18.7875 -26.400002
65.09901460 19.2 18.7875 -26.400002
65.15949960 19.087502 18.6 -26.5125
65.21954000 19.087502 18.6 -26.5125
65.27953720 19.087502 18.6 -26.5125
65.34030990 19.087502 18.6 -26.5125
65.40024050 18.956251 18.54375 -26.5125
65.46022770 18.956251 18.54375 -26.5125
65.52061550 18.956251 18.54375 -26.5125
65.58053180 18.956251 18.35625 -26.5125
65.64041890 18.956251 18.35625 -26.5125
65.70019900 18.956251 18.35625 -26.5125
65.76070970 19.087502 18.487501 -26.456251
65.82072680 19.087502 18.487501 -26.456251
65.88029000 19.087502 18.487501 -26.456251
65.93987990 19.087502 18.35625 -26.456251
66.00014840 19.087502 18.35625 -26.456251
66.05991010 19.087502 18.35625 -26.456251
66.11982780 19.087502 18.35625 -26.456251
66.17998590 18.900002 18.112501 -26.75625
66.23999000 18.900002 18.112501 -26.75625
66.30079430 18.900002 18.112501 -26.75625
66.36095970 18.900002 18.112501 -26.75625
66.42081050 19.0125 18.1875 -27.000002
66.48085540 19.0125 18.1875 -27.000002
66.54068420 18.84375 18.54375 -27.000002
66.60038530 18.84375 18.54375 -27.000002
66.66029060 18.84375 18.54375 -27.000002
66.72026650 18.84375 18.54375 -27.000002
66.78017430 18.7875 18.6 -26.94375
66.84000460 18.7875 18.6 -26.94375
66.89974470 18.7875 18.6 -26.94375
66.96032520 18.54375 18.6 -27.056252
67.02037630 18.54375 18.6 -27.056252
67.08011420 18.54375 18.6 -27.056252
67.14013490 18.54375 18.7875 -27.000002
67.20006940 18.54375 18.7875 -27.000002
67.26030900 18.54375 18.7875 -27.000002
67.31985320 18.54375 18.7875 -27.000002
67.37980220 18.4125 18.712502 -27.056252
67.44025170 18.4125 18.712502 -27.056252
67.50030660 18.4125 18.712502 -27.056252
67.56009860 18.6 18.7875 -27.35625
67.61979470 18.6 18.7875 -27.35625
67.67986950 18.6 18.7875 -27.35625
67.74006660 18.6 18.7875 -27.35625
67.80028570 18.65625 18.84375 -27.056252
67.86003810 18.65625 18.84375 -27.056252
67.92035690 18.65625 18.84375 -27.056252
67.98050460 18.7875 18.84375 -26.94375
68.04057600 18.7875 18.84375 -26.94375
68.15899270 18.65625 18.65625 -26.812502
68.21904410 18.65625 18.65625 -26.812502
68.27901200 18.65625 18.65625 -26.812502
68.33880420 18.65625 18.65625 -26.812502
68.39866030 18.65625 18.65625 -26.812502
68.45873110 18.65625 18.65625 -26.812502
68.51866190 18.65625 18.65625 -26.812502
68.57853350 19.0125 18.54375 -26.643751
68.63845580 19.0125 18.54375 -26.643751
68.69928110 19.0125 18.54375 -26.643751
68.75949650 19.087502 18.54375 -26.75625
68.81951820 19.087502 18.54375 -26.75625
68.88003270 19.087502 18.54375 -26.75625
68.94030690 19.087502 18.84375 -26.812502
69.00058050 19.087502 18.84375 -26.812502
69.06103680 19.087502 18.84375 -26.812502
69.12114060 19.087502 18.84375 -26.812502
69.18083740 18.900002 18.712502 -26.5125
69.24081230 18.900002 18.712502 -26.5125
69.30103410 18.900002 18.712502 -26.5125
69.36060000 18.900002 18.65625 -26.8875
69.42080120 18.900002 18.65625 -26.8875
69.48070060 18.900002 18.65625 -26.8875
69.54056080 18.900002 18.65625 -26.8875
69.60066600 18.7875 18.6 -27.112501
69.66062090 18.7875 18.6 -27.112501
69.72106440 18.7875 18.6 -27.112501
69.78138150 18.900002 18.6 -27.000002
69.84239420 18.900002 18.6 -27.000002
69.90349690 18.900002 18.6 -27.000002
69.96314610 19.143751 18.6 -27.112501
70.02281470 19.143751 18.6 -27.112501
70.08290470 19.143751 18.6 -27.112501
70.14327340 19.143751 18.6 -27.112501
70.20336550 19.143751 18.6 -27.243752
70.26362410 19.143751 18.6 -27.243752
70.32397090 19.143751 18.6 -27.243752
70.38450550 19.143751 18.487501 -27.112501
70.44448020 19.143751 18.487501 -27.112501
70.50421730 19.143751 18.487501 -27.112501
70.56376600 19.3875 18.300001 -27.243752
70.62374010 19.3875 18.300001 -27.243752
70.68361460 19.3875 18.300001 -27.243752
70.74377900 19.3875 18.300001 -27.243752
70.80391420 19.5 18.243752 -27.300001
70.86390340 19.5 18.243752 -27.300001
70.92400100 19.5 18.35625 -27.112501
70.98414410 19.5 18.35625 -27.112501
71.04404240 19.5 18.35625 -27.112501
71.10401140 19.5 18.35625 -27.112501
71.16390510 19.5 18.35625 -27.000002
71.22370400 19.5 18.35625 -27.000002
71.28366430 19.5 18.35625 -27.000002
71.34363580 20.212502 17.2875 -27.000002
71.40346360 20.212502 17.2875 -27.000002
71.46332330 20.212502 17.2875 -27.000002
71.52348360 20.212502 17.2875 -27.000002
71.58388530 20.8875 13.087501 -26.343752
71.64389210 20.8875 13.087501 -26.343752
71.70434650 20.8875 13.087501 -26.343752
71.76458210 17.8875 7.3125005 -25.800001
71.82523240 17.8875 7.3125005 -25.800001
71.88502600 17.8875 7.3125005 -25.800001
71.94500850 17.8875 7.3125005 -25.800001
72.00524650 14.75625 2.04375 -25.25625
72.06614140 14.75625 2.04375 -25.25625
72.12596750 14.75625 2.04375 -25.25625
72.18565630 11.64375 -3.05625 -24.54375
72.24616660 11.64375 -3.05625 -24.54375
72.30626380 11.64375 -3.05625 -24.54375
72.36600220 11.64375 -3.05625 -24.54375
72.42573440 8.512501 -8.45625 -23.94375
72.48620430 8.512501 -8.45625 -23.94375
72.54635410 8.512501 -8.45625 -23.94375
72.60638540 5.34375 -13.743751 -23.212502
72.66636540 5.34375 -13.743751 -23.212502
72.72657870 2.04375 -19.087502 -22.612501
72.78751960 2.04375 -19.087502 -22.612501
72.84751280 2.04375 -19.087502 -22.612501
72.90724940 2.04375 -19.087502 -22.612501
72.96703700 -1.6875001 -23.1 -22.143751
73.02744860 -1.6875001 -23.1 -22.143751
73.08781660 -1.6875001 -23.1 -22.143751
73.14794330 -5.8125 -24.243752 -22.087502
73.21533080 -5.8125 -24.243752 -22.087502
73.29406780 -5.8125 -24.243752 -22.087502
73.35407080 -5.9437504 -23.8875 -22.0125
73.41458300 -5.9437504 -23.8875 -22.0125
73.47456670 -5.9437504 -23.8875 -22.0125
73.53415200 -5.9437504 -23.8875 -22.0125
73.59429280 -5.7000003 -23.8875 -21.712502
73.65427650 -5.7000003 -23.8875 -21.712502
73.71430830 -5.7000003 -23.8875 -21.712502
73.77437720 -6.05625 -24.056252 -21.6
73.83456780 -6.05625 -24.056252 -21.6
73.89483370 -6.05625 -24.056252 -21.6
73.95445820 -6.1125 -23.587502 -21.6
74.01429970 -6.1125 -23.587502 -21.6
74.07450850 -6.1125 -23.587502 -21.6
74.13454150 -6.05625 -23.587502 -21.4125
74.19435060 -6.05625 -23.587502 -21.4125
74.25419770 -6.05625 -23.587502 -21.4125
74.31386580 -6.05625 -23.587502 -21.4125
74.37424110 -5.8875003 -23.400002 -21.1875
